1.034176589165282145e+01
1.266602473693425601e+01
8.593479713983121826e+00
1.488434347843123184e+01
9.706684619910241452e+00
1.215301555949299761e+01
9.373021315815206478e+00
1.599753570059363028e+01
1.040314189572019821e+01
1.386575534383213970e+01
1.445030398768713376e+01
7.898654169668588132e+00
5.170882945826410726e+00
1.436192209445157708e+01
1.105581278308273596e+01
1.363425735166143049e+01
9.373021315815206478e+00
1.286550196516137312e+01
1.431752655671925822e+01
7.136496464611084889e+00
1.339876023397903637e+01
1.236077446474206631e+01
1.773387063078969206e+01
1.286550196516137312e+01
1.070474469691662733e+01
5.753627391751591880e+00
1.436192209445157708e+01
4.068428945128219176e+00
1.344618962205996482e+01
1.204779266504070279e+01
1.575695754970980111e+01
8.519075891779829490e+00
6.482044814428574497e+00
1.286550196516137312e+01
1.344618962205996482e+01
9.373021315815206478e+00
1.058513485680245481e+01
9.166995688475081394e+00
7.312732791431452384e+00
1.117038385124011413e+01
1.700074635581867355e+01
1.117038385124011413e+01
1.479855404066383784e+01
1.311058116710494836e+01
1.002925341359354938e+01
9.965574970333758387e+00
1.335116235624909109e+01
9.965574970333758387e+00
1.058513485680245481e+01
1.178062436274634450e+01
7.225151993843566878e+00
1.427299292922216978e+01
1.281592373849173683e+01
1.046415791390898242e+01
1.372732503515539548e+01
1.427299292922216978e+01
1.513879513212096128e+01
1.088169461344923583e+01
8.812923024107547576e+00
9.901487006738307173e+00
1.296408962885714899e+01
1.479855404066383784e+01
1.475547227809780537e+01
1.296408962885714899e+01
1.453814859003845150e+01
1.281592373849173683e+01
1.178062436274634450e+01
1.462546558286290477e+01
1.139607097042601680e+01
6.675581178124545545e+00
1.281592373849173683e+01
1.534761596392107741e+01
1.028002345391383443e+01
1.296408962885714899e+01
1.183454054540639433e+01
7.653039857325811823e+00
1.368087033328175828e+01
1.344618962205996482e+01
1.167204486311898926e+01
1.105581278308273596e+01
1.501210842680413826e+01
1.607692842495848140e+01
1.377362305878664728e+01
1.479855404066383784e+01
1.099807968464679142e+01
1.246335526484300615e+01
1.335116235624909109e+01
1.563528038089343752e+01
1.094004191971426110e+01
1.599753570059363028e+01
1.256509862862843541e+01
1.009253008808064145e+01
1.286550196516137312e+01
1.204779266504070279e+01
1.015541250385961369e+01
1.591774699517169012e+01
1.199483507827737583e+01
1.099807968464679142e+01
