1.058513485680245481e+01
1.256509862862843541e+01
9.772050238058398008e+00
9.901487006738307173e+00
1.194164264288369282e+01
1.286550196516137312e+01
9.373021315815206478e+00
1.534761596392107741e+01
1.058513485680245481e+01
1.315904928495908166e+01
1.391159267660409604e+01
7.653039857325811823e+00
8.740387444736633427e+00
8.136857890256438353e+00
1.381976597885341995e+01
1.117038385124011413e+01
1.306193320280393344e+01
9.373021315815206478e+00
1.276615297284584649e+01
1.381976597885341995e+01
8.593479713983121826e+00
1.230916348999737586e+01
1.220528683538465842e+01
1.547155565579009817e+01
1.225733520300188317e+01
1.082303275961201905e+01
7.898654169668588132e+00
8.519075891779829490e+00
1.344618962205996482e+01
8.368283871884004910e+00
1.220528683538465842e+01
1.251433034574463399e+01
1.372732503515539548e+01
8.136857890256438353e+00
8.136857890256438353e+00
1.286550196516137312e+01
1.286550196516137312e+01
8.136857890256438353e+00
9.373021315815206478e+00
5.753627391751591880e+00
1.058513485680245481e+01
9.836981518731869656e+00
8.136857890256438353e+00
1.105581278308273596e+01
1.522266721510391640e+01
1.111324596323282954e+01
1.418350619798065715e+01
1.271618740744904485e+01
1.034176589165282145e+01
9.965574970333758387e+00
1.286550196516137312e+01
9.965574970333758387e+00
1.058513485680245481e+01
7.225151993843566878e+00
2.985410660720923204e+00
1.178062436274634450e+01
8.368283871884004910e+00
1.377362305878664728e+01
1.178062436274634450e+01
1.034176589165282145e+01
1.325545386523797831e+01
1.296408962885714899e+01
1.354055000514615159e+01
7.484820637019110379e+00
1.111324596323282954e+01
9.027033336764100468e+00
7.046725639945927711e+00
9.836981518731869656e+00
1.296408962885714899e+01
1.404820733880128181e+01
1.422831991532699902e+01
6.076507779746498805e+00
1.236077446474206631e+01
1.271618740744904485e+01
1.363425735166143049e+01
1.178062436274634450e+01
8.956231982162769611e+00
1.058513485680245481e+01
1.409345127989185542e+01
1.178062436274634450e+01
3.908820095223359381e+00
1.466892917224166482e+01
1.015541250385961369e+01
7.569397566060480642e+00
1.296408962885714899e+01
1.172646028567007725e+01
9.027033336764100468e+00
1.354055000514615159e+01
1.261566261010080048e+01
1.178062436274634450e+01
9.574614729634383536e+00
1.479855404066383784e+01
1.559451034962034477e+01
7.046725639945927711e+00
1.344618962205996482e+01
1.436192209445157708e+01
1.117038385124011413e+01
1.251433034574463399e+01
1.161737456321036532e+01
4.513516668382050234e+00
1.449429283826230197e+01
1.117038385124011413e+01
1.563528038089343752e+01
1.241217083805063837e+01
1.028002345391383443e+01
1.286550196516137312e+01
6.675581178124545545e+00
5.970821321441846408e+00
1.194164264288369282e+01
1.046415791390898242e+01
1.479855404066383784e+01
1.188821220645068522e+01
1.117038385124011413e+01
