1.058513485680245481e+01
1.266602473693425601e+01
9.166995688475081394e+00
1.413855043925722121e+01
9.901487006738307173e+00
1.215301555949299761e+01
9.373021315815206478e+00
1.583755632390385770e+01
1.052482020710848865e+01
1.368087033328175828e+01
1.422831991532699902e+01
4.222008245644752300e+00
8.136857890256438353e+00
6.955796338302048021e+00
1.418350619798065715e+01
1.117038385124011413e+01
1.344618962205996482e+01
9.373021315815206478e+00
1.281592373849173683e+01
1.395727947504383337e+01
8.136857890256438353e+00
1.281592373849173683e+01
1.230916348999737586e+01
1.666031874701878124e+01
1.261566261010080048e+01
1.076405121554611632e+01
6.863662517577697741e+00
7.312732791431452384e+00
1.381976597885341995e+01
6.770275002573075795e+00
1.215301555949299761e+01
1.291488987023529766e+01
1.449429283826230197e+01
8.136857890256438353e+00
7.817640190446718762e+00
1.286550196516137312e+01
1.315904928495908166e+01
5.641895835477562571e+00
9.373021315815206478e+00
1.058513485680245481e+01
9.373021315815206478e+00
8.136857890256438353e+00
1.117038385124011413e+01
1.607692842495848140e+01
1.117038385124011413e+01
1.445030398768713376e+01
1.306193320280393344e+01
1.021790793990058255e+01
9.965574970333758387e+00
1.315904928495908166e+01
9.965574970333758387e+00
1.058513485680245481e+01
5.970821321441846408e+00
1.178062436274634450e+01
7.978845608028653835e+00
1.395727947504383337e+01
1.220528683538465842e+01
1.046415791390898242e+01
1.368087033328175828e+01
1.391159267660409604e+01
1.466892917224166482e+01
5.753627391751591880e+00
1.099807968464679142e+01
8.740387444736633427e+00
1.002925341359354938e+01
1.296408962885714899e+01
1.445030398768713376e+01
1.445030398768713376e+01
1.266602473693425601e+01
1.276615297284584649e+01
1.413855043925722121e+01
1.188821220645068522e+01
8.136857890256438353e+00
1.070474469691662733e+01
1.436192209445157708e+01
1.210051848659980855e+01
1.501210842680413826e+01
1.040314189572019821e+01
1.296408962885714899e+01
5.753627391751591880e+00
1.167204486311898926e+01
8.291859587312051971e+00
1.368087033328175828e+01
1.320733953636073110e+01
1.167204486311898926e+01
1.046415791390898242e+01
1.488434347843123184e+01
1.587770228520368221e+01
1.358748446131948917e+01
4.787307364817191768e+00
1.466892917224166482e+01
1.105581278308273596e+01
1.241217083805063837e+01
1.286550196516137312e+01
1.513879513212096128e+01
1.094004191971426110e+01
1.583755632390385770e+01
1.251433034574463399e+01
1.009253008808064145e+01
1.296408962885714899e+01
4.513516668382050234e+00
1.194164264288369282e+01
1.046415791390898242e+01
1.555363345008750464e+01
1.194164264288369282e+01
1.105581278308273596e+01
