1.058513485680245481e+01
1.256509862862843541e+01
9.772050238058398008e+00
9.836981518731869656e+00
1.194164264288369282e+01
1.286550196516137312e+01
9.373021315815206478e+00
1.534761596392107741e+01
1.058513485680245481e+01
1.315904928495908166e+01
1.386575534383213970e+01
7.978845608028653835e+00
8.740387444736633427e+00
8.444016491289504600e+00
1.381976597885341995e+01
1.117038385124011413e+01
1.301310337505149661e+01
9.373021315815206478e+00
1.276615297284584649e+01
1.377362305878664728e+01
8.884866446580955923e+00
1.225733520300188317e+01
1.210051848659980855e+01
1.547155565579009817e+01
1.225733520300188317e+01
1.088169461344923583e+01
8.058239062071395509e+00
8.667244841319218907e+00
1.335116235624909109e+01
8.593479713983121826e+00
1.220528683538465842e+01
1.246335526484300615e+01
1.368087033328175828e+01
8.136857890256438353e+00
8.136857890256438353e+00
1.286550196516137312e+01
1.286550196516137312e+01
8.136857890256438353e+00
9.373021315815206478e+00
5.753627391751591880e+00
1.058513485680245481e+01
9.836981518731869656e+00
8.136857890256438353e+00
1.099807968464679142e+01
1.522266721510391640e+01
1.105581278308273596e+01
1.418350619798065715e+01
1.271618740744904485e+01
1.028002345391383443e+01
9.965574970333758387e+00
1.286550196516137312e+01
9.965574970333758387e+00
1.058513485680245481e+01
7.399277020331918919e+00
4.068428945128219176e+00
1.178062436274634450e+01
8.444016491289504600e+00
1.372732503515539548e+01
1.178062436274634450e+01
1.028002345391383443e+01
1.306193320280393344e+01
1.296408962885714899e+01
1.349345229721172146e+01
7.484820637019110379e+00
1.111324596323282954e+01
9.027033336764100468e+00
7.225151993843566878e+00
9.836981518731869656e+00
1.296408962885714899e+01
1.391159267660409604e+01
1.422831991532699902e+01
6.383076486422923246e+00
1.236077446474206631e+01
1.271618740744904485e+01
1.354055000514615159e+01
1.178062436274634450e+01
9.097283682934460103e+00
1.058513485680245481e+01
1.409345127989185542e+01
1.178062436274634450e+01
4.513516668382050234e+00
1.466892917224166482e+01
1.009253008808064145e+01
7.735777827895049086e+00
1.296408962885714899e+01
1.161737456321036532e+01
9.097283682934460103e+00
1.354055000514615159e+01
1.251433034574463399e+01
1.178062436274634450e+01
9.574614729634383536e+00
1.479855404066383784e+01
1.551264883747923129e+01
7.046725639945927711e+00
1.344618962205996482e+01
1.440618081907316395e+01
1.117038385124011413e+01
1.246335526484300615e+01
1.156244577056221523e+01
4.918490759365934828e+00
1.431752655671925822e+01
1.117038385124011413e+01
1.551264883747923129e+01
1.220528683538465842e+01
1.028002345391383443e+01
1.286550196516137312e+01
6.770275002573075795e+00
6.180387232371033157e+00
1.199483507827737583e+01
1.046415791390898242e+01
1.471226436021925466e+01
1.188821220645068522e+01
1.595769121605730811e+00
1.117038385124011413e+01
