1.058513485680245481e+01
1.256509862862843541e+01
9.440697438826296306e+00
9.965574970333758387e+00
1.204779266504070279e+01
1.296408962885714899e+01
9.373021315815206478e+00
1.534761596392107741e+01
1.058513485680245481e+01
1.315904928495908166e+01
1.400281721259029588e+01
7.225151993843566878e+00
8.740387444736633427e+00
7.978845608028653835e+00
1.391159267660409604e+01
1.117038385124011413e+01
1.306193320280393344e+01
9.373021315815206478e+00
1.276615297284584649e+01
1.386575534383213970e+01
8.444016491289504600e+00
1.236077446474206631e+01
1.220528683538465842e+01
1.563528038089343752e+01
1.230916348999737586e+01
1.076405121554611632e+01
8.291859587312051971e+00
7.653039857325811823e+00
1.354055000514615159e+01
8.136857890256438353e+00
1.215301555949299761e+01
1.261566261010080048e+01
1.400281721259029588e+01
8.136857890256438353e+00
8.136857890256438353e+00
1.296408962885714899e+01
1.296408962885714899e+01
7.817640190446718762e+00
9.373021315815206478e+00
4.787307364817191768e+00
1.058513485680245481e+01
9.772050238058398008e+00
8.136857890256438353e+00
1.117038385124011413e+01
1.543035303761632804e+01
1.117038385124011413e+01
1.427299292922216978e+01
1.281592373849173683e+01
1.034176589165282145e+01
1.002925341359354938e+01
1.286550196516137312e+01
9.965574970333758387e+00
1.058513485680245481e+01
7.225151993843566878e+00
1.178062436274634450e+01
8.136857890256438353e+00
1.377362305878664728e+01
1.178062436274634450e+01
1.046415791390898242e+01
1.349345229721172146e+01
1.320733953636073110e+01
1.363425735166143049e+01
7.312732791431452384e+00
1.105581278308273596e+01
8.812923024107547576e+00
6.579524642479540830e+00
9.836981518731869656e+00
1.296408962885714899e+01
1.413855043925722121e+01
1.422831991532699902e+01
1.236077446474206631e+01
5.753627391751591880e+00
1.276615297284584649e+01
1.368087033328175828e+01
1.178062436274634450e+01
8.740387444736633427e+00
1.058513485680245481e+01
1.409345127989185542e+01
1.178062436274634450e+01
1.471226436021925466e+01
1.040314189572019821e+01
7.312732791431452384e+00
1.296408962885714899e+01
1.172646028567007725e+01
8.884866446580955923e+00
1.358748446131948917e+01
1.266602473693425601e+01
1.178062436274634450e+01
9.772050238058398008e+00
1.479855404066383784e+01
1.559451034962034477e+01
6.955796338302048021e+00
1.339876023397903637e+01
1.445030398768713376e+01
1.117038385124011413e+01
1.251433034574463399e+01
1.178062436274634450e+01
2.763953195770683990e+00
1.471226436021925466e+01
1.117038385124011413e+01
1.571650316319191809e+01
1.251433034574463399e+01
1.021790793990058255e+01
1.291488987023529766e+01
6.383076486422923246e+00
5.292567428401227403e+00
1.194164264288369282e+01
1.046415791390898242e+01
1.484151074652385738e+01
1.194164264288369282e+01
1.117038385124011413e+01
