1.034176589165282145e+01
1.266602473693425601e+01
1.611647812414279102e+01
6.076507779746498805e+00
1.276615297284584649e+01
9.236181543108379799e+00
9.373021315815206478e+00
1.650676414605009157e+01
1.034176589165282145e+01
1.377362305878664728e+01
1.571650316319191809e+01
4.513516668382050234e+00
1.479855404066383784e+01
1.128379167095512514e+01
1.418350619798065715e+01
9.236181543108379799e+00
1.311058116710494836e+01
1.484151074652385738e+01
1.386575534383213970e+01
1.236077446474206631e+01
1.833399137695016279e+01
1.335116235624909109e+01
1.064510777218481152e+01
1.522266721510391640e+01
1.445030398768713376e+01
1.199483507827737583e+01
1.658371917462410394e+01
8.740387444736633427e+00
1.256509862862843541e+01
1.339876023397903637e+01
1.046415791390898242e+01
1.058513485680245481e+01
8.136857890256438353e+00
1.833399137695016279e+01
1.117038385124011413e+01
1.105581278308273596e+01
1.538904010394216471e+01
1.315904928495908166e+01
9.373021315815206478e+00
1.413855043925722121e+01
9.965574970333758387e+00
9.965574970333758387e+00
1.034176589165282145e+01
1.178062436274634450e+01
1.436192209445157708e+01
1.301310337505149661e+01
1.040314189572019821e+01
1.395727947504383337e+01
1.427299292922216978e+01
1.579730833933717626e+01
1.070474469691662733e+01
9.236181543108379799e+00
8.884866446580955923e+00
1.296408962885714899e+01
1.583755632390385770e+01
1.538904010394216471e+01
1.306193320280393344e+01
1.479855404066383784e+01
1.286550196516137312e+01
1.134007028277388685e+01
1.479855404066383784e+01
1.139607097042601680e+01
1.325545386523797831e+01
1.543035303761632804e+01
9.706684619910241452e+00
1.286550196516137312e+01
1.296408962885714899e+01
1.377362305878664728e+01
1.427299292922216978e+01
1.178062436274634450e+01
1.064510777218481152e+01
1.484151074652385738e+01
1.635176762293251684e+01
1.431752655671925822e+01
1.488434347843123184e+01
1.094004191971426110e+01
1.251433034574463399e+01
1.354055000514615159e+01
1.583755632390385770e+01
1.070474469691662733e+01
1.603728119216292924e+01
1.271618740744904485e+01
9.836981518731869656e+00
1.286550196516137312e+01
1.210051848659980855e+01
1.009253008808064145e+01
1.599753570059363028e+01
1.199483507827737583e+01
1.105581278308273596e+01
