1.034176589165282145e+01
1.276615297284584649e+01
7.898654169668588132e+00
1.583755632390385770e+01
1.266602473693425601e+01
9.373021315815206478e+00
9.373021315815206478e+00
1.603728119216292924e+01
1.046415791390898242e+01
1.386575534383213970e+01
1.496964127403822076e+01
7.136496464611084889e+00
1.453814859003845150e+01
1.099807968464679142e+01
1.409345127989185542e+01
9.236181543108379799e+00
1.286550196516137312e+01
1.466892917224166482e+01
6.383076486422923246e+00
1.377362305878664728e+01
1.236077446474206631e+01
1.798340469329240676e+01
1.311058116710494836e+01
1.070474469691662733e+01
1.458187244392064308e+01
1.427299292922216978e+01
1.199483507827737583e+01
1.619528777809902209e+01
9.097283682934460103e+00
4.222008245644752300e+00
1.266602473693425601e+01
1.344618962205996482e+01
9.507891862878782518e+00
1.058513485680245481e+01
8.812923024107547576e+00
6.863662517577697741e+00
1.117038385124011413e+01
1.751715531361111644e+01
1.117038385124011413e+01
1.509668435477122017e+01
1.315904928495908166e+01
9.965574970333758387e+00
9.965574970333758387e+00
1.358748446131948917e+01
9.965574970333758387e+00
1.058513485680245481e+01
1.178062436274634450e+01
1.427299292922216978e+01
6.383076486422923246e+00
1.301310337505149661e+01
1.046415791390898242e+01
1.391159267660409604e+01
1.427299292922216978e+01
1.534761596392107741e+01
1.082303275961201905e+01
8.884866446580955923e+00
9.574614729634383536e+00
1.296408962885714899e+01
1.501210842680413826e+01
1.492705330360461602e+01
1.306193320280393344e+01
1.466892917224166482e+01
1.286550196516137312e+01
1.178062436274634450e+01
1.475547227809780537e+01
1.139607097042601680e+01
5.170882945826410726e+00
1.296408962885714899e+01
1.547155565579009817e+01
9.836981518731869656e+00
1.296408962885714899e+01
1.210051848659980855e+01
6.383076486422923246e+00
1.372732503515539548e+01
1.377362305878664728e+01
1.167204486311898926e+01
1.076405121554611632e+01
1.488434347843123184e+01
1.611647812414279102e+01
1.391159267660409604e+01
1.484151074652385738e+01
4.068428945128219176e+00
1.094004191971426110e+01
1.251433034574463399e+01
1.344618962205996482e+01
1.575695754970980111e+01
1.088169461344923583e+01
1.599753570059363028e+01
1.266602473693425601e+01
1.002925341359354938e+01
1.286550196516137312e+01
1.210051848659980855e+01
1.009253008808064145e+01
1.599753570059363028e+01
1.215301555949299761e+01
1.094004191971426110e+01
