1.058513485680245481e+01
1.256509862862843541e+01
9.836981518731869656e+00
9.836981518731869656e+00
1.194164264288369282e+01
1.276615297284584649e+01
9.640875829802336483e+00
1.530607971465162365e+01
1.058513485680245481e+01
1.306193320280393344e+01
1.386575534383213970e+01
8.136857890256438353e+00
8.740387444736633427e+00
8.444016491289504600e+00
1.381976597885341995e+01
1.117038385124011413e+01
1.291488987023529766e+01
9.373021315815206478e+00
1.261566261010080048e+01
1.377362305878664728e+01
9.027033336764100468e+00
1.225733520300188317e+01
1.210051848659980855e+01
1.534761596392107741e+01
1.220528683538465842e+01
1.094004191971426110e+01
8.136857890256438353e+00
8.740387444736633427e+00
1.335116235624909109e+01
8.956231982162769611e+00
1.215301555949299761e+01
1.230916348999737586e+01
1.358748446131948917e+01
8.136857890256438353e+00
8.136857890256438353e+00
1.286550196516137312e+01
1.276615297284584649e+01
8.136857890256438353e+00
9.373021315815206478e+00
6.482044814428574497e+00
1.058513485680245481e+01
9.901487006738307173e+00
8.136857890256438353e+00
1.076405121554611632e+01
1.505445578434700415e+01
1.099807968464679142e+01
1.418350619798065715e+01
1.271618740744904485e+01
1.028002345391383443e+01
9.965574970333758387e+00
1.286550196516137312e+01
9.965574970333758387e+00
1.058513485680245481e+01
7.653039857325811823e+00
5.170882945826410726e+00
1.178062436274634450e+01
8.740387444736633427e+00
1.363425735166143049e+01
1.178062436274634450e+01
1.009253008808064145e+01
1.286550196516137312e+01
1.296408962885714899e+01
1.325545386523797831e+01
7.817640190446718762e+00
1.111324596323282954e+01
9.027033336764100468e+00
7.569397566060480642e+00
9.836981518731869656e+00
1.296408962885714899e+01
1.386575534383213970e+01
1.418350619798065715e+01
6.955796338302048021e+00
1.236077446474206631e+01
1.271618740744904485e+01
1.335116235624909109e+01
1.161737456321036532e+01
9.097283682934460103e+00
1.058513485680245481e+01
1.404820733880128181e+01
1.178062436274634450e+01
5.411516379806009525e+00
1.458187244392064308e+01
1.009253008808064145e+01
7.817640190446718762e+00
1.296408962885714899e+01
1.117038385124011413e+01
9.097283682934460103e+00
1.354055000514615159e+01
1.236077446474206631e+01
1.178062436274634450e+01
9.507891862878782518e+00
1.462546558286290477e+01
3.568248232305542444e+00
1.522266721510391640e+01
7.046725639945927711e+00
1.330339418036568588e+01
1.391159267660409604e+01
1.117038385124011413e+01
1.241217083805063837e+01
1.134007028277388685e+01
5.753627391751591880e+00
2.763953195770683990e+00
1.431752655671925822e+01
1.117038385124011413e+01
1.538904010394216471e+01
1.161737456321036532e+01
1.021790793990058255e+01
1.276615297284584649e+01
7.046725639945927711e+00
6.770275002573075795e+00
1.194164264288369282e+01
1.046415791390898242e+01
1.462546558286290477e+01
4.652426491681278087e+00
1.194164264288369282e+01
1.117038385124011413e+01
