6.383076486422923246e+00
5.411516379806009525e+00
6.383076486422923246e+00
9.640875829802336483e+00
7.569397566060480642e+00
8.368283871884004910e+00
6.383076486422923246e+00
8.136857890256438353e+00
8.058239062071395509e+00
1.015541250385961369e+01
9.373021315815206478e+00
1.595769121605730811e+00
1.040314189572019821e+01
6.770275002573075795e+00
7.569397566060480642e+00
9.965574970333758387e+00
8.740387444736633427e+00
4.652426491681278087e+00
7.312732791431452384e+00
3.908820095223359381e+00
1.021790793990058255e+01
6.180387232371033157e+00
7.225151993843566878e+00
7.569397566060480642e+00
7.978845608028653835e+00
6.383076486422923246e+00
8.593479713983121826e+00
7.653039857325811823e+00
8.136857890256438353e+00
7.898654169668588132e+00
4.513516668382050234e+00
6.955796338302048021e+00
1.040314189572019821e+01
8.291859587312051971e+00
6.383076486422923246e+00
7.898654169668588132e+00
7.569397566060480642e+00
8.058239062071395509e+00
5.753627391751591880e+00
3.908820095223359381e+00
4.222008245644752300e+00
7.653039857325811823e+00
1.070474469691662733e+01
6.770275002573075795e+00
1.046415791390898242e+01
8.444016491289504600e+00
6.482044814428574497e+00
4.652426491681278087e+00
5.753627391751591880e+00
9.304852983362556174e+00
9.965574970333758387e+00
8.740387444736633427e+00
1.099807968464679142e+01
6.383076486422923246e+00
8.740387444736633427e+00
4.370193722368316713e+00
8.136857890256438353e+00
7.569397566060480642e+00
8.136857890256438353e+00
6.383076486422923246e+00
6.482044814428574497e+00
8.136857890256438353e+00
9.236181543108379799e+00
3.385137501286537898e+00
9.166995688475081394e+00
7.312732791431452384e+00
5.641895835477562571e+00
6.383076486422923246e+00
3.908820095223359381e+00
9.304852983362556174e+00
9.640875829802336483e+00
7.898654169668588132e+00
9.373021315815206478e+00
8.740387444736633427e+00
8.884866446580955923e+00
8.593479713983121826e+00
9.373021315815206478e+00
7.046725639945927711e+00
6.482044814428574497e+00
6.076507779746498805e+00
6.383076486422923246e+00
5.046265044040320724e+00
9.836981518731869656e+00
8.136857890256438353e+00
6.383076486422923246e+00
8.884866446580955923e+00
6.675581178124545545e+00
9.706684619910241452e+00
6.770275002573075795e+00
8.740387444736633427e+00
7.569397566060480642e+00
8.136857890256438353e+00
4.787307364817191768e+00
9.373021315815206478e+00
1.215301555949299761e+01
8.740387444736633427e+00
1.070474469691662733e+01
7.569397566060480642e+00
8.740387444736633427e+00
6.076507779746498805e+00
7.569397566060480642e+00
8.812923024107547576e+00
1.094004191971426110e+01
8.136857890256438353e+00
7.898654169668588132e+00
9.373021315815206478e+00
7.569397566060480642e+00
6.955796338302048021e+00
7.978845608028653835e+00
5.527906391541367981e+00
5.863230142835038627e+00
6.383076486422923246e+00
5.411516379806009525e+00
3.742410318509555189e+00
6.955796338302048021e+00
8.740387444736633427e+00
1.015541250385961369e+01
7.569397566060480642e+00
9.574614729634383536e+00
9.236181543108379799e+00
4.918490759365934828e+00
9.027033336764100468e+00
9.027033336764100468e+00
9.304852983362556174e+00
8.593479713983121826e+00
7.569397566060480642e+00
6.955796338302048021e+00
7.569397566060480642e+00
8.136857890256438353e+00
7.569397566060480642e+00
5.292567428401227403e+00
6.383076486422923246e+00
6.383076486422923246e+00
7.225151993843566878e+00
5.170882945826410726e+00
6.076507779746498805e+00
5.970821321441846408e+00
6.383076486422923246e+00
7.569397566060480642e+00
6.955796338302048021e+00
6.955796338302048021e+00
7.399277020331918919e+00
9.304852983362556174e+00
1.076405121554611632e+01
6.482044814428574497e+00
7.225151993843566878e+00
7.653039857325811823e+00
9.373021315815206478e+00
1.009253008808064145e+01
6.579524642479540830e+00
8.136857890256438353e+00
1.058513485680245481e+01
9.574614729634383536e+00
5.170882945826410726e+00
6.383076486422923246e+00
8.291859587312051971e+00
5.527906391541367981e+00
2.523132522020160362e+00
8.740387444736633427e+00
5.170882945826410726e+00
6.383076486422923246e+00
9.373021315815206478e+00
7.898654169668588132e+00
3.385137501286537898e+00
6.383076486422923246e+00
4.652426491681278087e+00
8.740387444736633427e+00
7.569397566060480642e+00
8.956231982162769611e+00
7.569397566060480642e+00
9.373021315815206478e+00
7.569397566060480642e+00
8.444016491289504600e+00
1.046415791390898242e+01
5.292567428401227403e+00
8.058239062071395509e+00
1.034176589165282145e+01
5.970821321441846408e+00
9.640875829802336483e+00
8.740387444736633427e+00
5.170882945826410726e+00
6.955796338302048021e+00
5.753627391751591880e+00
6.955796338302048021e+00
1.064510777218481152e+01
6.383076486422923246e+00
1.021790793990058255e+01
5.641895835477562571e+00
5.970821321441846408e+00
8.593479713983121826e+00
8.214724333230154940e+00
5.970821321441846408e+00
8.812923024107547576e+00
1.021790793990058255e+01
2.763953195770683990e+00
7.569397566060480642e+00
1.046415791390898242e+01
6.955796338302048021e+00
1.052482020710848865e+01
8.136857890256438353e+00
1.094004191971426110e+01
3.191538243211461623e+00
9.772050238058398008e+00
9.507891862878782518e+00
5.753627391751591880e+00
3.191538243211461623e+00
8.291859587312051971e+00
9.901487006738307173e+00
6.770275002573075795e+00
7.399277020331918919e+00
7.136496464611084889e+00
7.312732791431452384e+00
6.383076486422923246e+00
1.150725478350318376e+01
6.383076486422923246e+00
3.742410318509555189e+00
6.383076486422923246e+00
6.482044814428574497e+00
8.667244841319218907e+00
8.593479713983121826e+00
9.507891862878782518e+00
1.040314189572019821e+01
1.088169461344923583e+01
6.955796338302048021e+00
8.291859587312051971e+00
8.136857890256438353e+00
6.383076486422923246e+00
7.569397566060480642e+00
1.002925341359354938e+01
4.513516668382050234e+00
8.884866446580955923e+00
3.908820095223359381e+00
5.411516379806009525e+00
7.569397566060480642e+00
9.574614729634383536e+00
6.955796338302048021e+00
2.256758334191025117e+00
9.236181543108379799e+00
6.383076486422923246e+00
7.569397566060480642e+00
6.383076486422923246e+00
6.383076486422923246e+00
7.569397566060480642e+00
8.058239062071395509e+00
