1.034176589165282145e+01
1.276615297284584649e+01
8.136857890256438353e+00
1.534761596392107741e+01
1.251433034574463399e+01
9.507891862878782518e+00
9.373021315815206478e+00
1.603728119216292924e+01
1.046415791390898242e+01
1.386575534383213970e+01
1.466892917224166482e+01
7.225151993843566878e+00
1.445030398768713376e+01
1.105581278308273596e+01
1.386575534383213970e+01
9.236181543108379799e+00
1.286550196516137312e+01
1.449429283826230197e+01
6.383076486422923246e+00
1.363425735166143049e+01
1.236077446474206631e+01
1.791246396432553922e+01
1.291488987023529766e+01
1.070474469691662733e+01
1.449429283826230197e+01
3.191538243211461623e+00
1.409345127989185542e+01
1.199483507827737583e+01
1.611647812414279102e+01
9.097283682934460103e+00
5.170882945826410726e+00
1.276615297284584649e+01
1.344618962205996482e+01
9.507891862878782518e+00
1.058513485680245481e+01
8.956231982162769611e+00
6.863662517577697741e+00
1.117038385124011413e+01
1.733448968263843781e+01
1.117038385124011413e+01
1.505445578434700415e+01
1.315904928495908166e+01
9.965574970333758387e+00
9.965574970333758387e+00
1.354055000514615159e+01
9.965574970333758387e+00
1.058513485680245481e+01
1.178062436274634450e+01
1.427299292922216978e+01
6.770275002573075795e+00
1.301310337505149661e+01
1.046415791390898242e+01
1.386575534383213970e+01
1.427299292922216978e+01
1.534761596392107741e+01
1.082303275961201905e+01
8.956231982162769611e+00
9.772050238058398008e+00
1.296408962885714899e+01
1.492705330360461602e+01
1.484151074652385738e+01
1.306193320280393344e+01
1.462546558286290477e+01
1.286550196516137312e+01
1.178062436274634450e+01
1.466892917224166482e+01
1.139607097042601680e+01
5.641895835477562571e+00
1.296408962885714899e+01
1.538904010394216471e+01
9.836981518731869656e+00
1.296408962885714899e+01
1.204779266504070279e+01
6.675581178124545545e+00
1.368087033328175828e+01
1.372732503515539548e+01
1.167204486311898926e+01
1.094004191971426110e+01
1.488434347843123184e+01
1.611647812414279102e+01
1.381976597885341995e+01
1.479855404066383784e+01
4.918490759365934828e+00
1.094004191971426110e+01
1.246335526484300615e+01
1.339876023397903637e+01
1.575695754970980111e+01
1.088169461344923583e+01
1.599753570059363028e+01
1.261566261010080048e+01
1.002925341359354938e+01
1.286550196516137312e+01
1.210051848659980855e+01
1.009253008808064145e+01
1.595769121605730767e+01
1.210051848659980855e+01
1.094004191971426110e+01
