1.246335526484300615e+01
9.507891862878782518e+00
9.640875829802336483e+00
5.292567428401227403e+00
8.740387444736633427e+00
1.178062436274634450e+01
9.772050238058398008e+00
9.772050238058398008e+00
1.230916348999737586e+01
1.002925341359354938e+01
1.094004191971426110e+01
8.884866446580955923e+00
1.286550196516137312e+01
6.863662517577697741e+00
5.753627391751591880e+00
6.863662517577697741e+00
7.978845608028653835e+00
8.740387444736633427e+00
8.593479713983121826e+00
6.863662517577697741e+00
6.955796338302048021e+00
1.256509862862843541e+01
1.002925341359354938e+01
7.399277020331918919e+00
5.046265044040320724e+00
1.105581278308273596e+01
9.027033336764100468e+00
1.188821220645068522e+01
9.027033336764100468e+00
3.568248232305542444e+00
1.215301555949299761e+01
4.652426491681278087e+00
1.117038385124011413e+01
2.256758334191025117e+00
1.128379167095512514e+01
1.094004191971426110e+01
1.315904928495908166e+01
1.034176589165282145e+01
7.225151993843566878e+00
8.740387444736633427e+00
5.863230142835038627e+00
9.027033336764100468e+00
1.194164264288369282e+01
9.507891862878782518e+00
6.383076486422923246e+00
1.178062436274634450e+01
1.117038385124011413e+01
8.368283871884004910e+00
1.167204486311898926e+01
8.740387444736633427e+00
1.194164264288369282e+01
1.178062436274634450e+01
9.097283682934460103e+00
1.128379167095512559e+00
9.640875829802336483e+00
8.136857890256438353e+00
1.040314189572019821e+01
9.965574970333758387e+00
7.312732791431452384e+00
1.595769121605730811e+00
8.740387444736633427e+00
7.484820637019110379e+00
1.058513485680245481e+01
1.046415791390898242e+01
1.372732503515539548e+01
1.225733520300188317e+01
1.009253008808064145e+01
7.735777827895049086e+00
8.956231982162769611e+00
9.965574970333758387e+00
1.210051848659980855e+01
9.836981518731869656e+00
7.653039857325811823e+00
9.836981518731869656e+00
7.484820637019110379e+00
4.513516668382050234e+00
8.136857890256438353e+00
1.178062436274634450e+01
8.740387444736633427e+00
1.117038385124011413e+01
1.266602473693425601e+01
9.965574970333758387e+00
1.150725478350318376e+01
1.167204486311898926e+01
1.117038385124011413e+01
9.027033336764100468e+00
6.383076486422923246e+00
9.772050238058398008e+00
6.282549314314217703e+00
8.519075891779829490e+00
2.523132522020160362e+00
8.593479713983121826e+00
7.484820637019110379e+00
6.579524642479540830e+00
9.965574970333758387e+00
1.296408962885714899e+01
8.740387444736633427e+00
1.306193320280393344e+01
6.863662517577697741e+00
1.188821220645068522e+01
1.028002345391383443e+01
1.150725478350318376e+01
1.241217083805063837e+01
1.070474469691662733e+01
9.027033336764100468e+00
1.058513485680245481e+01
1.210051848659980855e+01
8.136857890256438353e+00
1.122723095552866468e+01
8.136857890256438353e+00
1.210051848659980855e+01
6.863662517577697741e+00
9.373021315815206478e+00
6.770275002573075795e+00
1.301310337505149661e+01
9.304852983362556174e+00
1.225733520300188317e+01
9.373021315815206478e+00
9.706684619910241452e+00
3.568248232305542444e+00
3.908820095223359381e+00
1.296408962885714899e+01
1.178062436274634450e+01
1.094004191971426110e+01
8.740387444736633427e+00
8.136857890256438353e+00
1.271618740744904485e+01
1.363425735166143049e+01
7.312732791431452384e+00
1.215301555949299761e+01
5.753627391751591880e+00
6.863662517577697741e+00
1.246335526484300615e+01
1.058513485680245481e+01
1.199483507827737583e+01
7.978845608028653835e+00
1.058513485680245481e+01
7.653039857325811823e+00
6.863662517577697741e+00
6.770275002573075795e+00
1.296408962885714899e+01
1.058513485680245481e+01
1.344618962205996482e+01
9.965574970333758387e+00
2.256758334191025117e+00
9.507891862878782518e+00
1.236077446474206631e+01
8.136857890256438353e+00
8.136857890256438353e+00
7.978845608028653835e+00
1.058513485680245481e+01
1.034176589165282145e+01
7.569397566060480642e+00
1.296408962885714899e+01
4.918490759365934828e+00
1.040314189572019821e+01
5.970821321441846408e+00
1.088169461344923583e+01
7.399277020331918919e+00
5.641895835477562571e+00
