1.070474469691662733e+01
1.256509862862843541e+01
9.965574970333758387e+00
9.027033336764100468e+00
1.134007028277388685e+01
1.178062436274634450e+01
9.772050238058398008e+00
1.349345229721172146e+01
1.058513485680245481e+01
1.167204486311898926e+01
8.740387444736633427e+00
1.354055000514615159e+01
5.970821321441846408e+00
3.568248232305542444e+00
6.579524642479540830e+00
8.740387444736633427e+00
8.884866446580955923e+00
4.513516668382050234e+00
1.358748446131948917e+01
1.058513485680245481e+01
5.753627391751591880e+00
6.180387232371033157e+00
1.210051848659980855e+01
9.640875829802336483e+00
1.236077446474206631e+01
1.320733953636073110e+01
8.884866446580955923e+00
1.156244577056221523e+01
1.204779266504070279e+01
1.422831991532699902e+01
1.111324596323282954e+01
1.178062436274634450e+01
5.527906391541367981e+00
8.667244841319218907e+00
8.884866446580955923e+00
1.291488987023529766e+01
9.373021315815206478e+00
1.178062436274634450e+01
1.194164264288369282e+01
8.740387444736633427e+00
1.236077446474206631e+01
8.136857890256438353e+00
1.271618740744904485e+01
1.225733520300188317e+01
8.740387444736633427e+00
9.640875829802336483e+00
8.136857890256438353e+00
1.058513485680245481e+01
9.965574970333758387e+00
8.740387444736633427e+00
5.046265044040320724e+00
1.058513485680245481e+01
6.076507779746498805e+00
1.058513485680245481e+01
1.413855043925722121e+01
1.296408962885714899e+01
1.105581278308273596e+01
6.579524642479540830e+00
9.440697438826296306e+00
9.965574970333758387e+00
1.261566261010080048e+01
9.965574970333758387e+00
1.028002345391383443e+01
8.136857890256438353e+00
6.076507779746498805e+00
7.312732791431452384e+00
1.178062436274634450e+01
8.740387444736633427e+00
1.178062436274634450e+01
1.306193320280393344e+01
9.965574970333758387e+00
1.241217083805063837e+01
1.225733520300188317e+01
1.230916348999737586e+01
8.740387444736633427e+00
1.111324596323282954e+01
8.740387444736633427e+00
8.136857890256438353e+00
6.579524642479540830e+00
9.965574970333758387e+00
1.296408962885714899e+01
8.291859587312051971e+00
1.363425735166143049e+01
1.325545386523797831e+01
1.188821220645068522e+01
3.191538243211461623e+00
1.204779266504070279e+01
1.296408962885714899e+01
1.117038385124011413e+01
9.027033336764100468e+00
1.058513485680245481e+01
1.256509862862843541e+01
7.817640190446718762e+00
1.145179781116143225e+01
6.863662517577697741e+00
1.271618740744904485e+01
4.787307364817191768e+00
9.640875829802336483e+00
1.368087033328175828e+01
5.292567428401227403e+00
8.740387444736633427e+00
1.261566261010080048e+01
9.373021315815206478e+00
9.965574970333758387e+00
1.306193320280393344e+01
1.178062436274634450e+01
1.156244577056221523e+01
9.373021315815206478e+00
7.569397566060480642e+00
1.386575534383213970e+01
1.440618081907316395e+01
7.312732791431452384e+00
1.286550196516137312e+01
1.315904928495908166e+01
4.068428945128219176e+00
1.082303275961201905e+01
1.220528683538465842e+01
7.484820637019110379e+00
1.058513485680245481e+01
7.312732791431452384e+00
1.363425735166143049e+01
1.105581278308273596e+01
1.471226436021925466e+01
1.070474469691662733e+01
9.772050238058398008e+00
1.236077446474206631e+01
7.978845608028653835e+00
7.898654169668588132e+00
6.955796338302048021e+00
1.088169461344923583e+01
1.058513485680245481e+01
7.484820637019110379e+00
1.386575534383213970e+01
1.070474469691662733e+01
1.117038385124011413e+01
5.753627391751591880e+00
