1.058513485680245481e+01
1.256509862862843541e+01
9.965574970333758387e+00
9.836981518731869656e+00
1.188821220645068522e+01
1.230916348999737586e+01
9.706684619910241452e+00
1.436192209445157708e+01
1.058513485680245481e+01
1.266602473693425601e+01
8.740387444736633427e+00
1.354055000514615159e+01
9.027033336764100468e+00
5.046265044040320724e+00
8.740387444736633427e+00
1.368087033328175828e+01
1.094004191971426110e+01
4.918490759365934828e+00
1.236077446474206631e+01
9.640875829802336483e+00
1.266602473693425601e+01
1.372732503515539548e+01
9.236181543108379799e+00
1.215301555949299761e+01
1.215301555949299761e+01
1.484151074652385738e+01
1.204779266504070279e+01
1.099807968464679142e+01
8.291859587312051971e+00
8.740387444736633427e+00
1.315904928495908166e+01
9.304852983362556174e+00
1.215301555949299761e+01
1.210051848659980855e+01
1.315904928495908166e+01
8.291859587312051971e+00
8.136857890256438353e+00
1.276615297284584649e+01
1.256509862862843541e+01
8.519075891779829490e+00
9.373021315815206478e+00
7.312732791431452384e+00
1.058513485680245481e+01
9.965574970333758387e+00
8.593479713983121826e+00
1.058513485680245481e+01
1.058513485680245481e+01
1.449429283826230197e+01
1.391159267660409604e+01
1.172646028567007725e+01
5.170882945826410726e+00
9.965574970333758387e+00
9.965574970333758387e+00
1.271618740744904485e+01
9.965574970333758387e+00
1.070474469691662733e+01
8.136857890256438353e+00
3.385137501286537898e+00
6.579524642479540830e+00
1.178062436274634450e+01
8.740387444736633427e+00
1.178062436274634450e+01
1.320733953636073110e+01
1.002925341359354938e+01
1.266602473693425601e+01
1.271618740744904485e+01
1.266602473693425601e+01
8.444016491289504600e+00
1.111324596323282954e+01
8.740387444736633427e+00
7.898654169668588132e+00
5.527906391541367981e+00
9.901487006738307173e+00
1.296408962885714899e+01
1.377362305878664728e+01
1.386575534383213970e+01
7.484820637019110379e+00
1.210051848659980855e+01
1.230916348999737586e+01
1.330339418036568588e+01
1.117038385124011413e+01
9.373021315815206478e+00
1.058513485680245481e+01
1.306193320280393344e+01
6.863662517577697741e+00
1.167204486311898926e+01
4.222008245644752300e+00
9.836981518731869656e+00
1.440618081907316395e+01
8.593479713983121826e+00
1.296408962885714899e+01
1.064510777218481152e+01
9.373021315815206478e+00
1.335116235624909109e+01
1.204779266504070279e+01
1.178062436274634450e+01
9.640875829802336483e+00
6.579524642479540830e+00
1.422831991532699902e+01
1.475547227809780537e+01
7.653039857325811823e+00
1.296408962885714899e+01
1.354055000514615159e+01
1.099807968464679142e+01
1.236077446474206631e+01
6.955796338302048021e+00
1.094004191971426110e+01
5.753627391751591880e+00
1.413855043925722121e+01
1.117038385124011413e+01
1.509668435477122017e+01
1.088169461344923583e+01
1.034176589165282145e+01
1.256509862862843541e+01
7.399277020331918919e+00
7.484820637019110379e+00
5.753627391751591880e+00
1.167204486311898926e+01
1.058513485680245481e+01
6.863662517577697741e+00
1.427299292922216978e+01
1.105581278308273596e+01
1.117038385124011413e+01
