1.058513485680245481e+01
1.266602473693425601e+01
9.027033336764100468e+00
1.453814859003845150e+01
9.836981518731869656e+00
1.215301555949299761e+01
9.373021315815206478e+00
1.583755632390385770e+01
1.052482020710848865e+01
1.381976597885341995e+01
1.422831991532699902e+01
8.136857890256438353e+00
6.863662517577697741e+00
1.418350619798065715e+01
1.117038385124011413e+01
1.354055000514615159e+01
9.373021315815206478e+00
1.281592373849173683e+01
1.395727947504383337e+01
8.136857890256438353e+00
1.281592373849173683e+01
1.236077446474206631e+01
1.685029431422315938e+01
1.271618740744904485e+01
1.076405121554611632e+01
6.863662517577697741e+00
6.282549314314217703e+00
1.386575534383213970e+01
6.180387232371033157e+00
1.215301555949299761e+01
1.306193320280393344e+01
1.496964127403822076e+01
8.136857890256438353e+00
7.225151993843566878e+00
1.286550196516137312e+01
1.315904928495908166e+01
4.652426491681278087e+00
9.373021315815206478e+00
1.058513485680245481e+01
9.373021315815206478e+00
7.978845608028653835e+00
1.117038385124011413e+01
1.611647812414279102e+01
1.117038385124011413e+01
1.453814859003845150e+01
1.306193320280393344e+01
1.015541250385961369e+01
9.965574970333758387e+00
1.320733953636073110e+01
9.965574970333758387e+00
1.058513485680245481e+01
5.753627391751591880e+00
1.178062436274634450e+01
7.817640190446718762e+00
1.409345127989185542e+01
1.236077446474206631e+01
1.052482020710848865e+01
1.368087033328175828e+01
1.395727947504383337e+01
1.484151074652385738e+01
4.513516668382050234e+00
1.099807968464679142e+01
8.740387444736633427e+00
9.965574970333758387e+00
1.296408962885714899e+01
1.445030398768713376e+01
1.445030398768713376e+01
1.271618740744904485e+01
1.436192209445157708e+01
1.276615297284584649e+01
1.178062436274634450e+01
7.569397566060480642e+00
1.449429283826230197e+01
1.070474469691662733e+01
1.225733520300188317e+01
1.505445578434700415e+01
1.040314189572019821e+01
1.296408962885714899e+01
4.787307364817191768e+00
1.167204486311898926e+01
8.136857890256438353e+00
1.368087033328175828e+01
1.330339418036568588e+01
1.167204486311898926e+01
1.058513485680245481e+01
1.488434347843123184e+01
1.595769121605730767e+01
1.368087033328175828e+01
3.568248232305542444e+00
1.471226436021925466e+01
1.105581278308273596e+01
1.241217083805063837e+01
1.296408962885714899e+01
1.530607971465162365e+01
1.094004191971426110e+01
1.583755632390385770e+01
1.251433034574463399e+01
1.009253008808064145e+01
1.291488987023529766e+01
1.194164264288369282e+01
1.034176589165282145e+01
1.571650316319191809e+01
1.194164264288369282e+01
1.105581278308273596e+01
