1.034176589165282145e+01
1.276615297284584649e+01
8.291859587312051971e+00
1.522266721510391640e+01
9.574614729634383536e+00
1.241217083805063837e+01
9.373021315815206478e+00
1.603728119216292924e+01
1.046415791390898242e+01
1.381976597885341995e+01
1.462546558286290477e+01
7.484820637019110379e+00
3.191538243211461623e+00
1.440618081907316395e+01
1.105581278308273596e+01
1.368087033328175828e+01
9.236181543108379799e+00
1.286550196516137312e+01
1.436192209445157708e+01
6.383076486422923246e+00
1.358748446131948917e+01
1.236077446474206631e+01
1.784124116152771222e+01
1.286550196516137312e+01
1.070474469691662733e+01
1.445030398768713376e+01
4.370193722368316713e+00
1.400281721259029588e+01
1.204779266504070279e+01
1.611647812414279102e+01
9.027033336764100468e+00
5.411516379806009525e+00
1.276615297284584649e+01
1.344618962205996482e+01
9.507891862878782518e+00
1.058513485680245481e+01
9.097283682934460103e+00
6.863662517577697741e+00
1.117038385124011413e+01
1.733448968263843781e+01
1.117038385124011413e+01
1.505445578434700415e+01
1.315904928495908166e+01
9.965574970333758387e+00
9.965574970333758387e+00
1.349345229721172146e+01
9.965574970333758387e+00
1.058513485680245481e+01
1.178062436274634450e+01
1.427299292922216978e+01
6.863662517577697741e+00
1.291488987023529766e+01
1.046415791390898242e+01
1.377362305878664728e+01
1.422831991532699902e+01
1.518078909665319287e+01
1.082303275961201905e+01
8.956231982162769611e+00
9.901487006738307173e+00
1.296408962885714899e+01
1.488434347843123184e+01
1.479855404066383784e+01
1.306193320280393344e+01
1.462546558286290477e+01
1.286550196516137312e+01
1.178062436274634450e+01
1.466892917224166482e+01
1.139607097042601680e+01
5.970821321441846408e+00
1.296408962885714899e+01
1.534761596392107741e+01
9.836981518731869656e+00
1.296408962885714899e+01
1.199483507827737583e+01
6.955796338302048021e+00
1.368087033328175828e+01
1.368087033328175828e+01
1.167204486311898926e+01
1.099807968464679142e+01
1.488434347843123184e+01
1.607692842495848140e+01
1.377362305878664728e+01
1.479855404066383784e+01
5.292567428401227403e+00
1.094004191971426110e+01
1.246335526484300615e+01
1.335116235624909109e+01
1.571650316319191809e+01
1.088169461344923583e+01
1.599753570059363028e+01
1.261566261010080048e+01
1.002925341359354938e+01
1.286550196516137312e+01
1.204779266504070279e+01
1.009253008808064145e+01
1.591774699517169012e+01
1.210051848659980855e+01
1.094004191971426110e+01
