1.034176589165282145e+01
1.266602473693425601e+01
1.627371578051287671e+01
5.411516379806009525e+00
1.286550196516137312e+01
9.166995688475081394e+00
9.574614729634383536e+00
1.669848676668040710e+01
1.009253008808064145e+01
1.377362305878664728e+01
1.579730833933717626e+01
3.191538243211461623e+00
1.488434347843123184e+01
1.122723095552866468e+01
1.418350619798065715e+01
9.507891862878782518e+00
1.311058116710494836e+01
1.484151074652385738e+01
1.395727947504383337e+01
1.236077446474206631e+01
1.843786751347043307e+01
1.335116235624909109e+01
1.064510777218481152e+01
1.534761596392107741e+01
1.440618081907316395e+01
1.199483507827737583e+01
1.658371917462410394e+01
8.740387444736633427e+00
1.256509862862843541e+01
1.339876023397903637e+01
1.052482020710848865e+01
1.058513485680245481e+01
7.978845608028653835e+00
1.843786751347043307e+01
1.117038385124011413e+01
1.105581278308273596e+01
1.538904010394216471e+01
1.320733953636073110e+01
9.236181543108379799e+00
1.422831991532699902e+01
9.965574970333758387e+00
9.965574970333758387e+00
1.028002345391383443e+01
1.178062436274634450e+01
1.445030398768713376e+01
1.306193320280393344e+01
1.040314189572019821e+01
1.395727947504383337e+01
1.427299292922216978e+01
1.583755632390385770e+01
1.070474469691662733e+01
9.236181543108379799e+00
8.740387444736633427e+00
1.296408962885714899e+01
1.587770228520368221e+01
1.543035303761632804e+01
1.306193320280393344e+01
1.479855404066383784e+01
1.286550196516137312e+01
1.134007028277388685e+01
1.479855404066383784e+01
1.145179781116143225e+01
1.330339418036568588e+01
1.543035303761632804e+01
9.507891862878782518e+00
1.276615297284584649e+01
1.301310337505149661e+01
1.377362305878664728e+01
1.431752655671925822e+01
1.178062436274634450e+01
1.064510777218481152e+01
1.484151074652385738e+01
1.642944866646030988e+01
1.431752655671925822e+01
1.492705330360461602e+01
1.094004191971426110e+01
1.251433034574463399e+01
1.354055000514615159e+01
1.583755632390385770e+01
1.064510777218481152e+01
1.603728119216292924e+01
1.271618740744904485e+01
9.836981518731869656e+00
1.286550196516137312e+01
1.204779266504070279e+01
1.009253008808064145e+01
1.599753570059363028e+01
1.194164264288369282e+01
1.105581278308273596e+01
