1.034176589165282145e+01
1.266602473693425601e+01
7.046725639945927711e+00
1.591774699517169012e+01
1.276615297284584649e+01
9.373021315815206478e+00
9.373021315815206478e+00
1.639065416446577927e+01
1.052482020710848865e+01
1.377362305878664728e+01
1.538904010394216471e+01
5.753627391751591880e+00
1.462546558286290477e+01
1.117038385124011413e+01
1.413855043925722121e+01
9.236181543108379799e+00
1.306193320280393344e+01
1.484151074652385738e+01
3.908820095223359381e+00
1.381976597885341995e+01
1.236077446474206631e+01
1.812445316531431061e+01
1.335116235624909109e+01
1.070474469691662733e+01
1.505445578434700415e+01
1.440618081907316395e+01
1.199483507827737583e+01
1.639065416446577927e+01
8.740387444736633427e+00
1.256509862862843541e+01
1.344618962205996482e+01
9.706684619910241452e+00
1.058513485680245481e+01
8.444016491289504600e+00
5.292567428401227403e+00
1.794796937867891984e+01
1.117038385124011413e+01
1.111324596323282954e+01
1.530607971465162365e+01
1.315904928495908166e+01
9.640875829802336483e+00
9.965574970333758387e+00
1.386575534383213970e+01
9.965574970333758387e+00
1.046415791390898242e+01
1.178062436274634450e+01
1.436192209445157708e+01
1.301310337505149661e+01
1.046415791390898242e+01
1.395727947504383337e+01
4.370193722368316713e+00
1.427299292922216978e+01
1.547155565579009817e+01
1.070474469691662733e+01
8.884866446580955923e+00
9.440697438826296306e+00
1.296408962885714899e+01
1.571650316319191809e+01
1.530607971465162365e+01
1.306193320280393344e+01
1.471226436021925466e+01
1.286550196516137312e+01
1.139607097042601680e+01
1.479855404066383784e+01
1.128379167095512514e+01
1.301310337505149661e+01
1.543035303761632804e+01
9.836981518731869656e+00
1.291488987023529766e+01
1.256509862862843541e+01
5.170882945826410726e+00
1.377362305878664728e+01
1.422831991532699902e+01
1.167204486311898926e+01
1.070474469691662733e+01
1.488434347843123184e+01
1.611647812414279102e+01
1.418350619798065715e+01
1.488434347843123184e+01
1.094004191971426110e+01
1.251433034574463399e+01
1.363425735166143049e+01
1.583755632390385770e+01
1.070474469691662733e+01
1.599753570059363028e+01
1.271618740744904485e+01
9.965574970333758387e+00
1.286550196516137312e+01
1.210051848659980855e+01
1.009253008808064145e+01
1.599753570059363028e+01
1.210051848659980855e+01
1.094004191971426110e+01
