5.641895835477562571e+00
5.753627391751591880e+00
1.145179781116143225e+01
8.136857890256438353e+00
6.770275002573075795e+00
8.740387444736633427e+00
1.117038385124011413e+01
8.136857890256438353e+00
8.740387444736633427e+00
9.772050238058398008e+00
1.161737456321036532e+01
8.444016491289504600e+00
1.034176589165282145e+01
4.652426491681278087e+00
9.027033336764100468e+00
1.167204486311898926e+01
7.399277020331918919e+00
7.136496464611084889e+00
4.787307364817191768e+00
7.312732791431452384e+00
8.444016491289504600e+00
4.222008245644752300e+00
8.740387444736633427e+00
8.884866446580955923e+00
7.817640190446718762e+00
8.214724333230154940e+00
7.399277020331918919e+00
9.836981518731869656e+00
1.167204486311898926e+01
7.898654169668588132e+00
6.863662517577697741e+00
9.574614729634383536e+00
8.956231982162769611e+00
1.117038385124011413e+01
6.383076486422923246e+00
9.166995688475081394e+00
1.167204486311898926e+01
6.180387232371033157e+00
6.180387232371033157e+00
1.105581278308273596e+01
1.099807968464679142e+01
1.028002345391383443e+01
1.225733520300188317e+01
5.046265044040320724e+00
9.574614729634383536e+00
7.898654169668588132e+00
6.863662517577697741e+00
8.593479713983121826e+00
5.411516379806009525e+00
8.214724333230154940e+00
1.088169461344923583e+01
9.373021315815206478e+00
7.817640190446718762e+00
1.145179781116143225e+01
1.088169461344923583e+01
8.058239062071395509e+00
1.082303275961201905e+01
8.740387444736633427e+00
1.117038385124011413e+01
1.046415791390898242e+01
8.740387444736633427e+00
6.579524642479540830e+00
4.222008245644752300e+00
9.901487006738307173e+00
8.291859587312051971e+00
4.513516668382050234e+00
9.836981518731869656e+00
9.965574970333758387e+00
6.383076486422923246e+00
7.653039857325811823e+00
5.046265044040320724e+00
8.740387444736633427e+00
8.136857890256438353e+00
1.046415791390898242e+01
1.306193320280393344e+01
9.965574970333758387e+00
1.156244577056221523e+01
8.136857890256438353e+00
9.373021315815206478e+00
8.136857890256438353e+00
9.965574970333758387e+00
1.161737456321036532e+01
8.812923024107547576e+00
7.898654169668588132e+00
9.640875829802336483e+00
8.136857890256438353e+00
6.383076486422923246e+00
8.136857890256438353e+00
4.513516668382050234e+00
5.863230142835038627e+00
1.150725478350318376e+01
9.027033336764100468e+00
7.484820637019110379e+00
1.064510777218481152e+01
1.009253008808064145e+01
1.070474469691662733e+01
1.009253008808064145e+01
9.965574970333758387e+00
1.046415791390898242e+01
7.136496464611084889e+00
7.898654169668588132e+00
7.225151993843566878e+00
8.740387444736633427e+00
8.136857890256438353e+00
4.652426491681278087e+00
6.579524642479540830e+00
5.863230142835038627e+00
8.136857890256438353e+00
8.058239062071395509e+00
6.076507779746498805e+00
7.569397566060480642e+00
1.009253008808064145e+01
1.276615297284584649e+01
1.266602473693425601e+01
5.863230142835038627e+00
8.444016491289504600e+00
7.817640190446718762e+00
1.088169461344923583e+01
4.513516668382050234e+00
8.956231982162769611e+00
1.117038385124011413e+01
1.076405121554611632e+01
9.373021315815206478e+00
9.027033336764100468e+00
1.021790793990058255e+01
1.117038385124011413e+01
2.763953195770683990e+00
8.136857890256438353e+00
1.082303275961201905e+01
8.740387444736633427e+00
1.076405121554611632e+01
7.735777827895049086e+00
9.166995688475081394e+00
7.399277020331918919e+00
1.215301555949299761e+01
9.027033336764100468e+00
1.188821220645068522e+01
9.373021315815206478e+00
9.772050238058398008e+00
6.770275002573075795e+00
6.383076486422923246e+00
1.251433034574463399e+01
5.753627391751591880e+00
1.082303275961201905e+01
1.058513485680245481e+01
8.593479713983121826e+00
8.136857890256438353e+00
1.167204486311898926e+01
1.271618740744904485e+01
7.569397566060480642e+00
1.167204486311898926e+01
6.770275002573075795e+00
7.569397566060480642e+00
1.215301555949299761e+01
1.070474469691662733e+01
1.167204486311898926e+01
8.136857890256438353e+00
1.058513485680245481e+01
7.569397566060480642e+00
7.484820637019110379e+00
7.225151993843566878e+00
1.210051848659980855e+01
5.863230142835038627e+00
6.383076486422923246e+00
9.836981518731869656e+00
1.199483507827737583e+01
9.507891862878782518e+00
1.204779266504070279e+01
7.978845608028653835e+00
8.136857890256438353e+00
8.593479713983121826e+00
8.136857890256438353e+00
5.753627391751591880e+00
1.015541250385961369e+01
9.901487006738307173e+00
7.569397566060480642e+00
1.172646028567007725e+01
6.383076486422923246e+00
1.034176589165282145e+01
7.136496464611084889e+00
5.863230142835038627e+00
8.884866446580955923e+00
7.817640190446718762e+00
2.763953195770683990e+00
