5.527906391541367981e+00
4.787307364817191768e+00
1.178062436274634450e+01
8.291859587312051971e+00
8.884866446580955923e+00
6.383076486422923246e+00
1.117038385124011413e+01
8.136857890256438353e+00
8.956231982162769611e+00
9.772050238058398008e+00
1.167204486311898926e+01
8.956231982162769611e+00
1.046415791390898242e+01
2.985410660720923204e+00
9.027033336764100468e+00
1.178062436274634450e+01
7.225151993843566878e+00
7.046725639945927711e+00
2.985410660720923204e+00
7.399277020331918919e+00
8.136857890256438353e+00
8.740387444736633427e+00
9.236181543108379799e+00
7.569397566060480642e+00
8.444016491289504600e+00
7.312732791431452384e+00
1.009253008808064145e+01
1.172646028567007725e+01
7.817640190446718762e+00
6.675581178124545545e+00
9.901487006738307173e+00
8.884866446580955923e+00
1.117038385124011413e+01
6.383076486422923246e+00
9.166995688475081394e+00
1.178062436274634450e+01
5.863230142835038627e+00
6.076507779746498805e+00
1.117038385124011413e+01
1.117038385124011413e+01
1.046415791390898242e+01
1.246335526484300615e+01
4.222008245644752300e+00
9.640875829802336483e+00
7.817640190446718762e+00
6.863662517577697741e+00
8.593479713983121826e+00
4.652426491681278087e+00
8.444016491289504600e+00
1.117038385124011413e+01
9.373021315815206478e+00
7.225151993843566878e+00
1.161737456321036532e+01
1.105581278308273596e+01
8.368283871884004910e+00
1.105581278308273596e+01
8.740387444736633427e+00
1.150725478350318376e+01
1.070474469691662733e+01
8.956231982162769611e+00
6.076507779746498805e+00
9.901487006738307173e+00
8.291859587312051971e+00
9.836981518731869656e+00
2.985410660720923204e+00
9.965574970333758387e+00
5.863230142835038627e+00
7.735777827895049086e+00
3.568248232305542444e+00
8.740387444736633427e+00
7.817640190446718762e+00
1.058513485680245481e+01
1.315904928495908166e+01
1.009253008808064145e+01
1.178062436274634450e+01
8.136857890256438353e+00
9.640875829802336483e+00
8.291859587312051971e+00
9.965574970333758387e+00
1.167204486311898926e+01
9.097283682934460103e+00
7.898654169668588132e+00
9.640875829802336483e+00
8.136857890256438353e+00
6.383076486422923246e+00
8.136857890256438353e+00
2.763953195770683990e+00
5.170882945826410726e+00
1.150725478350318376e+01
8.956231982162769611e+00
7.399277020331918919e+00
1.099807968464679142e+01
9.965574970333758387e+00
1.076405121554611632e+01
1.052482020710848865e+01
9.965574970333758387e+00
1.058513485680245481e+01
8.214724333230154940e+00
6.863662517577697741e+00
8.884866446580955923e+00
7.046725639945927711e+00
7.978845608028653835e+00
2.985410660720923204e+00
6.076507779746498805e+00
5.411516379806009525e+00
8.136857890256438353e+00
7.978845608028653835e+00
5.411516379806009525e+00
7.569397566060480642e+00
9.965574970333758387e+00
1.286550196516137312e+01
1.271618740744904485e+01
5.411516379806009525e+00
8.519075891779829490e+00
7.817640190446718762e+00
1.105581278308273596e+01
9.640875829802336483e+00
1.117038385124011413e+01
1.117038385124011413e+01
9.640875829802336483e+00
9.027033336764100468e+00
1.040314189572019821e+01
1.117038385124011413e+01
8.368283871884004910e+00
1.082303275961201905e+01
8.593479713983121826e+00
1.105581278308273596e+01
7.484820637019110379e+00
9.304852983362556174e+00
7.312732791431452384e+00
1.230916348999737586e+01
9.027033336764100468e+00
1.199483507827737583e+01
9.373021315815206478e+00
9.772050238058398008e+00
6.482044814428574497e+00
6.282549314314217703e+00
1.271618740744904485e+01
1.128379167095512514e+01
5.292567428401227403e+00
1.058513485680245481e+01
8.593479713983121826e+00
8.136857890256438353e+00
1.199483507827737583e+01
1.286550196516137312e+01
7.569397566060480642e+00
1.178062436274634450e+01
6.579524642479540830e+00
7.569397566060480642e+00
1.220528683538465842e+01
1.058513485680245481e+01
1.178062436274634450e+01
8.136857890256438353e+00
1.058513485680245481e+01
7.569397566060480642e+00
7.225151993843566878e+00
7.225151993843566878e+00
1.225733520300188317e+01
5.046265044040320724e+00
6.180387232371033157e+00
9.901487006738307173e+00
1.246335526484300615e+01
9.640875829802336483e+00
1.215301555949299761e+01
8.136857890256438353e+00
8.136857890256438353e+00
8.519075891779829490e+00
8.136857890256438353e+00
5.046265044040320724e+00
1.021790793990058255e+01
1.002925341359354938e+01
7.569397566060480642e+00
1.210051848659980855e+01
6.282549314314217703e+00
1.034176589165282145e+01
7.046725639945927711e+00
9.373021315815206478e+00
5.292567428401227403e+00
7.817640190446718762e+00
