1.070474469691662733e+01
1.251433034574463399e+01
9.965574970333758387e+00
9.236181543108379799e+00
1.178062436274634450e+01
1.178062436274634450e+01
9.772050238058398008e+00
1.386575534383213970e+01
1.058513485680245481e+01
1.188821220645068522e+01
8.740387444736633427e+00
1.354055000514615159e+01
5.292567428401227403e+00
6.282549314314217703e+00
8.884866446580955923e+00
8.956231982162769611e+00
1.363425735166143049e+01
1.058513485680245481e+01
4.787307364817191768e+00
2.256758334191025117e+00
5.970821321441846408e+00
1.215301555949299761e+01
9.640875829802336483e+00
1.236077446474206631e+01
1.339876023397903637e+01
9.027033336764100468e+00
1.183454054540639433e+01
1.210051848659980855e+01
1.436192209445157708e+01
1.105581278308273596e+01
1.178062436274634450e+01
4.652426491681278087e+00
8.593479713983121826e+00
8.740387444736633427e+00
1.296408962885714899e+01
9.373021315815206478e+00
1.194164264288369282e+01
1.199483507827737583e+01
8.593479713983121826e+00
1.246335526484300615e+01
8.136857890256438353e+00
1.271618740744904485e+01
1.236077446474206631e+01
8.740387444736633427e+00
9.440697438826296306e+00
7.898654169668588132e+00
1.058513485680245481e+01
9.965574970333758387e+00
8.740387444736633427e+00
3.742410318509555189e+00
1.058513485680245481e+01
1.058513485680245481e+01
1.413855043925722121e+01
5.046265044040320724e+00
1.325545386523797831e+01
1.128379167095512514e+01
6.076507779746498805e+00
9.772050238058398008e+00
9.965574970333758387e+00
1.266602473693425601e+01
9.965574970333758387e+00
1.046415791390898242e+01
8.136857890256438353e+00
5.753627391751591880e+00
7.136496464611084889e+00
1.178062436274634450e+01
8.740387444736633427e+00
1.178062436274634450e+01
1.311058116710494836e+01
9.965574970333758387e+00
1.256509862862843541e+01
1.251433034574463399e+01
1.236077446474206631e+01
8.740387444736633427e+00
1.105581278308273596e+01
8.740387444736633427e+00
8.136857890256438353e+00
6.383076486422923246e+00
9.965574970333758387e+00
1.296408962885714899e+01
1.377362305878664728e+01
1.358748446131948917e+01
8.058239062071395509e+00
1.194164264288369282e+01
1.210051848659980855e+01
1.296408962885714899e+01
1.117038385124011413e+01
9.304852983362556174e+00
1.058513485680245481e+01
1.281592373849173683e+01
7.312732791431452384e+00
1.150725478350318376e+01
5.753627391751591880e+00
1.271618740744904485e+01
9.640875829802336483e+00
1.400281721259029588e+01
3.385137501286537898e+00
4.513516668382050234e+00
8.740387444736633427e+00
1.271618740744904485e+01
9.373021315815206478e+00
1.002925341359354938e+01
1.315904928495908166e+01
1.178062436274634450e+01
1.161737456321036532e+01
9.373021315815206478e+00
7.225151993843566878e+00
1.409345127989185542e+01
1.445030398768713376e+01
7.569397566060480642e+00
1.296408962885714899e+01
1.330339418036568588e+01
1.094004191971426110e+01
1.225733520300188317e+01
7.225151993843566878e+00
1.070474469691662733e+01
6.955796338302048021e+00
1.391159267660409604e+01
1.117038385124011413e+01
1.475547227809780537e+01
1.070474469691662733e+01
1.009253008808064145e+01
1.236077446474206631e+01
7.817640190446718762e+00
7.735777827895049086e+00
6.955796338302048021e+00
1.105581278308273596e+01
1.058513485680245481e+01
7.312732791431452384e+00
1.413855043925722121e+01
1.076405121554611632e+01
1.117038385124011413e+01
5.170882945826410726e+00
