1.058513485680245481e+01
1.261566261010080048e+01
9.304852983362556174e+00
9.965574970333758387e+00
1.204779266504070279e+01
1.325545386523797831e+01
9.373021315815206478e+00
1.547155565579009817e+01
1.058513485680245481e+01
1.335116235624909109e+01
1.418350619798065715e+01
6.482044814428574497e+00
8.593479713983121826e+00
7.735777827895049086e+00
1.404820733880128181e+01
1.117038385124011413e+01
1.315904928495908166e+01
9.373021315815206478e+00
1.276615297284584649e+01
1.386575534383213970e+01
8.136857890256438353e+00
1.251433034574463399e+01
1.220528683538465842e+01
1.611647812414279102e+01
1.236077446474206631e+01
1.076405121554611632e+01
7.399277020331918919e+00
7.898654169668588132e+00
1.377362305878664728e+01
8.136857890256438353e+00
1.215301555949299761e+01
1.281592373849173683e+01
1.413855043925722121e+01
8.058239062071395509e+00
8.136857890256438353e+00
1.286550196516137312e+01
1.296408962885714899e+01
7.046725639945927711e+00
9.373021315815206478e+00
1.058513485680245481e+01
9.772050238058398008e+00
8.136857890256438353e+00
1.117038385124011413e+01
1.563528038089343752e+01
1.117038385124011413e+01
1.436192209445157708e+01
1.301310337505149661e+01
1.028002345391383443e+01
9.965574970333758387e+00
1.286550196516137312e+01
9.965574970333758387e+00
1.058513485680245481e+01
6.863662517577697741e+00
1.178062436274634450e+01
8.136857890256438353e+00
1.381976597885341995e+01
1.183454054540639433e+01
1.046415791390898242e+01
1.349345229721172146e+01
1.344618962205996482e+01
1.391159267660409604e+01
6.955796338302048021e+00
1.105581278308273596e+01
8.740387444736633427e+00
5.753627391751591880e+00
9.836981518731869656e+00
1.296408962885714899e+01
1.413855043925722121e+01
1.431752655671925822e+01
1.256509862862843541e+01
4.513516668382050234e+00
1.276615297284584649e+01
1.386575534383213970e+01
1.178062436274634450e+01
8.740387444736633427e+00
1.058513485680245481e+01
1.422831991532699902e+01
1.178062436274634450e+01
1.492705330360461602e+01
1.046415791390898242e+01
1.296408962885714899e+01
6.955796338302048021e+00
1.172646028567007725e+01
8.519075891779829490e+00
1.368087033328175828e+01
1.301310337505149661e+01
1.167204486311898926e+01
9.965574970333758387e+00
1.484151074652385738e+01
1.567594437773643001e+01
1.335116235624909109e+01
6.383076486422923246e+00
1.449429283826230197e+01
1.117038385124011413e+01
1.256509862862843541e+01
1.225733520300188317e+01
1.488434347843123184e+01
1.111324596323282954e+01
1.575695754970980111e+01
1.256509862862843541e+01
1.021790793990058255e+01
1.296408962885714899e+01
6.282549314314217703e+00
3.908820095223359381e+00
1.188821220645068522e+01
1.046415791390898242e+01
1.505445578434700415e+01
1.194164264288369282e+01
1.117038385124011413e+01
