1.058513485680245481e+01
1.256509862862843541e+01
9.965574970333758387e+00
9.965574970333758387e+00
1.188821220645068522e+01
1.251433034574463399e+01
9.706684619910241452e+00
1.484151074652385738e+01
1.058513485680245481e+01
1.286550196516137312e+01
8.444016491289504600e+00
1.354055000514615159e+01
8.884866446580955923e+00
8.740387444736633427e+00
1.595769121605730811e+00
1.368087033328175828e+01
1.105581278308273596e+01
1.256509862862843541e+01
3.385137501286537898e+00
9.440697438826296306e+00
1.266602473693425601e+01
1.377362305878664728e+01
9.236181543108379799e+00
1.215301555949299761e+01
1.210051848659980855e+01
1.501210842680413826e+01
1.210051848659980855e+01
1.099807968464679142e+01
8.136857890256438353e+00
8.740387444736633427e+00
1.320733953636073110e+01
9.236181543108379799e+00
1.215301555949299761e+01
1.220528683538465842e+01
1.325545386523797831e+01
8.136857890256438353e+00
8.136857890256438353e+00
1.281592373849173683e+01
1.266602473693425601e+01
8.291859587312051971e+00
9.373021315815206478e+00
7.225151993843566878e+00
1.058513485680245481e+01
9.965574970333758387e+00
8.444016491289504600e+00
1.070474469691662733e+01
1.058513485680245481e+01
1.466892917224166482e+01
1.395727947504383337e+01
1.246335526484300615e+01
3.568248232305542444e+00
1.028002345391383443e+01
9.965574970333758387e+00
1.276615297284584649e+01
9.965574970333758387e+00
1.070474469691662733e+01
7.978845608028653835e+00
6.076507779746498805e+00
1.178062436274634450e+01
8.593479713983121826e+00
1.178062436274634450e+01
1.325545386523797831e+01
1.009253008808064145e+01
1.271618740744904485e+01
1.291488987023529766e+01
1.276615297284584649e+01
8.291859587312051971e+00
1.117038385124011413e+01
8.740387444736633427e+00
7.898654169668588132e+00
4.513516668382050234e+00
9.901487006738307173e+00
1.296408962885714899e+01
1.377362305878664728e+01
1.404820733880128181e+01
7.312732791431452384e+00
1.220528683538465842e+01
1.246335526484300615e+01
1.330339418036568588e+01
1.150725478350318376e+01
9.236181543108379799e+00
1.058513485680245481e+01
1.363425735166143049e+01
1.167204486311898926e+01
6.482044814428574497e+00
9.901487006738307173e+00
1.445030398768713376e+01
8.291859587312051971e+00
1.296408962885714899e+01
1.094004191971426110e+01
9.236181543108379799e+00
1.349345229721172146e+01
1.215301555949299761e+01
1.178062436274634450e+01
9.640875829802336483e+00
5.753627391751591880e+00
1.431752655671925822e+01
1.492705330360461602e+01
7.484820637019110379e+00
1.315904928495908166e+01
1.372732503515539548e+01
1.105581278308273596e+01
1.236077446474206631e+01
6.383076486422923246e+00
1.099807968464679142e+01
5.753627391751591880e+00
1.418350619798065715e+01
1.117038385124011413e+01
1.526443044094783019e+01
1.111324596323282954e+01
1.034176589165282145e+01
1.266602473693425601e+01
7.312732791431452384e+00
7.046725639945927711e+00
5.046265044040320724e+00
1.183454054540639433e+01
1.058513485680245481e+01
6.180387232371033157e+00
1.440618081907316395e+01
1.128379167095512514e+01
1.117038385124011413e+01
