1.034176589165282145e+01
1.266602473693425601e+01
8.667244841319218907e+00
1.479855404066383784e+01
9.706684619910241452e+00
1.215301555949299761e+01
9.373021315815206478e+00
1.599753570059363028e+01
1.046415791390898242e+01
1.386575534383213970e+01
1.440618081907316395e+01
8.136857890256438353e+00
5.753627391751591880e+00
1.427299292922216978e+01
1.111324596323282954e+01
1.368087033328175828e+01
9.373021315815206478e+00
1.286550196516137312e+01
1.413855043925722121e+01
7.484820637019110379e+00
1.320733953636073110e+01
1.236077446474206631e+01
1.722396045987370883e+01
1.276615297284584649e+01
1.076405121554611632e+01
6.180387232371033157e+00
5.170882945826410726e+00
1.418350619798065715e+01
1.204779266504070279e+01
4.068428945128219176e+00
1.335116235624909109e+01
1.559451034962034477e+01
8.444016491289504600e+00
6.863662517577697741e+00
1.286550196516137312e+01
1.344618962205996482e+01
9.373021315815206478e+00
1.058513485680245481e+01
9.304852983362556174e+00
7.484820637019110379e+00
1.117038385124011413e+01
1.677456227108388731e+01
1.117038385124011413e+01
1.458187244392064308e+01
1.311058116710494836e+01
1.021790793990058255e+01
9.965574970333758387e+00
1.330339418036568588e+01
9.965574970333758387e+00
1.058513485680245481e+01
4.222008245644752300e+00
1.178062436274634450e+01
7.484820637019110379e+00
1.413855043925722121e+01
1.261566261010080048e+01
1.046415791390898242e+01
1.372732503515539548e+01
1.422831991532699902e+01
1.496964127403822076e+01
1.094004191971426110e+01
8.740387444736633427e+00
9.965574970333758387e+00
1.296408962885714899e+01
1.466892917224166482e+01
1.462546558286290477e+01
1.296408962885714899e+01
1.449429283826230197e+01
1.281592373849173683e+01
1.178062436274634450e+01
1.462546558286290477e+01
1.128379167095512514e+01
7.225151993843566878e+00
1.266602473693425601e+01
1.526443044094783019e+01
1.040314189572019821e+01
1.296408962885714899e+01
1.167204486311898926e+01
8.058239062071395509e+00
1.368087033328175828e+01
1.344618962205996482e+01
1.167204486311898926e+01
1.105581278308273596e+01
1.501210842680413826e+01
1.603728119216292924e+01
1.368087033328175828e+01
1.471226436021925466e+01
1.099807968464679142e+01
1.241217083805063837e+01
1.335116235624909109e+01
1.555363345008750464e+01
1.094004191971426110e+01
1.599753570059363028e+01
1.251433034574463399e+01
1.009253008808064145e+01
1.286550196516137312e+01
1.199483507827737583e+01
1.021790793990058255e+01
1.595769121605730767e+01
1.199483507827737583e+01
1.105581278308273596e+01
