1.076405121554611632e+01
1.256509862862843541e+01
9.965574970333758387e+00
9.027033336764100468e+00
1.134007028277388685e+01
1.178062436274634450e+01
9.772050238058398008e+00
1.339876023397903637e+01
1.058513485680245481e+01
1.161737456321036532e+01
8.740387444736633427e+00
1.349345229721172146e+01
5.970821321441846408e+00
4.787307364817191768e+00
7.046725639945927711e+00
8.740387444736633427e+00
8.740387444736633427e+00
4.918490759365934828e+00
5.970821321441846408e+00
1.354055000514615159e+01
1.046415791390898242e+01
6.383076486422923246e+00
1.210051848659980855e+01
9.574614729634383536e+00
1.236077446474206631e+01
1.306193320280393344e+01
8.884866446580955923e+00
1.134007028277388685e+01
1.204779266504070279e+01
1.422831991532699902e+01
1.111324596323282954e+01
1.178062436274634450e+01
5.970821321441846408e+00
8.740387444736633427e+00
9.027033336764100468e+00
1.291488987023529766e+01
9.373021315815206478e+00
1.178062436274634450e+01
1.194164264288369282e+01
8.740387444736633427e+00
1.236077446474206631e+01
8.136857890256438353e+00
1.266602473693425601e+01
1.225733520300188317e+01
8.740387444736633427e+00
9.640875829802336483e+00
8.136857890256438353e+00
1.058513485680245481e+01
9.965574970333758387e+00
8.740387444736633427e+00
5.527906391541367981e+00
1.058513485680245481e+01
6.383076486422923246e+00
1.058513485680245481e+01
1.413855043925722121e+01
1.281592373849173683e+01
1.094004191971426110e+01
6.675581178124545545e+00
9.373021315815206478e+00
9.965574970333758387e+00
1.256509862862843541e+01
9.965574970333758387e+00
1.015541250385961369e+01
8.136857890256438353e+00
6.482044814428574497e+00
7.399277020331918919e+00
1.178062436274634450e+01
8.740387444736633427e+00
1.178062436274634450e+01
1.306193320280393344e+01
9.965574970333758387e+00
1.241217083805063837e+01
1.225733520300188317e+01
1.225733520300188317e+01
8.740387444736633427e+00
1.111324596323282954e+01
8.740387444736633427e+00
8.136857890256438353e+00
6.675581178124545545e+00
9.965574970333758387e+00
1.296408962885714899e+01
8.291859587312051971e+00
1.363425735166143049e+01
1.301310337505149661e+01
1.183454054540639433e+01
4.222008245644752300e+00
1.204779266504070279e+01
1.296408962885714899e+01
1.117038385124011413e+01
9.027033336764100468e+00
1.058513485680245481e+01
1.251433034574463399e+01
7.817640190446718762e+00
1.139607097042601680e+01
6.955796338302048021e+00
1.266602473693425601e+01
5.411516379806009525e+00
9.640875829802336483e+00
1.363425735166143049e+01
5.641895835477562571e+00
8.740387444736633427e+00
1.256509862862843541e+01
9.373021315815206478e+00
9.836981518731869656e+00
1.296408962885714899e+01
1.178062436274634450e+01
1.156244577056221523e+01
9.373021315815206478e+00
7.735777827895049086e+00
1.386575534383213970e+01
1.436192209445157708e+01
7.225151993843566878e+00
1.276615297284584649e+01
1.311058116710494836e+01
4.652426491681278087e+00
1.070474469691662733e+01
1.220528683538465842e+01
7.484820637019110379e+00
1.058513485680245481e+01
7.484820637019110379e+00
2.256758334191025117e+00
3.191538243211461623e+00
1.349345229721172146e+01
1.105581278308273596e+01
1.471226436021925466e+01
1.058513485680245481e+01
9.574614729634383536e+00
1.236077446474206631e+01
8.058239062071395509e+00
7.898654169668588132e+00
7.046725639945927711e+00
1.070474469691662733e+01
1.058513485680245481e+01
7.653039857325811823e+00
1.386575534383213970e+01
1.064510777218481152e+01
1.117038385124011413e+01
6.076507779746498805e+00
