1.034176589165282145e+01
1.276615297284584649e+01
7.225151993843566878e+00
1.595769121605730767e+01
1.276615297284584649e+01
9.373021315815206478e+00
9.373021315815206478e+00
1.631278838364701755e+01
1.052482020710848865e+01
1.377362305878664728e+01
1.522266721510391640e+01
6.482044814428574497e+00
1.453814859003845150e+01
1.099807968464679142e+01
1.413855043925722121e+01
9.236181543108379799e+00
1.286550196516137312e+01
1.475547227809780537e+01
4.513516668382050234e+00
1.381976597885341995e+01
1.236077446474206631e+01
1.805406667352820094e+01
1.335116235624909109e+01
1.070474469691662733e+01
1.505445578434700415e+01
1.436192209445157708e+01
1.199483507827737583e+01
1.635176762293251684e+01
8.956231982162769611e+00
1.256509862862843541e+01
1.349345229721172146e+01
9.507891862878782518e+00
1.058513485680245481e+01
8.444016491289504600e+00
6.076507779746498805e+00
1.773387063078969206e+01
1.117038385124011413e+01
1.117038385124011413e+01
1.513879513212096128e+01
1.315904928495908166e+01
9.901487006738307173e+00
9.965574970333758387e+00
1.372732503515539548e+01
9.965574970333758387e+00
1.046415791390898242e+01
1.178062436274634450e+01
1.431752655671925822e+01
5.292567428401227403e+00
1.301310337505149661e+01
1.046415791390898242e+01
1.395727947504383337e+01
1.427299292922216978e+01
1.543035303761632804e+01
1.070474469691662733e+01
8.884866446580955923e+00
9.574614729634383536e+00
1.296408962885714899e+01
1.543035303761632804e+01
1.518078909665319287e+01
1.306193320280393344e+01
1.471226436021925466e+01
1.286550196516137312e+01
1.156244577056221523e+01
1.479855404066383784e+01
1.134007028277388685e+01
1.291488987023529766e+01
1.547155565579009817e+01
9.836981518731869656e+00
1.296408962885714899e+01
1.215301555949299761e+01
5.863230142835038627e+00
1.377362305878664728e+01
1.422831991532699902e+01
1.167204486311898926e+01
1.076405121554611632e+01
1.488434347843123184e+01
1.611647812414279102e+01
1.395727947504383337e+01
1.484151074652385738e+01
1.094004191971426110e+01
1.251433034574463399e+01
1.363425735166143049e+01
1.583755632390385770e+01
1.070474469691662733e+01
1.599753570059363028e+01
1.271618740744904485e+01
9.965574970333758387e+00
1.286550196516137312e+01
1.210051848659980855e+01
1.009253008808064145e+01
1.599753570059363028e+01
1.215301555949299761e+01
1.094004191971426110e+01
