1.058513485680245481e+01
1.256509862862843541e+01
9.373021315815206478e+00
9.965574970333758387e+00
1.204779266504070279e+01
1.311058116710494836e+01
9.373021315815206478e+00
1.543035303761632804e+01
1.058513485680245481e+01
1.325545386523797831e+01
1.413855043925722121e+01
6.955796338302048021e+00
8.740387444736633427e+00
7.978845608028653835e+00
1.395727947504383337e+01
1.117038385124011413e+01
1.311058116710494836e+01
9.373021315815206478e+00
1.276615297284584649e+01
1.386575534383213970e+01
8.444016491289504600e+00
1.236077446474206631e+01
1.220528683538465842e+01
1.583755632390385770e+01
1.236077446474206631e+01
1.076405121554611632e+01
8.058239062071395509e+00
7.569397566060480642e+00
1.354055000514615159e+01
8.136857890256438353e+00
1.215301555949299761e+01
1.271618740744904485e+01
1.404820733880128181e+01
8.136857890256438353e+00
8.136857890256438353e+00
1.296408962885714899e+01
1.296408962885714899e+01
7.399277020331918919e+00
9.373021315815206478e+00
4.513516668382050234e+00
1.058513485680245481e+01
9.772050238058398008e+00
8.136857890256438353e+00
1.117038385124011413e+01
1.543035303761632804e+01
1.117038385124011413e+01
1.427299292922216978e+01
1.291488987023529766e+01
1.034176589165282145e+01
1.009253008808064145e+01
1.286550196516137312e+01
9.965574970333758387e+00
1.058513485680245481e+01
7.225151993843566878e+00
1.178062436274634450e+01
8.136857890256438353e+00
1.377362305878664728e+01
1.178062436274634450e+01
1.046415791390898242e+01
1.349345229721172146e+01
1.335116235624909109e+01
1.368087033328175828e+01
7.046725639945927711e+00
1.105581278308273596e+01
8.740387444736633427e+00
6.076507779746498805e+00
9.836981518731869656e+00
1.296408962885714899e+01
1.413855043925722121e+01
1.427299292922216978e+01
1.241217083805063837e+01
5.411516379806009525e+00
1.276615297284584649e+01
1.372732503515539548e+01
1.178062436274634450e+01
8.740387444736633427e+00
1.058513485680245481e+01
1.409345127989185542e+01
1.178062436274634450e+01
1.479855404066383784e+01
1.040314189572019821e+01
7.225151993843566878e+00
1.296408962885714899e+01
1.172646028567007725e+01
8.812923024107547576e+00
1.368087033328175828e+01
1.286550196516137312e+01
1.178062436274634450e+01
9.836981518731869656e+00
1.479855404066383784e+01
1.559451034962034477e+01
6.675581178124545545e+00
1.339876023397903637e+01
1.445030398768713376e+01
1.117038385124011413e+01
1.251433034574463399e+01
1.194164264288369282e+01
1.479855404066383784e+01
1.117038385124011413e+01
1.571650316319191809e+01
1.246335526484300615e+01
1.021790793990058255e+01
1.296408962885714899e+01
6.383076486422923246e+00
4.787307364817191768e+00
1.188821220645068522e+01
1.046415791390898242e+01
1.496964127403822076e+01
1.194164264288369282e+01
1.117038385124011413e+01
