1.058513485680245481e+01
1.256509862862843541e+01
9.304852983362556174e+00
9.965574970333758387e+00
1.204779266504070279e+01
1.320733953636073110e+01
9.373021315815206478e+00
1.547155565579009817e+01
1.058513485680245481e+01
1.330339418036568588e+01
1.418350619798065715e+01
6.955796338302048021e+00
8.593479713983121826e+00
7.817640190446718762e+00
1.395727947504383337e+01
1.117038385124011413e+01
1.311058116710494836e+01
9.373021315815206478e+00
1.276615297284584649e+01
1.386575534383213970e+01
8.444016491289504600e+00
1.236077446474206631e+01
1.220528683538465842e+01
1.611647812414279102e+01
1.236077446474206631e+01
1.076405121554611632e+01
7.399277020331918919e+00
7.978845608028653835e+00
1.368087033328175828e+01
8.136857890256438353e+00
1.215301555949299761e+01
1.271618740744904485e+01
1.409345127989185542e+01
8.136857890256438353e+00
8.136857890256438353e+00
1.296408962885714899e+01
1.296408962885714899e+01
7.312732791431452384e+00
9.373021315815206478e+00
3.568248232305542444e+00
1.058513485680245481e+01
9.772050238058398008e+00
8.136857890256438353e+00
1.117038385124011413e+01
1.547155565579009817e+01
1.117038385124011413e+01
1.431752655671925822e+01
1.296408962885714899e+01
1.034176589165282145e+01
9.965574970333758387e+00
1.286550196516137312e+01
9.965574970333758387e+00
1.058513485680245481e+01
7.046725639945927711e+00
1.178062436274634450e+01
8.136857890256438353e+00
1.377362305878664728e+01
1.178062436274634450e+01
1.046415791390898242e+01
1.349345229721172146e+01
1.339876023397903637e+01
1.377362305878664728e+01
6.955796338302048021e+00
1.105581278308273596e+01
8.740387444736633427e+00
5.753627391751591880e+00
9.836981518731869656e+00
1.296408962885714899e+01
1.413855043925722121e+01
1.427299292922216978e+01
1.251433034574463399e+01
4.918490759365934828e+00
1.276615297284584649e+01
1.377362305878664728e+01
1.178062436274634450e+01
8.740387444736633427e+00
1.058513485680245481e+01
1.418350619798065715e+01
1.178062436274634450e+01
1.488434347843123184e+01
1.046415791390898242e+01
7.046725639945927711e+00
1.296408962885714899e+01
1.172646028567007725e+01
8.812923024107547576e+00
1.368087033328175828e+01
1.296408962885714899e+01
1.178062436274634450e+01
9.965574970333758387e+00
1.484151074652385738e+01
1.563528038089343752e+01
1.339876023397903637e+01
6.482044814428574497e+00
1.449429283826230197e+01
1.117038385124011413e+01
1.251433034574463399e+01
1.210051848659980855e+01
1.488434347843123184e+01
1.111324596323282954e+01
1.571650316319191809e+01
1.256509862862843541e+01
1.021790793990058255e+01
1.296408962885714899e+01
6.383076486422923246e+00
4.513516668382050234e+00
1.188821220645068522e+01
1.046415791390898242e+01
1.501210842680413826e+01
1.194164264288369282e+01
1.117038385124011413e+01
