1.034176589165282145e+01
1.276615297284584649e+01
7.484820637019110379e+00
1.599753570059363028e+01
1.271618740744904485e+01
9.373021315815206478e+00
9.373021315815206478e+00
1.623454913941802857e+01
1.046415791390898242e+01
1.386575534383213970e+01
1.509668435477122017e+01
6.675581178124545545e+00
1.453814859003845150e+01
1.099807968464679142e+01
1.413855043925722121e+01
9.236181543108379799e+00
1.286550196516137312e+01
1.466892917224166482e+01
5.292567428401227403e+00
1.381976597885341995e+01
1.236077446474206631e+01
1.801877032173578996e+01
1.325545386523797831e+01
1.070474469691662733e+01
1.492705330360461602e+01
1.431752655671925822e+01
1.199483507827737583e+01
1.635176762293251684e+01
9.097283682934460103e+00
1.256509862862843541e+01
1.344618962205996482e+01
9.507891862878782518e+00
1.058513485680245481e+01
8.593479713983121826e+00
6.282549314314217703e+00
1.117038385124011413e+01
1.762584604821509515e+01
1.117038385124011413e+01
1.513879513212096128e+01
1.315904928495908166e+01
9.901487006738307173e+00
9.965574970333758387e+00
1.368087033328175828e+01
9.965574970333758387e+00
1.052482020710848865e+01
1.178062436274634450e+01
1.427299292922216978e+01
5.753627391751591880e+00
1.301310337505149661e+01
1.046415791390898242e+01
1.395727947504383337e+01
1.427299292922216978e+01
1.534761596392107741e+01
1.070474469691662733e+01
8.884866446580955923e+00
9.574614729634383536e+00
1.296408962885714899e+01
1.530607971465162365e+01
1.505445578434700415e+01
1.306193320280393344e+01
1.471226436021925466e+01
1.286550196516137312e+01
1.178062436274634450e+01
1.479855404066383784e+01
1.134007028277388685e+01
3.385137501286537898e+00
1.291488987023529766e+01
1.547155565579009817e+01
9.836981518731869656e+00
1.296408962885714899e+01
1.215301555949299761e+01
6.076507779746498805e+00
1.372732503515539548e+01
1.409345127989185542e+01
1.167204486311898926e+01
1.076405121554611632e+01
1.488434347843123184e+01
1.611647812414279102e+01
1.395727947504383337e+01
1.484151074652385738e+01
1.094004191971426110e+01
1.251433034574463399e+01
1.354055000514615159e+01
1.583755632390385770e+01
1.076405121554611632e+01
1.599753570059363028e+01
1.271618740744904485e+01
9.965574970333758387e+00
1.286550196516137312e+01
1.210051848659980855e+01
1.009253008808064145e+01
1.599753570059363028e+01
1.215301555949299761e+01
1.094004191971426110e+01
