1.058513485680245481e+01
1.266602473693425601e+01
9.097283682934460103e+00
1.422831991532699902e+01
9.836981518731869656e+00
1.215301555949299761e+01
9.373021315815206478e+00
1.583755632390385770e+01
1.052482020710848865e+01
1.368087033328175828e+01
1.422831991532699902e+01
2.763953195770683990e+00
8.136857890256438353e+00
6.955796338302048021e+00
1.418350619798065715e+01
1.117038385124011413e+01
1.349345229721172146e+01
9.373021315815206478e+00
1.281592373849173683e+01
1.395727947504383337e+01
8.136857890256438353e+00
1.281592373849173683e+01
1.236077446474206631e+01
1.673656774376800982e+01
1.261566261010080048e+01
1.076405121554611632e+01
6.383076486422923246e+00
7.046725639945927711e+00
1.386575534383213970e+01
6.282549314314217703e+00
1.215301555949299761e+01
1.291488987023529766e+01
1.462546558286290477e+01
8.136857890256438353e+00
7.653039857325811823e+00
1.286550196516137312e+01
1.311058116710494836e+01
5.292567428401227403e+00
9.373021315815206478e+00
1.058513485680245481e+01
9.373021315815206478e+00
8.136857890256438353e+00
1.117038385124011413e+01
1.607692842495848140e+01
1.117038385124011413e+01
1.453814859003845150e+01
1.306193320280393344e+01
1.015541250385961369e+01
9.965574970333758387e+00
1.315904928495908166e+01
9.965574970333758387e+00
1.058513485680245481e+01
5.753627391751591880e+00
1.178062436274634450e+01
7.817640190446718762e+00
1.400281721259029588e+01
1.225733520300188317e+01
1.046415791390898242e+01
1.368087033328175828e+01
1.391159267660409604e+01
1.475547227809780537e+01
5.170882945826410726e+00
1.099807968464679142e+01
8.740387444736633427e+00
9.901487006738307173e+00
1.296408962885714899e+01
1.436192209445157708e+01
1.445030398768713376e+01
1.271618740744904485e+01
1.422831991532699902e+01
1.276615297284584649e+01
1.178062436274634450e+01
7.898654169668588132e+00
1.440618081907316395e+01
1.070474469691662733e+01
1.215301555949299761e+01
1.501210842680413826e+01
1.040314189572019821e+01
1.296408962885714899e+01
5.527906391541367981e+00
1.167204486311898926e+01
8.136857890256438353e+00
1.372732503515539548e+01
1.320733953636073110e+01
1.167204486311898926e+01
1.052482020710848865e+01
1.488434347843123184e+01
1.587770228520368221e+01
1.368087033328175828e+01
4.222008245644752300e+00
1.466892917224166482e+01
1.105581278308273596e+01
1.241217083805063837e+01
1.296408962885714899e+01
1.518078909665319287e+01
1.094004191971426110e+01
1.583755632390385770e+01
1.251433034574463399e+01
1.009253008808064145e+01
1.291488987023529766e+01
3.908820095223359381e+00
1.194164264288369282e+01
1.040314189572019821e+01
1.567594437773643001e+01
1.194164264288369282e+01
1.105581278308273596e+01
