1.070474469691662733e+01
1.256509862862843541e+01
9.965574970333758387e+00
9.027033336764100468e+00
1.111324596323282954e+01
1.178062436274634450e+01
9.772050238058398008e+00
1.325545386523797831e+01
1.058513485680245481e+01
1.156244577056221523e+01
8.740387444736633427e+00
1.344618962205996482e+01
6.282549314314217703e+00
5.170882945826410726e+00
7.046725639945927711e+00
8.740387444736633427e+00
8.740387444736633427e+00
5.527906391541367981e+00
6.180387232371033157e+00
1.349345229721172146e+01
1.046415791390898242e+01
6.675581178124545545e+00
1.199483507827737583e+01
9.507891862878782518e+00
1.236077446474206631e+01
1.296408962885714899e+01
8.884866446580955923e+00
1.134007028277388685e+01
1.204779266504070279e+01
1.409345127989185542e+01
1.117038385124011413e+01
1.161737456321036532e+01
6.076507779746498805e+00
8.740387444736633427e+00
9.027033336764100468e+00
1.291488987023529766e+01
9.373021315815206478e+00
1.178062436274634450e+01
1.183454054540639433e+01
8.740387444736633427e+00
1.225733520300188317e+01
8.136857890256438353e+00
1.271618740744904485e+01
1.225733520300188317e+01
8.740387444736633427e+00
9.640875829802336483e+00
8.136857890256438353e+00
1.058513485680245481e+01
9.965574970333758387e+00
8.740387444736633427e+00
5.753627391751591880e+00
1.058513485680245481e+01
6.482044814428574497e+00
1.058513485680245481e+01
1.413855043925722121e+01
1.281592373849173683e+01
1.094004191971426110e+01
7.136496464611084889e+00
9.373021315815206478e+00
9.965574970333758387e+00
1.256509862862843541e+01
9.965574970333758387e+00
8.136857890256438353e+00
1.009253008808064145e+01
6.863662517577697741e+00
7.817640190446718762e+00
1.178062436274634450e+01
8.740387444736633427e+00
1.178062436274634450e+01
1.286550196516137312e+01
9.965574970333758387e+00
1.230916348999737586e+01
1.225733520300188317e+01
1.220528683538465842e+01
8.740387444736633427e+00
1.111324596323282954e+01
8.740387444736633427e+00
8.136857890256438353e+00
6.955796338302048021e+00
9.965574970333758387e+00
1.296408962885714899e+01
8.444016491289504600e+00
1.354055000514615159e+01
1.291488987023529766e+01
1.150725478350318376e+01
4.918490759365934828e+00
1.204779266504070279e+01
1.281592373849173683e+01
1.117038385124011413e+01
9.027033336764100468e+00
1.058513485680245481e+01
1.230916348999737586e+01
7.898654169668588132e+00
1.139607097042601680e+01
6.955796338302048021e+00
1.261566261010080048e+01
5.753627391751591880e+00
9.640875829802336483e+00
1.363425735166143049e+01
5.970821321441846408e+00
8.740387444736633427e+00
1.251433034574463399e+01
9.373021315815206478e+00
9.706684619910241452e+00
1.296408962885714899e+01
1.178062436274634450e+01
1.156244577056221523e+01
9.373021315815206478e+00
7.735777827895049086e+00
1.354055000514615159e+01
1.431752655671925822e+01
7.312732791431452384e+00
1.266602473693425601e+01
1.296408962885714899e+01
5.170882945826410726e+00
1.064510777218481152e+01
1.220528683538465842e+01
7.484820637019110379e+00
1.058513485680245481e+01
7.484820637019110379e+00
4.068428945128219176e+00
4.222008245644752300e+00
1.339876023397903637e+01
1.105581278308273596e+01
1.458187244392064308e+01
1.052482020710848865e+01
9.574614729634383536e+00
1.236077446474206631e+01
8.136857890256438353e+00
7.978845608028653835e+00
7.312732791431452384e+00
1.070474469691662733e+01
1.058513485680245481e+01
7.735777827895049086e+00
1.381976597885341995e+01
1.058513485680245481e+01
1.117038385124011413e+01
6.282549314314217703e+00
