1.046415791390898242e+01
1.266602473693425601e+01
8.812923024107547576e+00
1.471226436021925466e+01
9.772050238058398008e+00
1.215301555949299761e+01
9.373021315815206478e+00
1.599753570059363028e+01
1.046415791390898242e+01
1.386575534383213970e+01
1.440618081907316395e+01
8.136857890256438353e+00
5.970821321441846408e+00
1.427299292922216978e+01
1.117038385124011413e+01
1.368087033328175828e+01
9.373021315815206478e+00
1.286550196516137312e+01
1.400281721259029588e+01
7.484820637019110379e+00
1.301310337505149661e+01
1.236077446474206631e+01
1.711271735549580697e+01
1.276615297284584649e+01
1.076405121554611632e+01
6.282549314314217703e+00
5.527906391541367981e+00
1.404820733880128181e+01
1.210051848659980855e+01
5.170882945826410726e+00
1.335116235624909109e+01
1.543035303761632804e+01
8.368283871884004910e+00
7.046725639945927711e+00
1.286550196516137312e+01
1.339876023397903637e+01
9.373021315815206478e+00
1.058513485680245481e+01
9.373021315815206478e+00
7.653039857325811823e+00
1.117038385124011413e+01
1.658371917462410394e+01
1.117038385124011413e+01
1.453814859003845150e+01
1.311058116710494836e+01
1.021790793990058255e+01
9.965574970333758387e+00
1.320733953636073110e+01
9.965574970333758387e+00
1.058513485680245481e+01
4.513516668382050234e+00
1.178062436274634450e+01
7.484820637019110379e+00
1.413855043925722121e+01
1.236077446474206631e+01
1.052482020710848865e+01
1.372732503515539548e+01
1.418350619798065715e+01
1.492705330360461602e+01
1.094004191971426110e+01
8.740387444736633427e+00
9.965574970333758387e+00
1.296408962885714899e+01
1.466892917224166482e+01
1.458187244392064308e+01
1.296408962885714899e+01
1.445030398768713376e+01
1.281592373849173683e+01
1.178062436274634450e+01
1.458187244392064308e+01
1.105581278308273596e+01
7.225151993843566878e+00
1.256509862862843541e+01
1.522266721510391640e+01
1.040314189572019821e+01
1.296408962885714899e+01
1.167204486311898926e+01
8.136857890256438353e+00
1.368087033328175828e+01
1.344618962205996482e+01
1.167204486311898926e+01
1.099807968464679142e+01
1.501210842680413826e+01
1.599753570059363028e+01
1.368087033328175828e+01
1.471226436021925466e+01
1.099807968464679142e+01
1.241217083805063837e+01
1.325545386523797831e+01
1.547155565579009817e+01
1.094004191971426110e+01
1.587770228520368221e+01
1.246335526484300615e+01
1.009253008808064145e+01
1.286550196516137312e+01
1.199483507827737583e+01
1.021790793990058255e+01
1.595769121605730767e+01
1.194164264288369282e+01
1.105581278308273596e+01
