1.058513485680245481e+01
1.261566261010080048e+01
9.965574970333758387e+00
9.304852983362556174e+00
1.183454054540639433e+01
1.178062436274634450e+01
9.772050238058398008e+00
1.413855043925722121e+01
1.058513485680245481e+01
1.199483507827737583e+01
8.740387444736633427e+00
1.354055000514615159e+01
4.787307364817191768e+00
6.076507779746498805e+00
9.027033336764100468e+00
8.884866446580955923e+00
1.363425735166143049e+01
1.058513485680245481e+01
4.513516668382050234e+00
5.527906391541367981e+00
1.230916348999737586e+01
9.640875829802336483e+00
1.236077446474206631e+01
1.363425735166143049e+01
9.027033336764100468e+00
1.199483507827737583e+01
1.215301555949299761e+01
1.436192209445157708e+01
1.105581278308273596e+01
1.178062436274634450e+01
4.068428945128219176e+00
8.444016491289504600e+00
8.740387444736633427e+00
1.296408962885714899e+01
9.373021315815206478e+00
1.204779266504070279e+01
1.204779266504070279e+01
1.261566261010080048e+01
8.444016491289504600e+00
8.136857890256438353e+00
1.271618740744904485e+01
1.236077446474206631e+01
8.740387444736633427e+00
9.440697438826296306e+00
7.817640190446718762e+00
1.058513485680245481e+01
9.965574970333758387e+00
8.740387444736633427e+00
1.128379167095512559e+00
1.058513485680245481e+01
1.058513485680245481e+01
1.427299292922216978e+01
4.370193722368316713e+00
1.349345229721172146e+01
1.128379167095512514e+01
6.076507779746498805e+00
9.772050238058398008e+00
9.965574970333758387e+00
1.266602473693425601e+01
9.965574970333758387e+00
1.046415791390898242e+01
8.136857890256438353e+00
5.527906391541367981e+00
7.046725639945927711e+00
1.178062436274634450e+01
8.740387444736633427e+00
1.178062436274634450e+01
1.311058116710494836e+01
9.965574970333758387e+00
1.256509862862843541e+01
1.256509862862843541e+01
1.246335526484300615e+01
8.740387444736633427e+00
1.105581278308273596e+01
8.740387444736633427e+00
8.136857890256438353e+00
6.076507779746498805e+00
9.901487006738307173e+00
1.296408962885714899e+01
1.377362305878664728e+01
1.377362305878664728e+01
7.898654169668588132e+00
1.199483507827737583e+01
1.220528683538465842e+01
1.306193320280393344e+01
1.117038385124011413e+01
9.373021315815206478e+00
1.058513485680245481e+01
1.291488987023529766e+01
7.312732791431452384e+00
1.156244577056221523e+01
5.753627391751591880e+00
9.640875829802336483e+00
1.418350619798065715e+01
8.740387444736633427e+00
1.281592373849173683e+01
3.568248232305542444e+00
1.021790793990058255e+01
9.373021315815206478e+00
1.325545386523797831e+01
1.178062436274634450e+01
1.167204486311898926e+01
9.507891862878782518e+00
6.955796338302048021e+00
1.413855043925722121e+01
1.458187244392064308e+01
7.569397566060480642e+00
1.296408962885714899e+01
1.335116235624909109e+01
1.099807968464679142e+01
1.230916348999737586e+01
7.046725639945927711e+00
1.070474469691662733e+01
6.955796338302048021e+00
1.395727947504383337e+01
1.117038385124011413e+01
1.484151074652385738e+01
1.070474469691662733e+01
1.021790793990058255e+01
1.236077446474206631e+01
7.653039857325811823e+00
7.484820637019110379e+00
6.770275002573075795e+00
1.105581278308273596e+01
1.058513485680245481e+01
7.225151993843566878e+00
1.418350619798065715e+01
1.088169461344923583e+01
1.117038385124011413e+01
4.513516668382050234e+00
