1.256509862862843541e+01
9.640875829802336483e+00
9.772050238058398008e+00
8.740387444736633427e+00
3.385137501286537898e+00
1.178062436274634450e+01
1.009253008808064145e+01
9.772050238058398008e+00
1.236077446474206631e+01
1.028002345391383443e+01
1.105581278308273596e+01
8.884866446580955923e+00
1.306193320280393344e+01
6.863662517577697741e+00
4.652426491681278087e+00
6.863662517577697741e+00
7.653039857325811823e+00
8.740387444736633427e+00
8.740387444736633427e+00
6.675581178124545545e+00
6.770275002573075795e+00
1.281592373849173683e+01
1.009253008808064145e+01
6.955796338302048021e+00
1.161737456321036532e+01
2.985410660720923204e+00
9.304852983362556174e+00
1.199483507827737583e+01
9.027033336764100468e+00
1.236077446474206631e+01
4.222008245644752300e+00
1.117038385124011413e+01
1.156244577056221523e+01
1.111324596323282954e+01
1.339876023397903637e+01
1.111324596323282954e+01
7.046725639945927711e+00
8.740387444736633427e+00
4.918490759365934828e+00
9.027033336764100468e+00
1.215301555949299761e+01
9.507891862878782518e+00
5.527906391541367981e+00
1.178062436274634450e+01
1.134007028277388685e+01
8.444016491289504600e+00
1.178062436274634450e+01
8.740387444736633427e+00
1.210051848659980855e+01
1.210051848659980855e+01
8.740387444736633427e+00
9.640875829802336483e+00
8.136857890256438353e+00
1.070474469691662733e+01
9.965574970333758387e+00
7.046725639945927711e+00
8.740387444736633427e+00
7.312732791431452384e+00
1.058513485680245481e+01
1.058513485680245481e+01
1.391159267660409604e+01
1.236077446474206631e+01
1.040314189572019821e+01
7.484820637019110379e+00
9.373021315815206478e+00
9.965574970333758387e+00
1.225733520300188317e+01
9.965574970333758387e+00
8.291859587312051971e+00
9.965574970333758387e+00
7.484820637019110379e+00
8.136857890256438353e+00
1.178062436274634450e+01
8.740387444736633427e+00
1.122723095552866468e+01
1.256509862862843541e+01
9.965574970333758387e+00
1.167204486311898926e+01
1.194164264288369282e+01
1.161737456321036532e+01
8.812923024107547576e+00
5.046265044040320724e+00
1.009253008808064145e+01
8.812923024107547576e+00
5.292567428401227403e+00
8.444016491289504600e+00
7.225151993843566878e+00
5.753627391751591880e+00
9.965574970333758387e+00
1.296408962885714899e+01
8.740387444736633427e+00
1.320733953636073110e+01
6.482044814428574497e+00
1.215301555949299761e+01
1.064510777218481152e+01
1.183454054540639433e+01
1.271618740744904485e+01
1.088169461344923583e+01
9.027033336764100468e+00
1.058513485680245481e+01
1.215301555949299761e+01
8.136857890256438353e+00
1.122723095552866468e+01
7.978845608028653835e+00
1.256509862862843541e+01
6.675581178124545545e+00
9.507891862878782518e+00
1.325545386523797831e+01
6.770275002573075795e+00
8.884866446580955923e+00
1.236077446474206631e+01
9.373021315815206478e+00
9.706684619910241452e+00
1.296408962885714899e+01
1.178062436274634450e+01
1.145179781116143225e+01
9.236181543108379799e+00
8.136857890256438353e+00
1.306193320280393344e+01
1.377362305878664728e+01
7.399277020331918919e+00
1.225733520300188317e+01
4.513516668382050234e+00
6.383076486422923246e+00
1.261566261010080048e+01
1.058513485680245481e+01
1.210051848659980855e+01
7.817640190446718762e+00
1.058513485680245481e+01
7.735777827895049086e+00
6.076507779746498805e+00
5.753627391751591880e+00
1.315904928495908166e+01
1.088169461344923583e+01
1.377362305878664728e+01
9.965574970333758387e+00
9.574614729634383536e+00
1.236077446474206631e+01
8.136857890256438353e+00
8.136857890256438353e+00
7.817640190446718762e+00
1.058513485680245481e+01
1.046415791390898242e+01
7.653039857325811823e+00
1.315904928495908166e+01
1.046415791390898242e+01
2.256758334191025117e+00
4.918490759365934828e+00
1.105581278308273596e+01
7.136496464611084889e+00
4.370193722368316713e+00
