1.058513485680245481e+01
1.266602473693425601e+01
9.166995688475081394e+00
1.372732503515539548e+01
9.901487006738307173e+00
1.210051848659980855e+01
9.373021315815206478e+00
1.579730833933717626e+01
1.058513485680245481e+01
1.358748446131948917e+01
1.422831991532699902e+01
4.918490759365934828e+00
8.136857890256438353e+00
7.046725639945927711e+00
1.413855043925722121e+01
1.117038385124011413e+01
1.344618962205996482e+01
9.373021315815206478e+00
1.276615297284584649e+01
1.395727947504383337e+01
8.136857890256438353e+00
1.276615297284584649e+01
1.230916348999737586e+01
1.658371917462410394e+01
1.256509862862843541e+01
1.076405121554611632e+01
6.863662517577697741e+00
7.399277020331918919e+00
1.381976597885341995e+01
6.863662517577697741e+00
1.215301555949299761e+01
1.286550196516137312e+01
1.440618081907316395e+01
8.136857890256438353e+00
7.817640190446718762e+00
1.286550196516137312e+01
1.306193320280393344e+01
6.076507779746498805e+00
9.373021315815206478e+00
1.058513485680245481e+01
9.507891862878782518e+00
8.136857890256438353e+00
1.117038385124011413e+01
1.603728119216292924e+01
1.117038385124011413e+01
1.445030398768713376e+01
1.296408962885714899e+01
1.021790793990058255e+01
9.965574970333758387e+00
1.315904928495908166e+01
9.965574970333758387e+00
1.058513485680245481e+01
6.383076486422923246e+00
1.178062436274634450e+01
7.978845608028653835e+00
1.395727947504383337e+01
1.210051848659980855e+01
1.046415791390898242e+01
1.368087033328175828e+01
1.381976597885341995e+01
1.458187244392064308e+01
5.753627391751591880e+00
1.099807968464679142e+01
8.740387444736633427e+00
1.002925341359354938e+01
1.296408962885714899e+01
1.440618081907316395e+01
1.436192209445157708e+01
1.266602473693425601e+01
1.276615297284584649e+01
1.413855043925722121e+01
1.178062436274634450e+01
8.136857890256438353e+00
1.070474469691662733e+01
1.436192209445157708e+01
1.199483507827737583e+01
1.501210842680413826e+01
1.046415791390898242e+01
1.296408962885714899e+01
5.970821321441846408e+00
1.172646028567007725e+01
8.368283871884004910e+00
1.372732503515539548e+01
1.320733953636073110e+01
1.167204486311898926e+01
1.040314189572019821e+01
1.488434347843123184e+01
1.587770228520368221e+01
1.349345229721172146e+01
5.292567428401227403e+00
1.466892917224166482e+01
1.111324596323282954e+01
1.246335526484300615e+01
1.271618740744904485e+01
1.513879513212096128e+01
1.099807968464679142e+01
1.583755632390385770e+01
1.251433034574463399e+01
1.009253008808064145e+01
1.296408962885714899e+01
5.046265044040320724e+00
1.194164264288369282e+01
1.046415791390898242e+01
1.534761596392107741e+01
1.194164264288369282e+01
1.105581278308273596e+01
