1.034176589165282145e+01
1.261566261010080048e+01
9.965574970333758387e+00
8.884866446580955923e+00
1.105581278308273596e+01
1.178062436274634450e+01
9.772050238058398008e+00
1.286550196516137312e+01
1.052482020710848865e+01
1.139607097042601680e+01
8.884866446580955923e+00
1.330339418036568588e+01
6.482044814428574497e+00
5.753627391751591880e+00
7.225151993843566878e+00
8.740387444736633427e+00
8.740387444736633427e+00
6.180387232371033157e+00
6.383076486422923246e+00
1.330339418036568588e+01
1.040314189572019821e+01
6.863662517577697741e+00
1.178062436274634450e+01
9.440697438826296306e+00
1.215301555949299761e+01
1.276615297284584649e+01
8.956231982162769611e+00
1.117038385124011413e+01
1.194164264288369282e+01
1.386575534383213970e+01
1.117038385124011413e+01
1.145179781116143225e+01
6.482044814428574497e+00
8.740387444736633427e+00
9.027033336764100468e+00
1.251433034574463399e+01
9.373021315815206478e+00
3.568248232305542444e+00
1.178062436274634450e+01
1.161737456321036532e+01
8.667244841319218907e+00
1.210051848659980855e+01
8.136857890256438353e+00
1.215301555949299761e+01
1.225733520300188317e+01
8.740387444736633427e+00
9.640875829802336483e+00
8.136857890256438353e+00
1.058513485680245481e+01
9.965574970333758387e+00
6.482044814428574497e+00
8.740387444736633427e+00
6.955796338302048021e+00
1.058513485680245481e+01
1.058513485680245481e+01
1.404820733880128181e+01
1.261566261010080048e+01
1.070474469691662733e+01
7.225151993843566878e+00
9.373021315815206478e+00
9.965574970333758387e+00
1.236077446474206631e+01
9.965574970333758387e+00
8.291859587312051971e+00
1.009253008808064145e+01
6.955796338302048021e+00
7.898654169668588132e+00
1.178062436274634450e+01
8.740387444736633427e+00
1.156244577056221523e+01
1.271618740744904485e+01
9.965574970333758387e+00
1.188821220645068522e+01
1.199483507827737583e+01
1.183454054540639433e+01
8.740387444736633427e+00
1.040314189572019821e+01
2.763953195770683990e+00
8.740387444736633427e+00
3.385137501286537898e+00
8.136857890256438353e+00
7.225151993843566878e+00
4.513516668382050234e+00
9.965574970333758387e+00
1.296408962885714899e+01
8.667244841319218907e+00
1.339876023397903637e+01
1.241217083805063837e+01
1.117038385124011413e+01
5.753627391751591880e+00
1.194164264288369282e+01
1.276615297284584649e+01
1.105581278308273596e+01
9.027033336764100468e+00
1.058513485680245481e+01
1.225733520300188317e+01
8.136857890256438353e+00
1.139607097042601680e+01
7.399277020331918919e+00
1.256509862862843541e+01
5.863230142835038627e+00
9.640875829802336483e+00
1.335116235624909109e+01
6.282549314314217703e+00
8.740387444736633427e+00
1.236077446474206631e+01
9.373021315815206478e+00
9.706684619910241452e+00
1.296408962885714899e+01
1.178062436274634450e+01
1.150725478350318376e+01
9.304852983362556174e+00
7.978845608028653835e+00
1.344618962205996482e+01
1.422831991532699902e+01
7.399277020331918919e+00
1.256509862862843541e+01
1.276615297284584649e+01
5.753627391751591880e+00
1.058513485680245481e+01
1.220528683538465842e+01
7.484820637019110379e+00
1.058513485680245481e+01
7.735777827895049086e+00
5.170882945826410726e+00
5.292567428401227403e+00
1.320733953636073110e+01
1.099807968464679142e+01
1.440618081907316395e+01
1.021790793990058255e+01
9.640875829802336483e+00
1.236077446474206631e+01
8.136857890256438353e+00
8.058239062071395509e+00
7.484820637019110379e+00
1.058513485680245481e+01
1.058513485680245481e+01
7.735777827895049086e+00
1.363425735166143049e+01
1.052482020710848865e+01
1.117038385124011413e+01
2.763953195770683990e+00
6.863662517577697741e+00
