1.034176589165282145e+01
1.261566261010080048e+01
1.627371578051287671e+01
4.513516668382050234e+00
1.286550196516137312e+01
9.166995688475081394e+00
9.836981518731869656e+00
1.692568750643268771e+01
1.009253008808064145e+01
1.377362305878664728e+01
1.595769121605730767e+01
1.496964127403822076e+01
1.122723095552866468e+01
1.418350619798065715e+01
9.836981518731869656e+00
1.311058116710494836e+01
1.488434347843123184e+01
1.395727947504383337e+01
1.236077446474206631e+01
1.843786751347043307e+01
1.335116235624909109e+01
1.058513485680245481e+01
1.534761596392107741e+01
1.440618081907316395e+01
1.204779266504070279e+01
1.658371917462410394e+01
8.740387444736633427e+00
1.256509862862843541e+01
1.339876023397903637e+01
1.052482020710848865e+01
1.052482020710848865e+01
7.653039857325811823e+00
1.847236308621675960e+01
1.117038385124011413e+01
1.105581278308273596e+01
1.538904010394216471e+01
1.325545386523797831e+01
9.236181543108379799e+00
1.431752655671925822e+01
9.965574970333758387e+00
9.965574970333758387e+00
1.021790793990058255e+01
1.178062436274634450e+01
1.445030398768713376e+01
1.306193320280393344e+01
1.028002345391383443e+01
1.395727947504383337e+01
1.431752655671925822e+01
1.587770228520368221e+01
1.070474469691662733e+01
9.236181543108379799e+00
8.740387444736633427e+00
1.296408962885714899e+01
1.587770228520368221e+01
1.547155565579009817e+01
1.306193320280393344e+01
1.479855404066383784e+01
1.286550196516137312e+01
1.134007028277388685e+01
1.479855404066383784e+01
1.156244577056221523e+01
1.330339418036568588e+01
1.547155565579009817e+01
9.373021315815206478e+00
1.276615297284584649e+01
1.296408962885714899e+01
1.377362305878664728e+01
1.431752655671925822e+01
1.178062436274634450e+01
1.058513485680245481e+01
1.484151074652385738e+01
1.658371917462410394e+01
1.436192209445157708e+01
1.496964127403822076e+01
1.094004191971426110e+01
1.251433034574463399e+01
1.349345229721172146e+01
1.583755632390385770e+01
1.058513485680245481e+01
1.607692842495848140e+01
1.261566261010080048e+01
9.772050238058398008e+00
1.286550196516137312e+01
1.204779266504070279e+01
1.009253008808064145e+01
1.599753570059363028e+01
1.194164264288369282e+01
1.105581278308273596e+01
