1.034176589165282145e+01
1.276615297284584649e+01
8.136857890256438353e+00
1.547155565579009817e+01
1.256509862862843541e+01
9.507891862878782518e+00
9.373021315815206478e+00
1.603728119216292924e+01
1.046415791390898242e+01
1.386575534383213970e+01
1.479855404066383784e+01
7.225151993843566878e+00
1.453814859003845150e+01
1.099807968464679142e+01
1.400281721259029588e+01
9.236181543108379799e+00
1.286550196516137312e+01
1.466892917224166482e+01
6.383076486422923246e+00
1.372732503515539548e+01
1.236077446474206631e+01
1.798340469329240676e+01
1.296408962885714899e+01
1.070474469691662733e+01
1.449429283826230197e+01
1.422831991532699902e+01
1.199483507827737583e+01
1.615593100600235843e+01
9.097283682934460103e+00
5.170882945826410726e+00
1.271618740744904485e+01
1.344618962205996482e+01
9.507891862878782518e+00
1.058513485680245481e+01
8.812923024107547576e+00
6.863662517577697741e+00
1.117038385124011413e+01
1.744431859350498826e+01
1.117038385124011413e+01
1.509668435477122017e+01
1.315904928495908166e+01
9.965574970333758387e+00
9.965574970333758387e+00
1.354055000514615159e+01
9.965574970333758387e+00
1.058513485680245481e+01
1.178062436274634450e+01
1.427299292922216978e+01
6.383076486422923246e+00
1.301310337505149661e+01
1.046415791390898242e+01
1.386575534383213970e+01
1.427299292922216978e+01
1.534761596392107741e+01
1.082303275961201905e+01
8.884866446580955923e+00
9.706684619910241452e+00
1.296408962885714899e+01
1.501210842680413826e+01
1.492705330360461602e+01
1.306193320280393344e+01
1.466892917224166482e+01
1.286550196516137312e+01
1.178062436274634450e+01
1.471226436021925466e+01
1.139607097042601680e+01
5.292567428401227403e+00
1.296408962885714899e+01
1.538904010394216471e+01
9.836981518731869656e+00
1.296408962885714899e+01
1.210051848659980855e+01
6.675581178124545545e+00
1.368087033328175828e+01
1.377362305878664728e+01
1.167204486311898926e+01
1.088169461344923583e+01
1.488434347843123184e+01
1.611647812414279102e+01
1.386575534383213970e+01
1.479855404066383784e+01
4.370193722368316713e+00
1.094004191971426110e+01
1.251433034574463399e+01
1.344618962205996482e+01
1.575695754970980111e+01
1.088169461344923583e+01
1.599753570059363028e+01
1.261566261010080048e+01
1.002925341359354938e+01
1.286550196516137312e+01
1.210051848659980855e+01
1.009253008808064145e+01
1.599753570059363028e+01
1.215301555949299761e+01
1.094004191971426110e+01
