1.034176589165282145e+01
1.276615297284584649e+01
7.225151993843566878e+00
1.595769121605730767e+01
1.276615297284584649e+01
9.373021315815206478e+00
9.373021315815206478e+00
1.635176762293251684e+01
1.052482020710848865e+01
1.377362305878664728e+01
1.530607971465162365e+01
6.383076486422923246e+00
1.453814859003845150e+01
1.099807968464679142e+01
1.413855043925722121e+01
9.236181543108379799e+00
1.301310337505149661e+01
1.484151074652385738e+01
4.222008245644752300e+00
1.381976597885341995e+01
1.236077446474206631e+01
1.808929415419343556e+01
1.335116235624909109e+01
1.070474469691662733e+01
1.501210842680413826e+01
1.440618081907316395e+01
1.199483507827737583e+01
1.635176762293251684e+01
8.812923024107547576e+00
1.256509862862843541e+01
1.344618962205996482e+01
9.574614729634383536e+00
1.058513485680245481e+01
8.444016491289504600e+00
5.641895835477562571e+00
1.787688803255549530e+01
1.117038385124011413e+01
1.117038385124011413e+01
1.522266721510391640e+01
1.315904928495908166e+01
9.772050238058398008e+00
9.965574970333758387e+00
1.377362305878664728e+01
9.965574970333758387e+00
1.046415791390898242e+01
1.178062436274634450e+01
1.431752655671925822e+01
1.301310337505149661e+01
1.046415791390898242e+01
1.395727947504383337e+01
4.787307364817191768e+00
1.427299292922216978e+01
1.547155565579009817e+01
1.070474469691662733e+01
8.884866446580955923e+00
9.574614729634383536e+00
1.296408962885714899e+01
1.567594437773643001e+01
1.526443044094783019e+01
1.306193320280393344e+01
1.471226436021925466e+01
1.286550196516137312e+01
1.145179781116143225e+01
1.479855404066383784e+01
1.134007028277388685e+01
1.296408962885714899e+01
1.547155565579009817e+01
9.836981518731869656e+00
1.296408962885714899e+01
1.246335526484300615e+01
5.292567428401227403e+00
1.377362305878664728e+01
1.422831991532699902e+01
1.167204486311898926e+01
1.076405121554611632e+01
1.488434347843123184e+01
1.611647812414279102e+01
1.409345127989185542e+01
1.484151074652385738e+01
1.094004191971426110e+01
1.251433034574463399e+01
1.363425735166143049e+01
1.583755632390385770e+01
1.070474469691662733e+01
1.599753570059363028e+01
1.271618740744904485e+01
9.965574970333758387e+00
1.286550196516137312e+01
1.210051848659980855e+01
1.009253008808064145e+01
1.599753570059363028e+01
1.215301555949299761e+01
1.094004191971426110e+01
