1.058513485680245481e+01
1.256509862862843541e+01
9.965574970333758387e+00
9.304852983362556174e+00
1.188821220645068522e+01
1.199483507827737583e+01
9.772050238058398008e+00
1.422831991532699902e+01
1.058513485680245481e+01
1.210051848659980855e+01
8.812923024107547576e+00
1.354055000514615159e+01
4.068428945128219176e+00
5.641895835477562571e+00
9.027033336764100468e+00
8.740387444736633427e+00
1.363425735166143049e+01
1.058513485680245481e+01
3.908820095223359381e+00
5.292567428401227403e+00
1.236077446474206631e+01
9.640875829802336483e+00
1.246335526484300615e+01
1.363425735166143049e+01
9.027033336764100468e+00
1.210051848659980855e+01
1.215301555949299761e+01
1.445030398768713376e+01
1.194164264288369282e+01
1.105581278308273596e+01
2.985410660720923204e+00
8.368283871884004910e+00
8.740387444736633427e+00
1.311058116710494836e+01
9.373021315815206478e+00
1.215301555949299761e+01
1.210051848659980855e+01
1.276615297284584649e+01
8.444016491289504600e+00
8.136857890256438353e+00
1.276615297284584649e+01
1.236077446474206631e+01
8.667244841319218907e+00
9.373021315815206478e+00
7.817640190446718762e+00
1.058513485680245481e+01
9.965574970333758387e+00
8.667244841319218907e+00
1.058513485680245481e+01
1.058513485680245481e+01
1.431752655671925822e+01
3.908820095223359381e+00
1.368087033328175828e+01
1.150725478350318376e+01
5.641895835477562571e+00
9.901487006738307173e+00
9.965574970333758387e+00
1.266602473693425601e+01
9.965574970333758387e+00
1.052482020710848865e+01
8.136857890256438353e+00
4.787307364817191768e+00
7.046725639945927711e+00
1.178062436274634450e+01
8.740387444736633427e+00
1.178062436274634450e+01
1.315904928495908166e+01
9.965574970333758387e+00
1.261566261010080048e+01
1.261566261010080048e+01
1.256509862862843541e+01
8.740387444736633427e+00
1.105581278308273596e+01
8.740387444736633427e+00
8.136857890256438353e+00
5.753627391751591880e+00
9.901487006738307173e+00
1.296408962885714899e+01
1.377362305878664728e+01
1.381976597885341995e+01
7.653039857325811823e+00
1.204779266504070279e+01
1.220528683538465842e+01
1.315904928495908166e+01
1.117038385124011413e+01
9.373021315815206478e+00
1.058513485680245481e+01
1.291488987023529766e+01
7.136496464611084889e+00
1.161737456321036532e+01
5.411516379806009525e+00
9.640875829802336483e+00
1.422831991532699902e+01
8.740387444736633427e+00
1.286550196516137312e+01
1.128379167095512559e+00
1.040314189572019821e+01
9.373021315815206478e+00
1.325545386523797831e+01
1.188821220645068522e+01
1.172646028567007725e+01
9.507891862878782518e+00
6.955796338302048021e+00
1.422831991532699902e+01
1.462546558286290477e+01
7.569397566060480642e+00
1.296408962885714899e+01
1.335116235624909109e+01
1.099807968464679142e+01
1.230916348999737586e+01
6.955796338302048021e+00
1.076405121554611632e+01
6.955796338302048021e+00
1.400281721259029588e+01
1.117038385124011413e+01
1.496964127403822076e+01
1.076405121554611632e+01
1.028002345391383443e+01
1.246335526484300615e+01
7.653039857325811823e+00
7.484820637019110379e+00
6.180387232371033157e+00
1.117038385124011413e+01
1.058513485680245481e+01
7.046725639945927711e+00
1.418350619798065715e+01
1.094004191971426110e+01
1.117038385124011413e+01
3.908820095223359381e+00
