1.034176589165282145e+01
1.276615297284584649e+01
8.444016491289504600e+00
1.509668435477122017e+01
9.706684619910241452e+00
1.220528683538465842e+01
9.373021315815206478e+00
1.603728119216292924e+01
1.046415791390898242e+01
1.391159267660409604e+01
1.449429283826230197e+01
7.653039857325811823e+00
4.222008245644752300e+00
1.440618081907316395e+01
1.105581278308273596e+01
1.368087033328175828e+01
9.236181543108379799e+00
1.286550196516137312e+01
1.436192209445157708e+01
6.482044814428574497e+00
1.368087033328175828e+01
1.236077446474206631e+01
1.780552292517845459e+01
1.286550196516137312e+01
1.070474469691662733e+01
1.445030398768713376e+01
4.652426491681278087e+00
1.372732503515539548e+01
1.204779266504070279e+01
1.595769121605730767e+01
8.884866446580955923e+00
5.863230142835038627e+00
1.286550196516137312e+01
1.344618962205996482e+01
9.440697438826296306e+00
1.058513485680245481e+01
9.166995688475081394e+00
7.225151993843566878e+00
1.117038385124011413e+01
1.729772508200899850e+01
1.117038385124011413e+01
1.501210842680413826e+01
1.315904928495908166e+01
9.965574970333758387e+00
9.965574970333758387e+00
1.339876023397903637e+01
9.965574970333758387e+00
1.058513485680245481e+01
1.178062436274634450e+01
1.427299292922216978e+01
6.955796338302048021e+00
1.286550196516137312e+01
1.046415791390898242e+01
1.372732503515539548e+01
1.422831991532699902e+01
1.518078909665319287e+01
1.082303275961201905e+01
8.956231982162769611e+00
9.901487006738307173e+00
1.296408962885714899e+01
1.484151074652385738e+01
1.479855404066383784e+01
1.306193320280393344e+01
1.453814859003845150e+01
1.286550196516137312e+01
1.178062436274634450e+01
1.462546558286290477e+01
1.139607097042601680e+01
6.180387232371033157e+00
1.286550196516137312e+01
1.534761596392107741e+01
1.002925341359354938e+01
1.296408962885714899e+01
1.188821220645068522e+01
7.046725639945927711e+00
1.368087033328175828e+01
1.363425735166143049e+01
1.167204486311898926e+01
1.099807968464679142e+01
1.501210842680413826e+01
1.607692842495848140e+01
1.377362305878664728e+01
1.479855404066383784e+01
1.094004191971426110e+01
1.246335526484300615e+01
1.335116235624909109e+01
1.571650316319191809e+01
1.094004191971426110e+01
1.599753570059363028e+01
1.261566261010080048e+01
1.002925341359354938e+01
1.286550196516137312e+01
1.204779266504070279e+01
1.009253008808064145e+01
1.591774699517169012e+01
1.204779266504070279e+01
1.094004191971426110e+01
