1.058513485680245481e+01
1.256509862862843541e+01
9.965574970333758387e+00
9.901487006738307173e+00
1.188821220645068522e+01
1.251433034574463399e+01
9.706684619910241452e+00
1.440618081907316395e+01
1.058513485680245481e+01
1.281592373849173683e+01
8.593479713983121826e+00
1.354055000514615159e+01
9.027033336764100468e+00
8.740387444736633427e+00
3.385137501286537898e+00
1.368087033328175828e+01
1.099807968464679142e+01
4.222008245644752300e+00
1.236077446474206631e+01
9.574614729634383536e+00
1.271618740744904485e+01
1.377362305878664728e+01
9.236181543108379799e+00
1.215301555949299761e+01
1.215301555949299761e+01
1.488434347843123184e+01
1.204779266504070279e+01
1.099807968464679142e+01
8.136857890256438353e+00
8.740387444736633427e+00
1.315904928495908166e+01
9.236181543108379799e+00
1.215301555949299761e+01
1.220528683538465842e+01
1.325545386523797831e+01
8.136857890256438353e+00
8.136857890256438353e+00
1.276615297284584649e+01
1.256509862862843541e+01
8.444016491289504600e+00
9.373021315815206478e+00
7.312732791431452384e+00
1.058513485680245481e+01
9.965574970333758387e+00
8.444016491289504600e+00
1.058513485680245481e+01
1.058513485680245481e+01
1.462546558286290477e+01
1.395727947504383337e+01
1.215301555949299761e+01
4.652426491681278087e+00
1.021790793990058255e+01
9.965574970333758387e+00
1.276615297284584649e+01
9.965574970333758387e+00
1.070474469691662733e+01
8.058239062071395509e+00
6.482044814428574497e+00
1.178062436274634450e+01
8.667244841319218907e+00
1.178062436274634450e+01
1.325545386523797831e+01
1.009253008808064145e+01
1.271618740744904485e+01
1.286550196516137312e+01
1.271618740744904485e+01
8.291859587312051971e+00
1.111324596323282954e+01
8.740387444736633427e+00
7.817640190446718762e+00
4.918490759365934828e+00
9.901487006738307173e+00
1.296408962885714899e+01
1.377362305878664728e+01
1.404820733880128181e+01
7.484820637019110379e+00
1.215301555949299761e+01
1.230916348999737586e+01
1.330339418036568588e+01
1.134007028277388685e+01
9.236181543108379799e+00
1.058513485680245481e+01
1.344618962205996482e+01
1.167204486311898926e+01
6.579524642479540830e+00
3.191538243211461623e+00
9.836981518731869656e+00
1.445030398768713376e+01
8.444016491289504600e+00
1.296408962885714899e+01
1.082303275961201905e+01
9.373021315815206478e+00
1.344618962205996482e+01
1.210051848659980855e+01
1.178062436274634450e+01
9.640875829802336483e+00
6.180387232371033157e+00
1.427299292922216978e+01
1.488434347843123184e+01
7.399277020331918919e+00
1.306193320280393344e+01
1.363425735166143049e+01
1.099807968464679142e+01
1.236077446474206631e+01
6.770275002573075795e+00
1.099807968464679142e+01
5.753627391751591880e+00
1.418350619798065715e+01
1.117038385124011413e+01
1.518078909665319287e+01
1.105581278308273596e+01
1.034176589165282145e+01
1.266602473693425601e+01
7.312732791431452384e+00
7.225151993843566878e+00
5.292567428401227403e+00
1.178062436274634450e+01
1.058513485680245481e+01
6.282549314314217703e+00
1.431752655671925822e+01
1.111324596323282954e+01
1.117038385124011413e+01
