1.058513485680245481e+01
1.266602473693425601e+01
9.027033336764100468e+00
1.458187244392064308e+01
9.836981518731869656e+00
1.215301555949299761e+01
9.373021315815206478e+00
1.583755632390385770e+01
1.052482020710848865e+01
1.386575534383213970e+01
1.431752655671925822e+01
8.136857890256438353e+00
6.579524642479540830e+00
1.427299292922216978e+01
1.117038385124011413e+01
1.354055000514615159e+01
9.373021315815206478e+00
1.281592373849173683e+01
1.395727947504383337e+01
8.136857890256438353e+00
1.286550196516137312e+01
1.236077446474206631e+01
1.685029431422315938e+01
1.271618740744904485e+01
1.076405121554611632e+01
6.863662517577697741e+00
6.076507779746498805e+00
1.400281721259029588e+01
5.863230142835038627e+00
1.215301555949299761e+01
1.320733953636073110e+01
1.509668435477122017e+01
8.214724333230154940e+00
7.225151993843566878e+00
1.286550196516137312e+01
1.315904928495908166e+01
3.568248232305542444e+00
9.373021315815206478e+00
1.058513485680245481e+01
9.373021315815206478e+00
7.898654169668588132e+00
1.117038385124011413e+01
1.611647812414279102e+01
1.117038385124011413e+01
1.453814859003845150e+01
1.311058116710494836e+01
1.015541250385961369e+01
9.965574970333758387e+00
1.320733953636073110e+01
9.965574970333758387e+00
1.058513485680245481e+01
5.527906391541367981e+00
1.178062436274634450e+01
7.653039857325811823e+00
1.409345127989185542e+01
1.236077446474206631e+01
1.052482020710848865e+01
1.368087033328175828e+01
1.404820733880128181e+01
1.488434347843123184e+01
1.099807968464679142e+01
4.222008245644752300e+00
8.740387444736633427e+00
9.965574970333758387e+00
1.296408962885714899e+01
1.449429283826230197e+01
1.445030398768713376e+01
1.271618740744904485e+01
1.436192209445157708e+01
1.276615297284584649e+01
1.178062436274634450e+01
7.484820637019110379e+00
1.449429283826230197e+01
1.070474469691662733e+01
1.230916348999737586e+01
1.505445578434700415e+01
1.040314189572019821e+01
1.296408962885714899e+01
4.222008245644752300e+00
1.167204486311898926e+01
8.136857890256438353e+00
1.368087033328175828e+01
1.344618962205996482e+01
1.167204486311898926e+01
1.070474469691662733e+01
1.488434347843123184e+01
1.599753570059363028e+01
1.368087033328175828e+01
1.471226436021925466e+01
1.099807968464679142e+01
1.241217083805063837e+01
1.296408962885714899e+01
1.530607971465162365e+01
1.094004191971426110e+01
1.583755632390385770e+01
1.251433034574463399e+01
1.009253008808064145e+01
1.291488987023529766e+01
1.194164264288369282e+01
1.028002345391383443e+01
1.579730833933717626e+01
1.194164264288369282e+01
1.105581278308273596e+01
