1.058513485680245481e+01
1.256509862862843541e+01
9.772050238058398008e+00
9.836981518731869656e+00
1.194164264288369282e+01
1.281592373849173683e+01
9.574614729634383536e+00
1.534761596392107741e+01
1.058513485680245481e+01
1.311058116710494836e+01
1.386575534383213970e+01
7.978845608028653835e+00
8.740387444736633427e+00
8.444016491289504600e+00
1.381976597885341995e+01
1.117038385124011413e+01
1.291488987023529766e+01
9.373021315815206478e+00
1.266602473693425601e+01
1.377362305878664728e+01
8.884866446580955923e+00
1.225733520300188317e+01
1.210051848659980855e+01
1.538904010394216471e+01
1.220528683538465842e+01
1.088169461344923583e+01
8.136857890256438353e+00
8.740387444736633427e+00
1.335116235624909109e+01
8.740387444736633427e+00
1.220528683538465842e+01
1.236077446474206631e+01
1.368087033328175828e+01
8.136857890256438353e+00
8.136857890256438353e+00
1.286550196516137312e+01
1.276615297284584649e+01
8.136857890256438353e+00
9.373021315815206478e+00
6.180387232371033157e+00
1.058513485680245481e+01
9.901487006738307173e+00
8.136857890256438353e+00
1.088169461344923583e+01
1.518078909665319287e+01
1.099807968464679142e+01
1.418350619798065715e+01
1.271618740744904485e+01
1.028002345391383443e+01
9.965574970333758387e+00
1.286550196516137312e+01
9.965574970333758387e+00
1.058513485680245481e+01
7.569397566060480642e+00
4.513516668382050234e+00
1.178062436274634450e+01
8.444016491289504600e+00
1.363425735166143049e+01
1.178062436274634450e+01
1.009253008808064145e+01
1.301310337505149661e+01
1.296408962885714899e+01
1.330339418036568588e+01
7.569397566060480642e+00
1.111324596323282954e+01
9.027033336764100468e+00
7.569397566060480642e+00
9.836981518731869656e+00
1.296408962885714899e+01
1.386575534383213970e+01
1.422831991532699902e+01
6.770275002573075795e+00
1.236077446474206631e+01
1.271618740744904485e+01
1.344618962205996482e+01
1.167204486311898926e+01
9.097283682934460103e+00
1.058513485680245481e+01
1.409345127989185542e+01
1.178062436274634450e+01
5.170882945826410726e+00
1.466892917224166482e+01
1.009253008808064145e+01
7.817640190446718762e+00
1.296408962885714899e+01
1.150725478350318376e+01
9.097283682934460103e+00
1.354055000514615159e+01
1.241217083805063837e+01
1.178062436274634450e+01
9.574614729634383536e+00
1.471226436021925466e+01
1.534761596392107741e+01
7.046725639945927711e+00
1.344618962205996482e+01
1.431752655671925822e+01
1.117038385124011413e+01
1.246335526484300615e+01
1.145179781116143225e+01
5.411516379806009525e+00
1.431752655671925822e+01
1.117038385124011413e+01
1.551264883747923129e+01
1.183454054540639433e+01
1.021790793990058255e+01
1.276615297284584649e+01
6.955796338302048021e+00
6.383076486422923246e+00
1.199483507827737583e+01
1.046415791390898242e+01
1.462546558286290477e+01
4.068428945128219176e+00
1.194164264288369282e+01
1.117038385124011413e+01
