1.058513485680245481e+01
1.256509862862843541e+01
9.901487006738307173e+00
9.901487006738307173e+00
1.188821220645068522e+01
1.271618740744904485e+01
9.706684619910241452e+00
1.513879513212096128e+01
1.058513485680245481e+01
1.306193320280393344e+01
8.136857890256438353e+00
1.368087033328175828e+01
8.740387444736633427e+00
8.667244841319218907e+00
1.377362305878664728e+01
1.117038385124011413e+01
1.271618740744904485e+01
9.373021315815206478e+00
1.261566261010080048e+01
1.377362305878664728e+01
9.166995688475081394e+00
1.225733520300188317e+01
1.210051848659980855e+01
1.522266721510391640e+01
1.215301555949299761e+01
1.099807968464679142e+01
8.136857890256438353e+00
8.740387444736633427e+00
1.335116235624909109e+01
9.097283682934460103e+00
1.215301555949299761e+01
1.225733520300188317e+01
1.344618962205996482e+01
8.136857890256438353e+00
8.136857890256438353e+00
1.286550196516137312e+01
1.271618740744904485e+01
8.136857890256438353e+00
9.373021315815206478e+00
6.863662517577697741e+00
1.058513485680245481e+01
9.901487006738307173e+00
8.444016491289504600e+00
1.070474469691662733e+01
1.488434347843123184e+01
1.099807968464679142e+01
1.413855043925722121e+01
1.261566261010080048e+01
1.034176589165282145e+01
9.965574970333758387e+00
1.281592373849173683e+01
9.965574970333758387e+00
1.064510777218481152e+01
7.817640190446718762e+00
5.753627391751591880e+00
1.178062436274634450e+01
8.444016491289504600e+00
1.363425735166143049e+01
1.178062436274634450e+01
1.009253008808064145e+01
1.281592373849173683e+01
1.296408962885714899e+01
1.286550196516137312e+01
8.136857890256438353e+00
1.117038385124011413e+01
8.884866446580955923e+00
7.653039857325811823e+00
2.985410660720923204e+00
9.836981518731869656e+00
1.296408962885714899e+01
1.386575534383213970e+01
1.409345127989185542e+01
7.046725639945927711e+00
1.236077446474206631e+01
1.261566261010080048e+01
1.335116235624909109e+01
1.156244577056221523e+01
9.166995688475081394e+00
1.058513485680245481e+01
1.386575534383213970e+01
1.167204486311898926e+01
5.753627391751591880e+00
1.453814859003845150e+01
1.009253008808064145e+01
7.978845608028653835e+00
1.296408962885714899e+01
1.117038385124011413e+01
9.236181543108379799e+00
1.354055000514615159e+01
1.225733520300188317e+01
1.178062436274634450e+01
9.574614729634383536e+00
1.458187244392064308e+01
5.170882945826410726e+00
1.501210842680413826e+01
7.484820637019110379e+00
1.325545386523797831e+01
1.377362305878664728e+01
1.117038385124011413e+01
1.236077446474206631e+01
5.970821321441846408e+00
1.117038385124011413e+01
4.513516668382050234e+00
1.422831991532699902e+01
1.117038385124011413e+01
1.530607971465162365e+01
1.128379167095512514e+01
1.028002345391383443e+01
1.271618740744904485e+01
7.225151993843566878e+00
6.955796338302048021e+00
3.742410318509555189e+00
1.183454054540639433e+01
1.058513485680245481e+01
5.863230142835038627e+00
1.440618081907316395e+01
1.145179781116143225e+01
1.117038385124011413e+01
