1.058513485680245481e+01
1.266602473693425601e+01
9.236181543108379799e+00
9.901487006738307173e+00
1.204779266504070279e+01
1.344618962205996482e+01
9.373021315815206478e+00
1.567594437773643001e+01
1.058513485680245481e+01
1.349345229721172146e+01
1.422831991532699902e+01
5.753627391751591880e+00
8.444016491289504600e+00
7.484820637019110379e+00
1.409345127989185542e+01
1.117038385124011413e+01
1.325545386523797831e+01
9.373021315815206478e+00
1.276615297284584649e+01
1.391159267660409604e+01
8.136857890256438353e+00
1.266602473693425601e+01
1.230916348999737586e+01
1.627371578051287671e+01
1.236077446474206631e+01
1.076405121554611632e+01
6.863662517577697741e+00
7.569397566060480642e+00
1.377362305878664728e+01
7.399277020331918919e+00
1.215301555949299761e+01
1.276615297284584649e+01
1.440618081907316395e+01
8.136857890256438353e+00
7.898654169668588132e+00
1.286550196516137312e+01
1.296408962885714899e+01
6.482044814428574497e+00
9.373021315815206478e+00
1.058513485680245481e+01
9.706684619910241452e+00
8.136857890256438353e+00
1.117038385124011413e+01
1.591774699517169012e+01
1.117038385124011413e+01
1.436192209445157708e+01
1.291488987023529766e+01
1.028002345391383443e+01
9.965574970333758387e+00
1.291488987023529766e+01
9.965574970333758387e+00
1.058513485680245481e+01
6.863662517577697741e+00
1.178062436274634450e+01
8.136857890256438353e+00
1.381976597885341995e+01
1.199483507827737583e+01
1.046415791390898242e+01
1.363425735166143049e+01
1.368087033328175828e+01
1.422831991532699902e+01
6.383076486422923246e+00
1.105581278308273596e+01
8.740387444736633427e+00
4.513516668382050234e+00
9.836981518731869656e+00
1.296408962885714899e+01
1.413855043925722121e+01
1.436192209445157708e+01
1.261566261010080048e+01
1.276615297284584649e+01
1.391159267660409604e+01
1.595769121605730811e+00
1.178062436274634450e+01
8.444016491289504600e+00
1.058513485680245481e+01
1.422831991532699902e+01
1.178062436274634450e+01
1.496964127403822076e+01
1.046415791390898242e+01
1.296408962885714899e+01
6.579524642479540830e+00
1.172646028567007725e+01
8.593479713983121826e+00
1.368087033328175828e+01
1.315904928495908166e+01
1.167204486311898926e+01
1.015541250385961369e+01
1.484151074652385738e+01
1.575695754970980111e+01
1.349345229721172146e+01
6.383076486422923246e+00
1.453814859003845150e+01
1.117038385124011413e+01
1.261566261010080048e+01
1.261566261010080048e+01
1.496964127403822076e+01
1.105581278308273596e+01
1.579730833933717626e+01
1.251433034574463399e+01
1.009253008808064145e+01
1.296408962885714899e+01
5.753627391751591880e+00
1.194164264288369282e+01
1.046415791390898242e+01
1.518078909665319287e+01
1.194164264288369282e+01
1.117038385124011413e+01
