5.411516379806009525e+00
8.444016491289504600e+00
8.740387444736633427e+00
6.675581178124545545e+00
4.513516668382050234e+00
6.955796338302048021e+00
6.383076486422923246e+00
7.225151993843566878e+00
7.569397566060480642e+00
7.569397566060480642e+00
6.383076486422923246e+00
8.136857890256438353e+00
8.444016491289504600e+00
6.955796338302048021e+00
6.383076486422923246e+00
5.292567428401227403e+00
7.312732791431452384e+00
6.955796338302048021e+00
6.482044814428574497e+00
6.863662517577697741e+00
8.136857890256438353e+00
6.955796338302048021e+00
8.740387444736633427e+00
6.383076486422923246e+00
7.569397566060480642e+00
6.955796338302048021e+00
7.569397566060480642e+00
6.482044814428574497e+00
6.383076486422923246e+00
3.908820095223359381e+00
6.955796338302048021e+00
5.411516379806009525e+00
6.863662517577697741e+00
6.955796338302048021e+00
8.136857890256438353e+00
7.569397566060480642e+00
4.513516668382050234e+00
4.652426491681278087e+00
4.652426491681278087e+00
6.955796338302048021e+00
6.955796338302048021e+00
9.027033336764100468e+00
7.569397566060480642e+00
8.136857890256438353e+00
6.383076486422923246e+00
6.863662517577697741e+00
8.136857890256438353e+00
7.569397566060480642e+00
6.955796338302048021e+00
6.955796338302048021e+00
5.411516379806009525e+00
7.569397566060480642e+00
5.411516379806009525e+00
6.383076486422923246e+00
7.817640190446718762e+00
3.385137501286537898e+00
6.770275002573075795e+00
6.383076486422923246e+00
5.292567428401227403e+00
5.411516379806009525e+00
5.292567428401227403e+00
6.383076486422923246e+00
6.383076486422923246e+00
5.527906391541367981e+00
6.770275002573075795e+00
4.222008245644752300e+00
6.383076486422923246e+00
5.411516379806009525e+00
6.383076486422923246e+00
5.411516379806009525e+00
5.411516379806009525e+00
5.753627391751591880e+00
8.291859587312051971e+00
6.482044814428574497e+00
8.136857890256438353e+00
6.770275002573075795e+00
6.383076486422923246e+00
6.955796338302048021e+00
8.368283871884004910e+00
5.753627391751591880e+00
7.569397566060480642e+00
7.569397566060480642e+00
7.569397566060480642e+00
6.383076486422923246e+00
6.383076486422923246e+00
4.918490759365934828e+00
6.076507779746498805e+00
8.136857890256438353e+00
6.955796338302048021e+00
8.136857890256438353e+00
4.652426491681278087e+00
7.817640190446718762e+00
7.569397566060480642e+00
5.411516379806009525e+00
8.291859587312051971e+00
6.863662517577697741e+00
5.411516379806009525e+00
8.136857890256438353e+00
5.411516379806009525e+00
1.128379167095512559e+00
7.225151993843566878e+00
6.383076486422923246e+00
5.292567428401227403e+00
5.170882945826410726e+00
8.136857890256438353e+00
7.653039857325811823e+00
5.411516379806009525e+00
4.787307364817191768e+00
6.955796338302048021e+00
4.222008245644752300e+00
6.383076486422923246e+00
5.411516379806009525e+00
7.046725639945927711e+00
6.955796338302048021e+00
7.817640190446718762e+00
8.956231982162769611e+00
8.136857890256438353e+00
5.411516379806009525e+00
6.383076486422923246e+00
7.046725639945927711e+00
5.292567428401227403e+00
8.593479713983121826e+00
7.569397566060480642e+00
6.180387232371033157e+00
6.955796338302048021e+00
6.383076486422923246e+00
4.513516668382050234e+00
4.918490759365934828e+00
4.222008245644752300e+00
6.955796338302048021e+00
6.955796338302048021e+00
6.955796338302048021e+00
6.383076486422923246e+00
5.411516379806009525e+00
5.411516379806009525e+00
4.787307364817191768e+00
8.136857890256438353e+00
5.292567428401227403e+00
7.569397566060480642e+00
6.383076486422923246e+00
6.383076486422923246e+00
6.955796338302048021e+00
7.978845608028653835e+00
6.383076486422923246e+00
7.569397566060480642e+00
8.136857890256438353e+00
4.787307364817191768e+00
7.569397566060480642e+00
6.863662517577697741e+00
6.955796338302048021e+00
5.411516379806009525e+00
6.955796338302048021e+00
6.955796338302048021e+00
6.955796338302048021e+00
5.292567428401227403e+00
8.136857890256438353e+00
6.482044814428574497e+00
6.383076486422923246e+00
8.136857890256438353e+00
8.136857890256438353e+00
5.411516379806009525e+00
8.136857890256438353e+00
6.482044814428574497e+00
8.136857890256438353e+00
8.291859587312051971e+00
4.513516668382050234e+00
6.383076486422923246e+00
7.978845608028653835e+00
5.046265044040320724e+00
6.482044814428574497e+00
8.058239062071395509e+00
6.383076486422923246e+00
7.399277020331918919e+00
7.569397566060480642e+00
6.383076486422923246e+00
6.383076486422923246e+00
6.675581178124545545e+00
6.383076486422923246e+00
4.652426491681278087e+00
6.383076486422923246e+00
5.292567428401227403e+00
6.076507779746498805e+00
4.918490759365934828e+00
5.411516379806009525e+00
6.579524642479540830e+00
7.569397566060480642e+00
5.411516379806009525e+00
7.399277020331918919e+00
6.383076486422923246e+00
6.482044814428574497e+00
7.569397566060480642e+00
7.569397566060480642e+00
6.383076486422923246e+00
5.411516379806009525e+00
8.291859587312051971e+00
6.383076486422923246e+00
6.383076486422923246e+00
7.569397566060480642e+00
6.955796338302048021e+00
8.136857890256438353e+00
6.770275002573075795e+00
5.292567428401227403e+00
6.383076486422923246e+00
7.569397566060480642e+00
6.383076486422923246e+00
6.770275002573075795e+00
5.411516379806009525e+00
5.527906391541367981e+00
6.383076486422923246e+00
6.863662517577697741e+00
8.136857890256438353e+00
6.482044814428574497e+00
6.383076486422923246e+00
4.787307364817191768e+00
1.122723095552866468e+01
7.399277020331918919e+00
6.383076486422923246e+00
5.411516379806009525e+00
6.955796338302048021e+00
5.292567428401227403e+00
5.411516379806009525e+00
7.569397566060480642e+00
6.383076486422923246e+00
5.411516379806009525e+00
4.787307364817191768e+00
7.569397566060480642e+00
7.484820637019110379e+00
7.653039857325811823e+00
5.411516379806009525e+00
7.569397566060480642e+00
5.170882945826410726e+00
6.955796338302048021e+00
8.593479713983121826e+00
6.383076486422923246e+00
8.136857890256438353e+00
6.383076486422923246e+00
6.383076486422923246e+00
5.753627391751591880e+00
7.399277020331918919e+00
6.770275002573075795e+00
7.569397566060480642e+00
7.569397566060480642e+00
6.383076486422923246e+00
8.291859587312051971e+00
7.569397566060480642e+00
7.569397566060480642e+00
7.136496464611084889e+00
6.383076486422923246e+00
5.411516379806009525e+00
8.593479713983121826e+00
3.908820095223359381e+00
4.222008245644752300e+00
6.383076486422923246e+00
7.399277020331918919e+00
8.593479713983121826e+00
7.046725639945927711e+00
6.482044814428574497e+00
7.569397566060480642e+00
7.399277020331918919e+00
4.652426491681278087e+00
6.770275002573075795e+00
6.383076486422923246e+00
7.569397566060480642e+00
6.955796338302048021e+00
6.955796338302048021e+00
3.191538243211461623e+00
6.955796338302048021e+00
8.136857890256438353e+00
5.527906391541367981e+00
7.569397566060480642e+00
6.482044814428574497e+00
6.383076486422923246e+00
6.955796338302048021e+00
6.383076486422923246e+00
6.383076486422923246e+00
6.383076486422923246e+00
7.569397566060480642e+00
6.482044814428574497e+00
8.740387444736633427e+00
6.383076486422923246e+00
5.527906391541367981e+00
