1.058513485680245481e+01
1.145179781116143225e+01
1.058513485680245481e+01
1.178062436274634450e+01
1.009253008808064145e+01
1.188821220645068522e+01
8.740387444736633427e+00
1.117038385124011413e+01
9.965574970333758387e+00
1.058513485680245481e+01
9.965574970333758387e+00
8.667244841319218907e+00
1.105581278308273596e+01
1.236077446474206631e+01
1.368087033328175828e+01
7.978845608028653835e+00
1.479855404066383784e+01
7.569397566060480642e+00
1.117038385124011413e+01
1.496964127403822076e+01
1.496964127403822076e+01
1.236077446474206631e+01
1.210051848659980855e+01
1.070474469691662733e+01
1.418350619798065715e+01
1.028002345391383443e+01
8.368283871884004910e+00
9.027033336764100468e+00
1.094004191971426110e+01
1.236077446474206631e+01
1.210051848659980855e+01
9.965574970333758387e+00
1.445030398768713376e+01
9.304852983362556174e+00
7.484820637019110379e+00
1.677456227108388731e+01
1.225733520300188317e+01
1.167204486311898926e+01
1.488434347843123184e+01
1.427299292922216978e+01
1.225733520300188317e+01
1.178062436274634450e+01
9.373021315815206478e+00
1.058513485680245481e+01
9.965574970333758387e+00
8.136857890256438353e+00
5.753627391751591880e+00
7.817640190446718762e+00
1.236077446474206631e+01
5.753627391751591880e+00
1.150725478350318376e+01
1.009253008808064145e+01
1.488434347843123184e+01
1.261566261010080048e+01
1.306193320280393344e+01
1.488434347843123184e+01
1.571650316319191809e+01
1.246335526484300615e+01
1.311058116710494836e+01
1.058513485680245481e+01
8.740387444736633427e+00
1.296408962885714899e+01
5.046265044040320724e+00
9.640875829802336483e+00
1.002925341359354938e+01
1.225733520300188317e+01
9.640875829802336483e+00
7.484820637019110379e+00
6.282549314314217703e+00
5.527906391541367981e+00
1.117038385124011413e+01
1.354055000514615159e+01
1.335116235624909109e+01
1.291488987023529766e+01
1.058513485680245481e+01
9.507891862878782518e+00
1.167204486311898926e+01
1.117038385124011413e+01
8.444016491289504600e+00
1.418350619798065715e+01
1.335116235624909109e+01
1.117038385124011413e+01
1.178062436274634450e+01
6.955796338302048021e+00
1.128379167095512514e+01
9.507891862878782518e+00
9.373021315815206478e+00
8.136857890256438353e+00
6.955796338302048021e+00
1.236077446474206631e+01
9.373021315815206478e+00
1.271618740744904485e+01
4.513516668382050234e+00
1.344618962205996482e+01
1.117038385124011413e+01
1.128379167095512514e+01
1.009253008808064145e+01
1.058513485680245481e+01
9.836981518731869656e+00
7.046725639945927711e+00
9.097283682934460103e+00
8.291859587312051971e+00
6.955796338302048021e+00
8.368283871884004910e+00
1.052482020710848865e+01
1.436192209445157708e+01
1.199483507827737583e+01
3.568248232305542444e+00
8.740387444736633427e+00
8.136857890256438353e+00
8.884866446580955923e+00
5.970821321441846408e+00
6.383076486422923246e+00
1.064510777218481152e+01
9.507891862878782518e+00
1.418350619798065715e+01
1.335116235624909109e+01
1.070474469691662733e+01
5.641895835477562571e+00
1.513879513212096128e+01
9.507891862878782518e+00
1.296408962885714899e+01
1.358748446131948917e+01
8.593479713983121826e+00
1.172646028567007725e+01
1.058513485680245481e+01
