1.058513485680245481e+01
1.178062436274634450e+01
1.058513485680245481e+01
1.178062436274634450e+01
9.965574970333758387e+00
1.225733520300188317e+01
8.136857890256438353e+00
1.117038385124011413e+01
9.965574970333758387e+00
1.058513485680245481e+01
9.236181543108379799e+00
7.136496464611084889e+00
1.094004191971426110e+01
1.236077446474206631e+01
1.563528038089343752e+01
1.579730833933717626e+01
1.134007028277388685e+01
1.349345229721172146e+01
1.575695754970980111e+01
1.547155565579009817e+01
1.220528683538465842e+01
1.543035303761632804e+01
1.058513485680245481e+01
9.836981518731869656e+00
6.863662517577697741e+00
7.898654169668588132e+00
1.052482020710848865e+01
1.271618740744904485e+01
1.261566261010080048e+01
9.373021315815206478e+00
1.522266721510391640e+01
7.569397566060480642e+00
1.769793569896924623e+01
1.335116235624909109e+01
1.194164264288369282e+01
1.571650316319191809e+01
1.453814859003845150e+01
1.320733953636073110e+01
1.271618740744904485e+01
8.956231982162769611e+00
1.058513485680245481e+01
9.706684619910241452e+00
4.513516668382050234e+00
7.484820637019110379e+00
1.301310337505149661e+01
1.161737456321036532e+01
1.052482020710848865e+01
1.538904010394216471e+01
1.266602473693425601e+01
1.377362305878664728e+01
1.587770228520368221e+01
1.658371917462410394e+01
1.296408962885714899e+01
1.413855043925722121e+01
1.058513485680245481e+01
5.863230142835038627e+00
1.335116235624909109e+01
9.965574970333758387e+00
1.002925341359354938e+01
1.236077446474206631e+01
1.040314189572019821e+01
1.462546558286290477e+01
1.117038385124011413e+01
1.381976597885341995e+01
1.453814859003845150e+01
1.070474469691662733e+01
8.740387444736633427e+00
1.210051848659980855e+01
1.117038385124011413e+01
1.496964127403822076e+01
1.555363345008750464e+01
6.863662517577697741e+00
1.117038385124011413e+01
1.167204486311898926e+01
1.210051848659980855e+01
9.027033336764100468e+00
9.772050238058398008e+00
6.863662517577697741e+00
1.404820733880128181e+01
9.166995688475081394e+00
1.296408962885714899e+01
1.215301555949299761e+01
1.381976597885341995e+01
1.178062436274634450e+01
1.117038385124011413e+01
1.094004191971426110e+01
1.076405121554611632e+01
8.740387444736633427e+00
6.180387232371033157e+00
7.898654169668588132e+00
8.136857890256438353e+00
1.034176589165282145e+01
1.534761596392107741e+01
1.271618740744904485e+01
7.898654169668588132e+00
7.225151993843566878e+00
9.373021315815206478e+00
1.579730833933717626e+01
1.117038385124011413e+01
9.373021315815206478e+00
1.199483507827737583e+01
1.431752655671925822e+01
1.567594437773643001e+01
9.166995688475081394e+00
1.325545386523797831e+01
1.431752655671925822e+01
7.136496464611084889e+00
1.178062436274634450e+01
1.058513485680245481e+01
