1.058513485680245481e+01
1.751715531361111644e+01
1.178062436274634450e+01
9.373021315815206478e+00
1.194164264288369282e+01
4.222008245644752300e+00
1.117038385124011413e+01
9.836981518731869656e+00
1.058513485680245481e+01
8.740387444736633427e+00
1.088169461344923583e+01
1.718695942796624365e+01
1.236077446474206631e+01
1.650676414605009157e+01
1.666031874701878124e+01
1.128379167095512514e+01
1.436192209445157708e+01
1.662206308517478703e+01
1.220528683538465842e+01
1.603728119216292924e+01
1.009253008808064145e+01
9.027033336764100468e+00
9.640875829802336483e+00
1.358748446131948917e+01
1.368087033328175828e+01
9.166995688475081394e+00
1.543035303761632804e+01
1.391159267660409604e+01
1.822952333923949553e+01
1.215301555949299761e+01
1.692568750643268771e+01
1.522266721510391640e+01
1.409345127989185542e+01
1.276615297284584649e+01
1.034176589165282145e+01
9.166995688475081394e+00
7.569397566060480642e+00
1.315904928495908166e+01
1.156244577056221523e+01
1.058513485680245481e+01
1.551264883747923129e+01
1.256509862862843541e+01
1.404820733880128181e+01
1.707547527140466670e+01
1.718695942796624365e+01
1.349345229721172146e+01
1.422831991532699902e+01
1.117038385124011413e+01
1.363425735166143049e+01
9.901487006738307173e+00
9.373021315815206478e+00
1.236077446474206631e+01
1.040314189572019821e+01
1.496964127403822076e+01
1.117038385124011413e+01
1.431752655671925822e+01
1.583755632390385770e+01
1.117038385124011413e+01
5.641895835477562571e+00
1.236077446474206631e+01
1.117038385124011413e+01
1.635176762293251684e+01
1.603728119216292924e+01
1.111324596323282954e+01
1.134007028277388685e+01
1.256509862862843541e+01
7.569397566060480642e+00
9.373021315815206478e+00
1.571650316319191809e+01
8.667244841319218907e+00
1.296408962885714899e+01
1.286550196516137312e+01
1.427299292922216978e+01
1.225733520300188317e+01
1.117038385124011413e+01
1.117038385124011413e+01
1.117038385124011413e+01
8.593479713983121826e+00
4.918490759365934828e+00
1.015541250385961369e+01
6.955796338302048021e+00
1.579730833933717626e+01
1.271618740744904485e+01
5.970821321441846408e+00
9.373021315815206478e+00
1.711271735549580697e+01
1.220528683538465842e+01
9.373021315815206478e+00
1.204779266504070279e+01
1.776973289316191185e+01
1.677456227108388731e+01
1.418350619798065715e+01
1.484151074652385738e+01
1.204779266504070279e+01
1.021790793990058255e+01
