1.058513485680245481e+01
1.099807968464679142e+01
1.034176589165282145e+01
1.117038385124011413e+01
9.836981518731869656e+00
1.070474469691662733e+01
8.740387444736633427e+00
6.579524642479540830e+00
1.117038385124011413e+01
4.222008245644752300e+00
9.965574970333758387e+00
1.070474469691662733e+01
2.985410660720923204e+00
6.579524642479540830e+00
1.117038385124011413e+01
9.965574970333758387e+00
8.136857890256438353e+00
1.052482020710848865e+01
1.194164264288369282e+01
1.178062436274634450e+01
8.136857890256438353e+00
1.418350619798065715e+01
7.569397566060480642e+00
6.863662517577697741e+00
6.282549314314217703e+00
9.772050238058398008e+00
1.427299292922216978e+01
1.462546558286290477e+01
1.150725478350318376e+01
1.082303275961201905e+01
1.058513485680245481e+01
1.276615297284584649e+01
6.863662517577697741e+00
1.002925341359354938e+01
4.513516668382050234e+00
8.444016491289504600e+00
8.740387444736633427e+00
1.117038385124011413e+01
6.383076486422923246e+00
6.383076486422923246e+00
1.088169461344923583e+01
5.641895835477562571e+00
1.111324596323282954e+01
1.002925341359354938e+01
9.965574970333758387e+00
1.281592373849173683e+01
8.136857890256438353e+00
1.522266721510391640e+01
1.145179781116143225e+01
6.383076486422923246e+00
1.094004191971426110e+01
1.445030398768713376e+01
1.386575534383213970e+01
1.139607097042601680e+01
1.178062436274634450e+01
5.753627391751591880e+00
9.373021315815206478e+00
1.058513485680245481e+01
9.836981518731869656e+00
8.812923024107547576e+00
7.312732791431452384e+00
7.569397566060480642e+00
7.046725639945927711e+00
1.199483507827737583e+01
1.058513485680245481e+01
9.965574970333758387e+00
1.404820733880128181e+01
1.172646028567007725e+01
5.411516379806009525e+00
6.482044814428574497e+00
1.276615297284584649e+01
1.413855043925722121e+01
1.413855043925722121e+01
1.128379167095512514e+01
1.236077446474206631e+01
8.956231982162769611e+00
9.574614729634383536e+00
5.970821321441846408e+00
1.246335526484300615e+01
4.513516668382050234e+00
7.225151993843566878e+00
9.373021315815206478e+00
8.956231982162769611e+00
5.170882945826410726e+00
1.128379167095512514e+01
9.373021315815206478e+00
8.368283871884004910e+00
7.225151993843566878e+00
7.312732791431452384e+00
3.742410318509555189e+00
7.225151993843566878e+00
1.117038385124011413e+01
1.236077446474206631e+01
1.230916348999737586e+01
5.641895835477562571e+00
1.150725478350318376e+01
9.965574970333758387e+00
9.373021315815206478e+00
1.117038385124011413e+01
1.128379167095512514e+01
8.740387444736633427e+00
1.344618962205996482e+01
1.256509862862843541e+01
1.117038385124011413e+01
8.136857890256438353e+00
1.178062436274634450e+01
1.052482020710848865e+01
9.373021315815206478e+00
9.373021315815206478e+00
8.136857890256438353e+00
8.058239062071395509e+00
1.178062436274634450e+01
9.574614729634383536e+00
7.225151993843566878e+00
1.236077446474206631e+01
1.330339418036568588e+01
1.058513485680245481e+01
1.117038385124011413e+01
9.507891862878782518e+00
7.653039857325811823e+00
1.002925341359354938e+01
9.507891862878782518e+00
9.166995688475081394e+00
8.519075891779829490e+00
7.225151993843566878e+00
8.593479713983121826e+00
1.046415791390898242e+01
1.381976597885341995e+01
6.955796338302048021e+00
1.145179781116143225e+01
6.675581178124545545e+00
9.097283682934460103e+00
8.291859587312051971e+00
8.740387444736633427e+00
8.136857890256438353e+00
9.373021315815206478e+00
1.021790793990058255e+01
1.281592373849173683e+01
7.225151993843566878e+00
1.225733520300188317e+01
1.028002345391383443e+01
1.391159267660409604e+01
9.440697438826296306e+00
5.970821321441846408e+00
1.266602473693425601e+01
1.286550196516137312e+01
8.444016491289504600e+00
5.970821321441846408e+00
1.167204486311898926e+01
1.070474469691662733e+01
