1.058513485680245481e+01
1.787688803255549530e+01
1.178062436274634450e+01
8.812923024107547576e+00
1.178062436274634450e+01
1.117038385124011413e+01
9.640875829802336483e+00
1.034176589165282145e+01
7.225151993843566878e+00
1.058513485680245481e+01
1.762584604821509515e+01
1.236077446474206631e+01
1.703815178355965898e+01
1.711271735549580697e+01
1.128379167095512514e+01
1.453814859003845150e+01
1.714987856615383066e+01
1.220528683538465842e+01
1.603728119216292924e+01
1.002925341359354938e+01
7.484820637019110379e+00
8.812923024107547576e+00
1.363425735166143049e+01
1.381976597885341995e+01
1.575695754970980111e+01
7.569397566060480642e+00
1.400281721259029588e+01
1.867799869518773193e+01
1.225733520300188317e+01
1.714987856615383066e+01
1.543035303761632804e+01
1.418350619798065715e+01
1.276615297284584649e+01
1.040314189572019821e+01
8.667244841319218907e+00
5.753627391751591880e+00
1.315904928495908166e+01
1.134007028277388685e+01
1.058513485680245481e+01
1.575695754970980111e+01
1.261566261010080048e+01
1.413855043925722121e+01
1.762584604821509515e+01
1.762584604821509515e+01
1.363425735166143049e+01
1.431752655671925822e+01
1.094004191971426110e+01
1.372732503515539548e+01
8.667244841319218907e+00
9.373021315815206478e+00
1.225733520300188317e+01
1.015541250385961369e+01
1.559451034962034477e+01
1.117038385124011413e+01
1.445030398768713376e+01
1.642944866646030988e+01
1.111324596323282954e+01
1.236077446474206631e+01
1.117038385124011413e+01
1.726088217525477830e+01
1.631278838364701755e+01
1.111324596323282954e+01
1.134007028277388685e+01
1.311058116710494836e+01
4.222008245644752300e+00
9.373021315815206478e+00
1.642944866646030988e+01
7.569397566060480642e+00
1.296408962885714899e+01
1.296408962885714899e+01
1.466892917224166482e+01
1.188821220645068522e+01
1.236077446474206631e+01
1.117038385124011413e+01
1.111324596323282954e+01
9.440697438826296306e+00
1.002925341359354938e+01
1.642944866646030988e+01
1.286550196516137312e+01
9.836981518731869656e+00
1.808929415419343556e+01
1.241217083805063837e+01
8.812923024107547576e+00
1.847236308621675960e+01
1.194164264288369282e+01
1.711271735549580697e+01
1.445030398768713376e+01
1.522266721510391640e+01
1.188821220645068522e+01
1.002925341359354938e+01
