1.058513485680245481e+01
1.117038385124011413e+01
1.058513485680245481e+01
1.150725478350318376e+01
9.965574970333758387e+00
1.111324596323282954e+01
8.740387444736633427e+00
5.863230142835038627e+00
1.117038385124011413e+01
9.965574970333758387e+00
1.058513485680245481e+01
5.641895835477562571e+00
9.965574970333758387e+00
8.136857890256438353e+00
1.094004191971426110e+01
1.215301555949299761e+01
1.225733520300188317e+01
8.136857890256438353e+00
1.440618081907316395e+01
7.569397566060480642e+00
6.383076486422923246e+00
1.046415791390898242e+01
5.411516379806009525e+00
1.462546558286290477e+01
1.475547227809780537e+01
1.178062436274634450e+01
1.167204486311898926e+01
1.070474469691662733e+01
1.306193320280393344e+01
9.965574970333758387e+00
5.527906391541367981e+00
8.368283871884004910e+00
8.812923024107547576e+00
1.117038385124011413e+01
5.046265044040320724e+00
5.170882945826410726e+00
1.128379167095512514e+01
3.908820095223359381e+00
1.150725478350318376e+01
9.965574970333758387e+00
1.339876023397903637e+01
9.901487006738307173e+00
8.136857890256438353e+00
1.579730833933717626e+01
1.172646028567007725e+01
4.513516668382050234e+00
1.117038385124011413e+01
1.466892917224166482e+01
1.404820733880128181e+01
1.178062436274634450e+01
1.178062436274634450e+01
4.652426491681278087e+00
9.373021315815206478e+00
1.058513485680245481e+01
9.965574970333758387e+00
8.593479713983121826e+00
6.863662517577697741e+00
7.735777827895049086e+00
6.863662517577697741e+00
1.215301555949299761e+01
1.070474469691662733e+01
9.965574970333758387e+00
1.436192209445157708e+01
1.215301555949299761e+01
5.970821321441846408e+00
2.256758334191025117e+00
1.296408962885714899e+01
1.427299292922216978e+01
1.509668435477122017e+01
1.199483507827737583e+01
1.251433034574463399e+01
8.740387444736633427e+00
9.836981518731869656e+00
1.266602473693425601e+01
4.222008245644752300e+00
6.863662517577697741e+00
9.507891862878782518e+00
9.772050238058398008e+00
1.178062436274634450e+01
9.373021315815206478e+00
8.291859587312051971e+00
6.383076486422923246e+00
7.225151993843566878e+00
6.955796338302048021e+00
1.117038385124011413e+01
1.281592373849173683e+01
1.276615297284584649e+01
3.385137501286537898e+00
1.046415791390898242e+01
1.167204486311898926e+01
9.373021315815206478e+00
1.150725478350318376e+01
1.117038385124011413e+01
8.740387444736633427e+00
1.377362305878664728e+01
1.271618740744904485e+01
1.117038385124011413e+01
1.178062436274634450e+01
7.735777827895049086e+00
1.094004191971426110e+01
9.373021315815206478e+00
9.373021315815206478e+00
8.136857890256438353e+00
7.653039857325811823e+00
1.178062436274634450e+01
9.373021315815206478e+00
6.955796338302048021e+00
1.261566261010080048e+01
1.344618962205996482e+01
1.070474469691662733e+01
1.117038385124011413e+01
9.901487006738307173e+00
1.034176589165282145e+01
9.507891862878782518e+00
7.569397566060480642e+00
9.166995688475081394e+00
8.368283871884004910e+00
7.046725639945927711e+00
8.291859587312051971e+00
1.034176589165282145e+01
1.395727947504383337e+01
5.753627391751591880e+00
1.167204486311898926e+01
6.383076486422923246e+00
8.812923024107547576e+00
8.136857890256438353e+00
8.740387444736633427e+00
7.569397566060480642e+00
9.507891862878782518e+00
1.021790793990058255e+01
1.339876023397903637e+01
6.863662517577697741e+00
1.276615297284584649e+01
1.058513485680245481e+01
1.440618081907316395e+01
9.507891862878782518e+00
4.222008245644752300e+00
1.271618740744904485e+01
1.296408962885714899e+01
8.444016491289504600e+00
3.385137501286537898e+00
1.167204486311898926e+01
1.058513485680245481e+01
