1.058513485680245481e+01
1.111324596323282954e+01
1.046415791390898242e+01
1.150725478350318376e+01
9.965574970333758387e+00
1.099807968464679142e+01
8.740387444736633427e+00
6.282549314314217703e+00
1.117038385124011413e+01
9.965574970333758387e+00
1.064510777218481152e+01
6.383076486422923246e+00
9.965574970333758387e+00
8.136857890256438353e+00
1.094004191971426110e+01
1.210051848659980855e+01
1.210051848659980855e+01
8.136857890256438353e+00
1.436192209445157708e+01
7.569397566060480642e+00
6.863662517577697741e+00
1.021790793990058255e+01
5.753627391751591880e+00
1.453814859003845150e+01
1.471226436021925466e+01
1.167204486311898926e+01
1.145179781116143225e+01
1.058513485680245481e+01
1.296408962885714899e+01
9.965574970333758387e+00
5.970821321441846408e+00
8.368283871884004910e+00
8.740387444736633427e+00
1.117038385124011413e+01
5.292567428401227403e+00
5.411516379806009525e+00
1.128379167095512514e+01
4.513516668382050234e+00
1.145179781116143225e+01
9.965574970333758387e+00
1.315904928495908166e+01
9.965574970333758387e+00
8.136857890256438353e+00
1.571650316319191809e+01
1.172646028567007725e+01
4.787307364817191768e+00
1.117038385124011413e+01
1.462546558286290477e+01
1.395727947504383337e+01
1.172646028567007725e+01
1.178062436274634450e+01
5.292567428401227403e+00
9.373021315815206478e+00
1.058513485680245481e+01
9.965574970333758387e+00
8.812923024107547576e+00
6.863662517577697741e+00
7.484820637019110379e+00
6.863662517577697741e+00
1.215301555949299761e+01
1.070474469691662733e+01
9.965574970333758387e+00
1.431752655671925822e+01
1.215301555949299761e+01
3.568248232305542444e+00
6.383076486422923246e+00
1.296408962885714899e+01
1.427299292922216978e+01
1.488434347843123184e+01
1.178062436274634450e+01
1.246335526484300615e+01
8.740387444736633427e+00
9.772050238058398008e+00
1.261566261010080048e+01
4.652426491681278087e+00
6.863662517577697741e+00
9.507891862878782518e+00
9.574614729634383536e+00
1.167204486311898926e+01
9.373021315815206478e+00
8.291859587312051971e+00
6.579524642479540830e+00
7.484820637019110379e+00
7.225151993843566878e+00
1.117038385124011413e+01
1.271618740744904485e+01
1.266602473693425601e+01
4.787307364817191768e+00
1.028002345391383443e+01
1.161737456321036532e+01
9.373021315815206478e+00
1.145179781116143225e+01
1.117038385124011413e+01
8.740387444736633427e+00
1.368087033328175828e+01
1.271618740744904485e+01
1.117038385124011413e+01
1.178062436274634450e+01
7.817640190446718762e+00
1.082303275961201905e+01
9.373021315815206478e+00
9.373021315815206478e+00
8.136857890256438353e+00
7.653039857325811823e+00
1.178062436274634450e+01
9.373021315815206478e+00
6.955796338302048021e+00
1.256509862862843541e+01
1.339876023397903637e+01
1.064510777218481152e+01
1.117038385124011413e+01
9.836981518731869656e+00
1.028002345391383443e+01
9.507891862878782518e+00
7.399277020331918919e+00
9.166995688475081394e+00
8.444016491289504600e+00
7.046725639945927711e+00
8.291859587312051971e+00
1.040314189572019821e+01
1.395727947504383337e+01
6.383076486422923246e+00
1.167204486311898926e+01
6.383076486422923246e+00
8.884866446580955923e+00
8.136857890256438353e+00
8.740387444736633427e+00
7.735777827895049086e+00
9.373021315815206478e+00
1.021790793990058255e+01
1.320733953636073110e+01
7.136496464611084889e+00
1.266602473693425601e+01
1.046415791390898242e+01
1.431752655671925822e+01
9.507891862878782518e+00
4.918490759365934828e+00
1.271618740744904485e+01
1.291488987023529766e+01
8.444016491289504600e+00
4.513516668382050234e+00
1.167204486311898926e+01
1.058513485680245481e+01
