1.058513485680245481e+01
1.117038385124011413e+01
1.058513485680245481e+01
1.167204486311898926e+01
9.965574970333758387e+00
1.150725478350318376e+01
8.740387444736633427e+00
1.117038385124011413e+01
3.908820095223359381e+00
9.965574970333758387e+00
1.058513485680245481e+01
3.191538243211461623e+00
9.965574970333758387e+00
8.368283871884004910e+00
1.105581278308273596e+01
1.220528683538465842e+01
1.301310337505149661e+01
8.136857890256438353e+00
1.462546558286290477e+01
7.399277020331918919e+00
5.170882945826410726e+00
1.070474469691662733e+01
1.475547227809780537e+01
1.492705330360461602e+01
1.220528683538465842e+01
1.188821220645068522e+01
1.070474469691662733e+01
1.386575534383213970e+01
1.021790793990058255e+01
4.068428945128219176e+00
8.444016491289504600e+00
8.884866446580955923e+00
1.105581278308273596e+01
1.199483507827737583e+01
1.954410047611679691e+00
1.210051848659980855e+01
9.965574970333758387e+00
1.436192209445157708e+01
9.640875829802336483e+00
7.898654169668588132e+00
1.662206308517478703e+01
1.210051848659980855e+01
1.156244577056221523e+01
1.484151074652385738e+01
1.418350619798065715e+01
1.210051848659980855e+01
1.178062436274634450e+01
9.373021315815206478e+00
1.058513485680245481e+01
9.965574970333758387e+00
8.368283871884004910e+00
6.482044814428574497e+00
7.898654169668588132e+00
6.675581178124545545e+00
1.225733520300188317e+01
1.099807968464679142e+01
1.002925341359354938e+01
1.479855404066383784e+01
1.251433034574463399e+01
4.370193722368316713e+00
1.296408962885714899e+01
1.445030398768713376e+01
1.559451034962034477e+01
1.236077446474206631e+01
1.301310337505149661e+01
1.034176589165282145e+01
8.740387444736633427e+00
1.276615297284584649e+01
5.753627391751591880e+00
9.507891862878782518e+00
9.965574970333758387e+00
1.225733520300188317e+01
9.373021315815206478e+00
7.735777827895049086e+00
7.046725639945927711e+00
4.787307364817191768e+00
6.180387232371033157e+00
1.117038385124011413e+01
1.335116235624909109e+01
1.325545386523797831e+01
1.058513485680245481e+01
1.225733520300188317e+01
9.373021315815206478e+00
1.161737456321036532e+01
1.117038385124011413e+01
8.740387444736633427e+00
1.404820733880128181e+01
1.315904928495908166e+01
1.117038385124011413e+01
1.178062436274634450e+01
7.225151993843566878e+00
1.117038385124011413e+01
9.373021315815206478e+00
9.373021315815206478e+00
8.136857890256438353e+00
7.225151993843566878e+00
1.183454054540639433e+01
9.373021315815206478e+00
1.266602473693425601e+01
5.753627391751591880e+00
1.344618962205996482e+01
1.099807968464679142e+01
1.117038385124011413e+01
9.965574970333758387e+00
1.058513485680245481e+01
9.640875829802336483e+00
7.225151993843566878e+00
9.166995688475081394e+00
8.291859587312051971e+00
7.046725639945927711e+00
8.291859587312051971e+00
1.046415791390898242e+01
1.427299292922216978e+01
4.787307364817191768e+00
1.178062436274634450e+01
5.046265044040320724e+00
8.740387444736633427e+00
8.136857890256438353e+00
8.884866446580955923e+00
6.955796338302048021e+00
1.040314189572019821e+01
9.507891862878782518e+00
1.372732503515539548e+01
1.330339418036568588e+01
1.058513485680245481e+01
6.282549314314217703e+00
1.479855404066383784e+01
9.507891862878782518e+00
1.286550196516137312e+01
1.330339418036568588e+01
8.740387444736633427e+00
1.172646028567007725e+01
1.058513485680245481e+01
