1.058513485680245481e+01
1.117038385124011413e+01
1.058513485680245481e+01
1.161737456321036532e+01
9.965574970333758387e+00
1.117038385124011413e+01
8.740387444736633427e+00
5.411516379806009525e+00
1.117038385124011413e+01
9.965574970333758387e+00
1.058513485680245481e+01
5.527906391541367981e+00
9.965574970333758387e+00
8.136857890256438353e+00
1.094004191971426110e+01
1.215301555949299761e+01
1.241217083805063837e+01
8.136857890256438353e+00
1.445030398768713376e+01
7.399277020331918919e+00
6.180387232371033157e+00
1.046415791390898242e+01
4.787307364817191768e+00
1.466892917224166482e+01
1.479855404066383784e+01
1.178062436274634450e+01
1.178062436274634450e+01
1.070474469691662733e+01
1.315904928495908166e+01
1.009253008808064145e+01
5.411516379806009525e+00
8.368283871884004910e+00
8.884866446580955923e+00
1.117038385124011413e+01
4.652426491681278087e+00
5.170882945826410726e+00
1.134007028277388685e+01
2.985410660720923204e+00
1.161737456321036532e+01
9.965574970333758387e+00
1.363425735166143049e+01
9.772050238058398008e+00
8.136857890256438353e+00
1.591774699517169012e+01
1.183454054540639433e+01
1.117038385124011413e+01
3.742410318509555189e+00
1.475547227809780537e+01
1.404820733880128181e+01
1.178062436274634450e+01
1.178062436274634450e+01
4.222008245644752300e+00
9.373021315815206478e+00
1.058513485680245481e+01
9.965574970333758387e+00
8.444016491289504600e+00
6.863662517577697741e+00
7.898654169668588132e+00
6.863662517577697741e+00
1.220528683538465842e+01
1.070474469691662733e+01
9.965574970333758387e+00
1.458187244392064308e+01
1.215301555949299761e+01
5.527906391541367981e+00
1.296408962885714899e+01
1.427299292922216978e+01
1.534761596392107741e+01
1.215301555949299761e+01
1.266602473693425601e+01
8.740387444736633427e+00
9.965574970333758387e+00
1.266602473693425601e+01
3.191538243211461623e+00
6.770275002573075795e+00
9.507891862878782518e+00
9.965574970333758387e+00
1.178062436274634450e+01
9.373021315815206478e+00
8.058239062071395509e+00
7.225151993843566878e+00
5.863230142835038627e+00
6.675581178124545545e+00
1.117038385124011413e+01
1.306193320280393344e+01
1.281592373849173683e+01
1.046415791390898242e+01
1.188821220645068522e+01
9.373021315815206478e+00
1.156244577056221523e+01
1.117038385124011413e+01
8.740387444736633427e+00
1.377362305878664728e+01
1.286550196516137312e+01
1.117038385124011413e+01
1.178062436274634450e+01
7.653039857325811823e+00
1.094004191971426110e+01
9.373021315815206478e+00
9.373021315815206478e+00
8.136857890256438353e+00
7.399277020331918919e+00
1.178062436274634450e+01
9.373021315815206478e+00
6.579524642479540830e+00
1.266602473693425601e+01
1.344618962205996482e+01
1.076405121554611632e+01
1.117038385124011413e+01
9.965574970333758387e+00
1.040314189572019821e+01
9.574614729634383536e+00
7.569397566060480642e+00
9.166995688475081394e+00
8.291859587312051971e+00
7.046725639945927711e+00
8.291859587312051971e+00
1.040314189572019821e+01
1.395727947504383337e+01
5.753627391751591880e+00
1.167204486311898926e+01
6.180387232371033157e+00
8.740387444736633427e+00
8.136857890256438353e+00
8.740387444736633427e+00
7.312732791431452384e+00
9.507891862878782518e+00
1.021790793990058255e+01
1.339876023397903637e+01
6.863662517577697741e+00
1.291488987023529766e+01
1.058513485680245481e+01
1.449429283826230197e+01
9.507891862878782518e+00
1.281592373849173683e+01
3.191538243211461623e+00
1.311058116710494836e+01
8.667244841319218907e+00
1.167204486311898926e+01
1.058513485680245481e+01
