1.058513485680245481e+01
1.631278838364701755e+01
1.178062436274634450e+01
9.836981518731869656e+00
1.215301555949299761e+01
8.136857890256438353e+00
1.117038385124011413e+01
9.965574970333758387e+00
1.058513485680245481e+01
9.236181543108379799e+00
1.094004191971426110e+01
6.282549314314217703e+00
1.236077446474206631e+01
1.579730833933717626e+01
1.591774699517169012e+01
1.128379167095512514e+01
1.368087033328175828e+01
1.607692842495848140e+01
1.559451034962034477e+01
1.220528683538465842e+01
1.563528038089343752e+01
1.058513485680245481e+01
9.574614729634383536e+00
5.970821321441846408e+00
7.225151993843566878e+00
1.040314189572019821e+01
1.271618740744904485e+01
1.276615297284584649e+01
9.236181543108379799e+00
1.526443044094783019e+01
6.482044814428574497e+00
1.363425735166143049e+01
1.769793569896924623e+01
1.210051848659980855e+01
1.599753570059363028e+01
1.492705330360461602e+01
1.335116235624909109e+01
1.276615297284584649e+01
8.812923024107547576e+00
1.046415791390898242e+01
9.373021315815206478e+00
1.325545386523797831e+01
6.482044814428574497e+00
1.167204486311898926e+01
1.058513485680245481e+01
1.551264883747923129e+01
1.266602473693425601e+01
1.395727947504383337e+01
1.623454913941802857e+01
1.658371917462410394e+01
1.315904928495908166e+01
1.427299292922216978e+01
1.094004191971426110e+01
1.349345229721172146e+01
2.985410660720923204e+00
9.965574970333758387e+00
9.965574970333758387e+00
1.236077446474206631e+01
1.052482020710848865e+01
1.479855404066383784e+01
1.117038385124011413e+01
1.404820733880128181e+01
1.479855404066383784e+01
1.070474469691662733e+01
8.214724333230154940e+00
1.210051848659980855e+01
1.117038385124011413e+01
1.543035303761632804e+01
1.575695754970980111e+01
5.411516379806009525e+00
1.117038385124011413e+01
1.156244577056221523e+01
1.220528683538465842e+01
8.667244841319218907e+00
9.772050238058398008e+00
6.076507779746498805e+00
1.479855404066383784e+01
9.097283682934460103e+00
1.296408962885714899e+01
1.236077446474206631e+01
1.395727947504383337e+01
1.178062436274634450e+01
1.117038385124011413e+01
1.105581278308273596e+01
1.105581278308273596e+01
8.740387444736633427e+00
7.399277020331918919e+00
4.652426491681278087e+00
8.136857890256438353e+00
1.028002345391383443e+01
1.534761596392107741e+01
1.261566261010080048e+01
7.399277020331918919e+00
6.579524642479540830e+00
9.373021315815206478e+00
1.627371578051287671e+01
1.128379167095512514e+01
9.373021315815206478e+00
1.194164264288369282e+01
1.722396045987370883e+01
1.611647812414279102e+01
1.344618962205996482e+01
1.436192209445157708e+01
6.383076486422923246e+00
1.178062436274634450e+01
1.058513485680245481e+01
