1.058513485680245481e+01
1.178062436274634450e+01
1.058513485680245481e+01
1.178062436274634450e+01
9.965574970333758387e+00
1.210051848659980855e+01
8.444016491289504600e+00
1.117038385124011413e+01
9.965574970333758387e+00
1.058513485680245481e+01
9.640875829802336483e+00
7.817640190446718762e+00
1.094004191971426110e+01
1.236077446474206631e+01
1.471226436021925466e+01
5.292567428401227403e+00
1.534761596392107741e+01
3.568248232305542444e+00
1.134007028277388685e+01
1.547155565579009817e+01
1.291488987023529766e+01
1.534761596392107741e+01
1.220528683538465842e+01
1.518078909665319287e+01
1.058513485680245481e+01
9.901487006738307173e+00
7.735777827895049086e+00
8.593479713983121826e+00
1.064510777218481152e+01
1.261566261010080048e+01
1.230916348999737586e+01
9.373021315815206478e+00
1.488434347843123184e+01
8.444016491289504600e+00
1.751715531361111644e+01
2.985410660720923204e+00
1.311058116710494836e+01
1.194164264288369282e+01
1.538904010394216471e+01
1.453814859003845150e+01
1.311058116710494836e+01
1.256509862862843541e+01
9.373021315815206478e+00
1.058513485680245481e+01
9.836981518731869656e+00
6.579524642479540830e+00
8.136857890256438353e+00
1.271618740744904485e+01
1.172646028567007725e+01
1.046415791390898242e+01
1.513879513212096128e+01
1.276615297284584649e+01
1.363425735166143049e+01
1.547155565579009817e+01
1.642944866646030988e+01
1.296408962885714899e+01
1.418350619798065715e+01
1.058513485680245481e+01
7.046725639945927711e+00
1.296408962885714899e+01
9.965574970333758387e+00
1.021790793990058255e+01
1.236077446474206631e+01
1.002925341359354938e+01
5.753627391751591880e+00
1.440618081907316395e+01
1.117038385124011413e+01
1.363425735166143049e+01
1.413855043925722121e+01
1.058513485680245481e+01
9.166995688475081394e+00
1.204779266504070279e+01
1.117038385124011413e+01
1.466892917224166482e+01
7.569397566060480642e+00
1.509668435477122017e+01
1.117038385124011413e+01
1.178062436274634450e+01
1.194164264288369282e+01
9.373021315815206478e+00
9.772050238058398008e+00
7.399277020331918919e+00
1.354055000514615159e+01
9.304852983362556174e+00
1.286550196516137312e+01
1.194164264288369282e+01
1.372732503515539548e+01
1.178062436274634450e+01
1.117038385124011413e+01
1.094004191971426110e+01
1.058513485680245481e+01
8.812923024107547576e+00
5.170882945826410726e+00
8.136857890256438353e+00
6.383076486422923246e+00
8.136857890256438353e+00
1.040314189572019821e+01
1.505445578434700415e+01
1.276615297284584649e+01
8.291859587312051971e+00
7.898654169668588132e+00
9.373021315815206478e+00
1.105581278308273596e+01
9.373021315815206478e+00
1.547155565579009817e+01
1.199483507827737583e+01
1.418350619798065715e+01
9.706684619910241452e+00
1.547155565579009817e+01
1.306193320280393344e+01
1.427299292922216978e+01
8.136857890256438353e+00
1.178062436274634450e+01
1.058513485680245481e+01
