1.058513485680245481e+01
1.762584604821509515e+01
1.178062436274634450e+01
9.373021315815206478e+00
1.188821220645068522e+01
1.117038385124011413e+01
9.836981518731869656e+00
1.058513485680245481e+01
8.136857890256438353e+00
1.070474469691662733e+01
1.737117647432762624e+01
1.236077446474206631e+01
1.681247093473193388e+01
1.681247093473193388e+01
1.128379167095512514e+01
1.445030398768713376e+01
1.685029431422315938e+01
1.220528683538465842e+01
1.603728119216292924e+01
1.009253008808064145e+01
8.593479713983121826e+00
9.373021315815206478e+00
1.358748446131948917e+01
1.377362305878664728e+01
8.740387444736633427e+00
1.543035303761632804e+01
1.391159267660409604e+01
1.843786751347043307e+01
1.215301555949299761e+01
1.696325844612841038e+01
1.526443044094783019e+01
1.409345127989185542e+01
1.276615297284584649e+01
1.034176589165282145e+01
9.097283682934460103e+00
7.225151993843566878e+00
1.315904928495908166e+01
1.150725478350318376e+01
1.058513485680245481e+01
1.551264883747923129e+01
1.251433034574463399e+01
1.404820733880128181e+01
1.722396045987370883e+01
1.740778594902202769e+01
1.354055000514615159e+01
1.422831991532699902e+01
1.117038385124011413e+01
1.368087033328175828e+01
9.706684619910241452e+00
9.166995688475081394e+00
1.236077446474206631e+01
1.040314189572019821e+01
1.518078909665319287e+01
1.117038385124011413e+01
1.440618081907316395e+01
1.607692842495848140e+01
1.117038385124011413e+01
1.236077446474206631e+01
1.117038385124011413e+01
1.696325844612841038e+01
1.607692842495848140e+01
1.111324596323282954e+01
1.134007028277388685e+01
1.276615297284584649e+01
6.863662517577697741e+00
9.373021315815206478e+00
1.591774699517169012e+01
8.368283871884004910e+00
1.296408962885714899e+01
1.296408962885714899e+01
1.440618081907316395e+01
1.236077446474206631e+01
1.156244577056221523e+01
1.117038385124011413e+01
1.117038385124011413e+01
9.166995688475081394e+00
1.009253008808064145e+01
5.970821321441846408e+00
1.599753570059363028e+01
1.271618740744904485e+01
4.513516668382050234e+00
9.640875829802336483e+00
1.740778594902202769e+01
1.230916348999737586e+01
9.373021315815206478e+00
1.194164264288369282e+01
1.801877032173578996e+01
1.688803298257900920e+01
1.422831991532699902e+01
1.518078909665319287e+01
1.204779266504070279e+01
1.009253008808064145e+01
