1.058513485680245481e+01
1.178062436274634450e+01
1.058513485680245481e+01
1.178062436274634450e+01
9.965574970333758387e+00
1.225733520300188317e+01
8.291859587312051971e+00
1.117038385124011413e+01
9.965574970333758387e+00
1.058513485680245481e+01
9.640875829802336483e+00
7.569397566060480642e+00
1.094004191971426110e+01
1.236077446474206631e+01
1.501210842680413826e+01
3.908820095223359381e+00
1.559451034962034477e+01
1.134007028277388685e+01
1.330339418036568588e+01
1.555363345008750464e+01
1.547155565579009817e+01
1.220528683538465842e+01
1.530607971465162365e+01
1.058513485680245481e+01
9.836981518731869656e+00
7.484820637019110379e+00
8.291859587312051971e+00
1.058513485680245481e+01
1.266602473693425601e+01
1.246335526484300615e+01
9.373021315815206478e+00
1.509668435477122017e+01
8.136857890256438353e+00
1.755346033766304004e+01
1.339876023397903637e+01
1.194164264288369282e+01
1.555363345008750464e+01
1.453814859003845150e+01
1.320733953636073110e+01
1.271618740744904485e+01
9.373021315815206478e+00
1.058513485680245481e+01
9.772050238058398008e+00
5.753627391751591880e+00
7.978845608028653835e+00
1.276615297284584649e+01
1.167204486311898926e+01
1.046415791390898242e+01
1.526443044094783019e+01
1.271618740744904485e+01
1.363425735166143049e+01
1.547155565579009817e+01
1.650676414605009157e+01
1.296408962885714899e+01
1.413855043925722121e+01
1.058513485680245481e+01
6.863662517577697741e+00
1.296408962885714899e+01
9.965574970333758387e+00
1.009253008808064145e+01
1.236077446474206631e+01
9.965574970333758387e+00
4.787307364817191768e+00
1.453814859003845150e+01
1.117038385124011413e+01
1.381976597885341995e+01
1.440618081907316395e+01
1.058513485680245481e+01
8.956231982162769611e+00
1.204779266504070279e+01
1.117038385124011413e+01
1.484151074652385738e+01
1.518078909665319287e+01
7.136496464611084889e+00
1.117038385124011413e+01
1.178062436274634450e+01
1.194164264288369282e+01
9.236181543108379799e+00
9.836981518731869656e+00
7.399277020331918919e+00
1.377362305878664728e+01
9.236181543108379799e+00
1.296408962885714899e+01
1.204779266504070279e+01
1.372732503515539548e+01
1.178062436274634450e+01
1.117038385124011413e+01
1.094004191971426110e+01
1.070474469691662733e+01
8.740387444736633427e+00
4.222008245644752300e+00
8.136857890256438353e+00
6.383076486422923246e+00
8.136857890256438353e+00
1.034176589165282145e+01
1.518078909665319287e+01
1.276615297284584649e+01
8.136857890256438353e+00
7.653039857325811823e+00
9.373021315815206478e+00
1.111324596323282954e+01
9.373021315815206478e+00
1.555363345008750464e+01
1.199483507827737583e+01
1.427299292922216978e+01
9.507891862878782518e+00
1.551264883747923129e+01
1.315904928495908166e+01
1.436192209445157708e+01
7.735777827895049086e+00
1.178062436274634450e+01
1.058513485680245481e+01
