1.040314189572019821e+01
1.076405121554611632e+01
1.105581278308273596e+01
1.009253008808064145e+01
9.640875829802336483e+00
1.028002345391383443e+01
8.884866446580955923e+00
7.136496464611084889e+00
5.970821321441846408e+00
1.117038385124011413e+01
9.965574970333758387e+00
1.064510777218481152e+01
5.527906391541367981e+00
7.225151993843566878e+00
1.117038385124011413e+01
9.965574970333758387e+00
8.136857890256438353e+00
9.965574970333758387e+00
1.178062436274634450e+01
1.156244577056221523e+01
8.136857890256438353e+00
7.569397566060480642e+00
1.358748446131948917e+01
7.817640190446718762e+00
6.955796338302048021e+00
5.170882945826410726e+00
9.507891862878782518e+00
1.372732503515539548e+01
1.404820733880128181e+01
1.117038385124011413e+01
1.046415791390898242e+01
1.058513485680245481e+01
1.246335526484300615e+01
6.863662517577697741e+00
1.009253008808064145e+01
6.076507779746498805e+00
8.519075891779829490e+00
8.812923024107547576e+00
1.117038385124011413e+01
6.863662517577697741e+00
6.863662517577697741e+00
1.058513485680245481e+01
6.180387232371033157e+00
1.082303275961201905e+01
1.002925341359354938e+01
9.965574970333758387e+00
1.241217083805063837e+01
8.291859587312051971e+00
1.458187244392064308e+01
1.117038385124011413e+01
6.675581178124545545e+00
1.064510777218481152e+01
1.418350619798065715e+01
1.377362305878664728e+01
1.076405121554611632e+01
1.178062436274634450e+01
3.568248232305542444e+00
6.076507779746498805e+00
5.046265044040320724e+00
9.373021315815206478e+00
1.058513485680245481e+01
9.640875829802336483e+00
7.312732791431452384e+00
9.166995688475081394e+00
5.170882945826410726e+00
7.569397566060480642e+00
1.178062436274634450e+01
6.955796338302048021e+00
9.836981518731869656e+00
9.965574970333758387e+00
1.391159267660409604e+01
1.117038385124011413e+01
6.383076486422923246e+00
7.225151993843566878e+00
1.266602473693425601e+01
1.368087033328175828e+01
1.344618962205996482e+01
1.117038385124011413e+01
1.204779266504070279e+01
9.166995688475081394e+00
9.373021315815206478e+00
6.863662517577697741e+00
1.220528683538465842e+01
6.076507779746498805e+00
7.312732791431452384e+00
9.373021315815206478e+00
8.740387444736633427e+00
6.076507779746498805e+00
1.058513485680245481e+01
9.373021315815206478e+00
7.898654169668588132e+00
5.411516379806009525e+00
7.653039857325811823e+00
7.569397566060480642e+00
7.484820637019110379e+00
1.117038385124011413e+01
6.863662517577697741e+00
1.188821220645068522e+01
1.188821220645068522e+01
5.046265044040320724e+00
9.965574970333758387e+00
1.117038385124011413e+01
9.373021315815206478e+00
1.117038385124011413e+01
1.128379167095512514e+01
8.884866446580955923e+00
1.315904928495908166e+01
1.230916348999737586e+01
1.117038385124011413e+01
8.136857890256438353e+00
1.156244577056221523e+01
9.373021315815206478e+00
1.028002345391383443e+01
9.373021315815206478e+00
8.136857890256438353e+00
8.291859587312051971e+00
1.156244577056221523e+01
9.373021315815206478e+00
7.484820637019110379e+00
1.215301555949299761e+01
1.325545386523797831e+01
1.058513485680245481e+01
1.117038385124011413e+01
9.236181543108379799e+00
7.898654169668588132e+00
9.965574970333758387e+00
9.640875829802336483e+00
9.166995688475081394e+00
4.918490759365934828e+00
8.368283871884004910e+00
7.569397566060480642e+00
8.740387444736633427e+00
1.015541250385961369e+01
1.358748446131948917e+01
7.136496464611084889e+00
3.568248232305542444e+00
6.863662517577697741e+00
1.076405121554611632e+01
9.097283682934460103e+00
8.444016491289504600e+00
8.740387444736633427e+00
8.136857890256438353e+00
9.574614729634383536e+00
1.256509862862843541e+01
9.965574970333758387e+00
7.569397566060480642e+00
1.188821220645068522e+01
1.021790793990058255e+01
1.344618962205996482e+01
9.507891862878782518e+00
6.863662517577697741e+00
1.215301555949299761e+01
1.266602473693425601e+01
8.444016491289504600e+00
6.863662517577697741e+00
1.167204486311898926e+01
1.058513485680245481e+01
