1.058513485680245481e+01
1.681247093473193388e+01
1.178062436274634450e+01
9.706684619910241452e+00
1.194164264288369282e+01
7.225151993843566878e+00
1.117038385124011413e+01
9.836981518731869656e+00
1.058513485680245481e+01
9.166995688475081394e+00
1.094004191971426110e+01
5.046265044040320724e+00
1.236077446474206631e+01
1.615593100600235843e+01
1.603728119216292924e+01
1.128379167095512514e+01
1.372732503515539548e+01
1.619528777809902209e+01
1.595769121605730767e+01
1.220528683538465842e+01
1.583755632390385770e+01
1.028002345391383443e+01
9.373021315815206478e+00
4.068428945128219176e+00
6.579524642479540830e+00
1.028002345391383443e+01
1.311058116710494836e+01
1.281592373849173683e+01
9.373021315815206478e+00
1.534761596392107741e+01
1.368087033328175828e+01
1.776973289316191185e+01
4.918490759365934828e+00
1.215301555949299761e+01
1.623454913941802857e+01
1.513879513212096128e+01
1.358748446131948917e+01
1.276615297284584649e+01
1.040314189572019821e+01
9.373021315815206478e+00
8.444016491289504600e+00
1.325545386523797831e+01
5.527906391541367981e+00
1.167204486311898926e+01
1.058513485680245481e+01
1.551264883747923129e+01
1.256509862862843541e+01
1.391159267660409604e+01
1.677456227108388731e+01
1.681247093473193388e+01
1.315904928495908166e+01
1.427299292922216978e+01
1.117038385124011413e+01
1.349345229721172146e+01
9.965574970333758387e+00
9.836981518731869656e+00
1.236077446474206631e+01
1.052482020710848865e+01
1.479855404066383784e+01
1.117038385124011413e+01
1.422831991532699902e+01
1.501210842680413826e+01
1.105581278308273596e+01
7.898654169668588132e+00
1.225733520300188317e+01
1.117038385124011413e+01
1.567594437773643001e+01
1.599753570059363028e+01
1.117038385124011413e+01
1.156244577056221523e+01
1.230916348999737586e+01
8.444016491289504600e+00
9.772050238058398008e+00
5.046265044040320724e+00
1.522266721510391640e+01
8.740387444736633427e+00
1.296408962885714899e+01
1.236077446474206631e+01
1.404820733880128181e+01
1.178062436274634450e+01
1.117038385124011413e+01
1.117038385124011413e+01
1.117038385124011413e+01
8.667244841319218907e+00
6.863662517577697741e+00
8.136857890256438353e+00
1.021790793990058255e+01
1.547155565579009817e+01
1.266602473693425601e+01
7.136496464611084889e+00
5.411516379806009525e+00
9.373021315815206478e+00
1.669848676668040710e+01
1.156244577056221523e+01
9.373021315815206478e+00
1.199483507827737583e+01
1.726088217525477830e+01
1.627371578051287671e+01
1.354055000514615159e+01
1.453814859003845150e+01
5.292567428401227403e+00
1.178062436274634450e+01
1.058513485680245481e+01
