1.058513485680245481e+01
1.178062436274634450e+01
1.058513485680245481e+01
1.178062436274634450e+01
9.965574970333758387e+00
1.204779266504070279e+01
8.444016491289504600e+00
1.117038385124011413e+01
9.965574970333758387e+00
1.058513485680245481e+01
9.706684619910241452e+00
7.978845608028653835e+00
1.099807968464679142e+01
1.236077446474206631e+01
1.449429283826230197e+01
5.641895835477562571e+00
1.530607971465162365e+01
4.370193722368316713e+00
1.134007028277388685e+01
1.543035303761632804e+01
1.276615297284584649e+01
1.530607971465162365e+01
1.220528683538465842e+01
1.509668435477122017e+01
1.058513485680245481e+01
9.965574970333758387e+00
7.898654169668588132e+00
8.740387444736633427e+00
1.070474469691662733e+01
1.261566261010080048e+01
1.225733520300188317e+01
9.373021315815206478e+00
1.475547227809780537e+01
8.593479713983121826e+00
1.740778594902202769e+01
4.222008245644752300e+00
1.296408962885714899e+01
1.194164264288369282e+01
1.522266721510391640e+01
1.453814859003845150e+01
1.306193320280393344e+01
1.251433034574463399e+01
9.373021315815206478e+00
1.058513485680245481e+01
9.836981518731869656e+00
6.955796338302048021e+00
8.136857890256438353e+00
1.266602473693425601e+01
1.178062436274634450e+01
1.046415791390898242e+01
1.505445578434700415e+01
1.276615297284584649e+01
1.358748446131948917e+01
1.538904010394216471e+01
1.642944866646030988e+01
1.296408962885714899e+01
1.409345127989185542e+01
1.058513485680245481e+01
7.225151993843566878e+00
1.296408962885714899e+01
1.002925341359354938e+01
1.021790793990058255e+01
1.236077446474206631e+01
9.965574970333758387e+00
5.753627391751591880e+00
1.440618081907316395e+01
1.117038385124011413e+01
1.363425735166143049e+01
1.391159267660409604e+01
1.058513485680245481e+01
9.166995688475081394e+00
1.204779266504070279e+01
1.117038385124011413e+01
1.462546558286290477e+01
7.653039857325811823e+00
1.505445578434700415e+01
1.117038385124011413e+01
1.178062436274634450e+01
1.194164264288369282e+01
9.373021315815206478e+00
2.256758334191025117e+00
9.574614729634383536e+00
7.399277020331918919e+00
1.335116235624909109e+01
9.304852983362556174e+00
1.286550196516137312e+01
1.372732503515539548e+01
1.178062436274634450e+01
1.161737456321036532e+01
1.117038385124011413e+01
1.094004191971426110e+01
1.058513485680245481e+01
8.884866446580955923e+00
5.753627391751591880e+00
8.136857890256438353e+00
6.383076486422923246e+00
8.136857890256438353e+00
1.040314189572019821e+01
1.501210842680413826e+01
1.271618740744904485e+01
8.368283871884004910e+00
8.058239062071395509e+00
9.373021315815206478e+00
1.105581278308273596e+01
9.507891862878782518e+00
1.538904010394216471e+01
1.194164264288369282e+01
1.413855043925722121e+01
9.706684619910241452e+00
1.547155565579009817e+01
1.296408962885714899e+01
1.422831991532699902e+01
8.136857890256438353e+00
1.178062436274634450e+01
1.058513485680245481e+01
