1.058513485680245481e+01
1.139607097042601680e+01
1.058513485680245481e+01
1.167204486311898926e+01
9.965574970333758387e+00
1.183454054540639433e+01
8.740387444736633427e+00
1.117038385124011413e+01
9.965574970333758387e+00
1.058513485680245481e+01
9.965574970333758387e+00
8.519075891779829490e+00
1.105581278308273596e+01
1.236077446474206631e+01
1.358748446131948917e+01
8.136857890256438353e+00
1.479855404066383784e+01
7.569397566060480642e+00
3.908820095223359381e+00
1.105581278308273596e+01
1.492705330360461602e+01
1.496964127403822076e+01
1.225733520300188317e+01
1.210051848659980855e+01
1.070474469691662733e+01
1.409345127989185542e+01
1.021790793990058255e+01
8.444016491289504600e+00
8.956231982162769611e+00
1.094004191971426110e+01
1.236077446474206631e+01
1.210051848659980855e+01
9.965574970333758387e+00
1.440618081907316395e+01
9.507891862878782518e+00
7.653039857325811823e+00
1.677456227108388731e+01
1.220528683538465842e+01
1.161737456321036532e+01
1.484151074652385738e+01
1.427299292922216978e+01
1.220528683538465842e+01
1.178062436274634450e+01
9.373021315815206478e+00
1.058513485680245481e+01
9.965574970333758387e+00
8.214724333230154940e+00
6.076507779746498805e+00
7.898654169668588132e+00
6.076507779746498805e+00
1.236077446474206631e+01
1.128379167095512514e+01
1.009253008808064145e+01
1.488434347843123184e+01
1.261566261010080048e+01
1.296408962885714899e+01
1.466892917224166482e+01
1.567594437773643001e+01
1.246335526484300615e+01
1.306193320280393344e+01
1.058513485680245481e+01
8.740387444736633427e+00
1.296408962885714899e+01
5.170882945826410726e+00
9.574614729634383536e+00
9.965574970333758387e+00
1.225733520300188317e+01
9.507891862878782518e+00
7.484820637019110379e+00
6.482044814428574497e+00
3.191538243211461623e+00
5.753627391751591880e+00
1.117038385124011413e+01
1.349345229721172146e+01
1.325545386523797831e+01
1.276615297284584649e+01
1.058513485680245481e+01
9.507891862878782518e+00
1.167204486311898926e+01
1.117038385124011413e+01
8.593479713983121826e+00
1.409345127989185542e+01
1.325545386523797831e+01
1.117038385124011413e+01
1.178062436274634450e+01
7.046725639945927711e+00
1.117038385124011413e+01
9.507891862878782518e+00
9.373021315815206478e+00
8.136857890256438353e+00
7.046725639945927711e+00
1.220528683538465842e+01
9.373021315815206478e+00
1.271618740744904485e+01
4.918490759365934828e+00
1.344618962205996482e+01
1.117038385124011413e+01
1.117038385124011413e+01
1.009253008808064145e+01
1.058513485680245481e+01
9.640875829802336483e+00
7.136496464611084889e+00
9.166995688475081394e+00
8.291859587312051971e+00
6.955796338302048021e+00
8.368283871884004910e+00
1.046415791390898242e+01
1.431752655671925822e+01
3.908820095223359381e+00
1.188821220645068522e+01
4.222008245644752300e+00
8.740387444736633427e+00
8.136857890256438353e+00
9.027033336764100468e+00
6.180387232371033157e+00
6.579524642479540830e+00
1.052482020710848865e+01
9.507891862878782518e+00
1.404820733880128181e+01
1.330339418036568588e+01
1.070474469691662733e+01
5.970821321441846408e+00
1.505445578434700415e+01
9.507891862878782518e+00
1.286550196516137312e+01
1.344618962205996482e+01
8.593479713983121826e+00
1.172646028567007725e+01
1.058513485680245481e+01
