1.058513485680245481e+01
1.787688803255549530e+01
1.178062436274634450e+01
8.812923024107547576e+00
1.178062436274634450e+01
1.117038385124011413e+01
9.772050238058398008e+00
1.046415791390898242e+01
7.225151993843566878e+00
1.058513485680245481e+01
1.758969042850511855e+01
1.236077446474206631e+01
1.703815178355965898e+01
1.711271735549580697e+01
1.128379167095512514e+01
1.449429283826230197e+01
1.703815178355965898e+01
1.220528683538465842e+01
1.603728119216292924e+01
1.002925341359354938e+01
7.653039857325811823e+00
9.027033336764100468e+00
1.363425735166143049e+01
1.381976597885341995e+01
1.567594437773643001e+01
7.898654169668588132e+00
1.400281721259029588e+01
1.867799869518773193e+01
1.220528683538465842e+01
1.711271735549580697e+01
1.543035303761632804e+01
1.418350619798065715e+01
1.276615297284584649e+01
1.040314189572019821e+01
8.740387444736633427e+00
5.753627391751591880e+00
1.315904928495908166e+01
1.134007028277388685e+01
1.058513485680245481e+01
1.575695754970980111e+01
1.261566261010080048e+01
1.409345127989185542e+01
1.755346033766304004e+01
1.755346033766304004e+01
1.363425735166143049e+01
1.431752655671925822e+01
1.105581278308273596e+01
1.372732503515539548e+01
9.440697438826296306e+00
8.740387444736633427e+00
1.225733520300188317e+01
1.015541250385961369e+01
1.555363345008750464e+01
1.117038385124011413e+01
1.445030398768713376e+01
1.639065416446577927e+01
1.111324596323282954e+01
1.236077446474206631e+01
1.117038385124011413e+01
1.718695942796624365e+01
1.623454913941802857e+01
1.111324596323282954e+01
1.134007028277388685e+01
1.306193320280393344e+01
4.652426491681278087e+00
9.373021315815206478e+00
1.642944866646030988e+01
7.817640190446718762e+00
1.296408962885714899e+01
1.296408962885714899e+01
1.471226436021925466e+01
1.178062436274634450e+01
1.236077446474206631e+01
1.117038385124011413e+01
1.111324596323282954e+01
9.507891862878782518e+00
1.002925341359354938e+01
1.635176762293251684e+01
1.281592373849173683e+01
9.772050238058398008e+00
1.798340469329240676e+01
1.241217083805063837e+01
8.812923024107547576e+00
1.843786751347043307e+01
1.194164264288369282e+01
1.711271735549580697e+01
1.445030398768713376e+01
1.522266721510391640e+01
1.188821220645068522e+01
1.002925341359354938e+01
