1.058513485680245481e+01
1.215301555949299761e+01
1.058513485680245481e+01
1.178062436274634450e+01
9.836981518731869656e+00
1.220528683538465842e+01
8.136857890256438353e+00
1.117038385124011413e+01
9.965574970333758387e+00
1.058513485680245481e+01
9.236181543108379799e+00
6.863662517577697741e+00
1.094004191971426110e+01
1.236077446474206631e+01
1.571650316319191809e+01
1.587770228520368221e+01
1.134007028277388685e+01
1.363425735166143049e+01
1.583755632390385770e+01
1.555363345008750464e+01
1.220528683538465842e+01
1.543035303761632804e+01
1.058513485680245481e+01
9.772050238058398008e+00
6.282549314314217703e+00
7.484820637019110379e+00
1.046415791390898242e+01
1.271618740744904485e+01
1.271618740744904485e+01
9.373021315815206478e+00
1.526443044094783019e+01
7.046725639945927711e+00
1.358748446131948917e+01
1.769793569896924623e+01
1.199483507827737583e+01
1.583755632390385770e+01
1.484151074652385738e+01
1.330339418036568588e+01
1.276615297284584649e+01
8.812923024107547576e+00
1.058513485680245481e+01
9.373021315815206478e+00
1.320733953636073110e+01
6.955796338302048021e+00
1.167204486311898926e+01
1.058513485680245481e+01
1.543035303761632804e+01
1.266602473693425601e+01
1.386575534383213970e+01
1.603728119216292924e+01
1.658371917462410394e+01
1.296408962885714899e+01
1.427299292922216978e+01
1.064510777218481152e+01
4.787307364817191768e+00
1.344618962205996482e+01
9.965574970333758387e+00
9.965574970333758387e+00
1.236077446474206631e+01
1.052482020710848865e+01
1.462546558286290477e+01
1.117038385124011413e+01
1.395727947504383337e+01
1.475547227809780537e+01
1.070474469691662733e+01
8.214724333230154940e+00
1.210051848659980855e+01
1.117038385124011413e+01
1.513879513212096128e+01
1.571650316319191809e+01
5.970821321441846408e+00
1.117038385124011413e+01
1.161737456321036532e+01
1.215301555949299761e+01
9.027033336764100468e+00
9.772050238058398008e+00
6.482044814428574497e+00
1.458187244392064308e+01
9.097283682934460103e+00
1.296408962885714899e+01
1.225733520300188317e+01
1.391159267660409604e+01
1.178062436274634450e+01
1.117038385124011413e+01
1.105581278308273596e+01
1.094004191971426110e+01
8.740387444736633427e+00
7.484820637019110379e+00
5.527906391541367981e+00
8.136857890256438353e+00
1.028002345391383443e+01
1.534761596392107741e+01
1.266602473693425601e+01
7.653039857325811823e+00
6.863662517577697741e+00
9.373021315815206478e+00
1.611647812414279102e+01
1.117038385124011413e+01
9.373021315815206478e+00
1.194164264288369282e+01
1.458187244392064308e+01
1.595769121605730767e+01
8.812923024107547576e+00
1.335116235624909109e+01
1.431752655671925822e+01
6.770275002573075795e+00
1.178062436274634450e+01
1.058513485680245481e+01
