1.058513485680245481e+01
1.178062436274634450e+01
1.058513485680245481e+01
1.178062436274634450e+01
9.965574970333758387e+00
1.225733520300188317e+01
8.136857890256438353e+00
1.117038385124011413e+01
9.965574970333758387e+00
1.058513485680245481e+01
9.304852983362556174e+00
7.312732791431452384e+00
1.094004191971426110e+01
1.236077446474206631e+01
1.551264883747923129e+01
1.575695754970980111e+01
1.134007028277388685e+01
1.344618962205996482e+01
1.567594437773643001e+01
1.547155565579009817e+01
1.220528683538465842e+01
1.543035303761632804e+01
1.058513485680245481e+01
9.836981518731869656e+00
6.955796338302048021e+00
8.058239062071395509e+00
1.058513485680245481e+01
1.266602473693425601e+01
1.256509862862843541e+01
9.373021315815206478e+00
1.513879513212096128e+01
7.735777827895049086e+00
1.766192765414112031e+01
1.339876023397903637e+01
1.194164264288369282e+01
1.567594437773643001e+01
1.453814859003845150e+01
1.325545386523797831e+01
1.271618740744904485e+01
9.097283682934460103e+00
1.058513485680245481e+01
9.706684619910241452e+00
5.292567428401227403e+00
7.484820637019110379e+00
1.301310337505149661e+01
1.161737456321036532e+01
1.046415791390898242e+01
1.534761596392107741e+01
1.266602473693425601e+01
1.377362305878664728e+01
1.571650316319191809e+01
1.658371917462410394e+01
1.296408962885714899e+01
1.409345127989185542e+01
1.058513485680245481e+01
6.180387232371033157e+00
1.325545386523797831e+01
9.965574970333758387e+00
1.009253008808064145e+01
1.236077446474206631e+01
1.009253008808064145e+01
3.385137501286537898e+00
1.466892917224166482e+01
1.117038385124011413e+01
1.381976597885341995e+01
1.449429283826230197e+01
1.070474469691662733e+01
8.812923024107547576e+00
1.204779266504070279e+01
1.117038385124011413e+01
1.496964127403822076e+01
1.530607971465162365e+01
6.863662517577697741e+00
1.117038385124011413e+01
1.178062436274634450e+01
1.199483507827737583e+01
9.166995688475081394e+00
9.836981518731869656e+00
6.863662517577697741e+00
1.400281721259029588e+01
9.166995688475081394e+00
1.296408962885714899e+01
1.210051848659980855e+01
1.377362305878664728e+01
1.178062436274634450e+01
1.117038385124011413e+01
1.094004191971426110e+01
1.070474469691662733e+01
8.740387444736633427e+00
7.978845608028653835e+00
6.180387232371033157e+00
8.136857890256438353e+00
1.034176589165282145e+01
1.526443044094783019e+01
1.276615297284584649e+01
8.058239062071395509e+00
7.312732791431452384e+00
9.373021315815206478e+00
1.571650316319191809e+01
1.111324596323282954e+01
9.373021315815206478e+00
1.199483507827737583e+01
1.431752655671925822e+01
1.555363345008750464e+01
9.304852983362556174e+00
1.325545386523797831e+01
1.427299292922216978e+01
7.225151993843566878e+00
1.178062436274634450e+01
1.058513485680245481e+01
