1.058513485680245481e+01
1.099807968464679142e+01
1.021790793990058255e+01
1.117038385124011413e+01
9.772050238058398008e+00
1.070474469691662733e+01
8.740387444736633427e+00
6.863662517577697741e+00
1.117038385124011413e+01
4.652426491681278087e+00
9.965574970333758387e+00
1.070474469691662733e+01
4.068428945128219176e+00
6.955796338302048021e+00
1.117038385124011413e+01
9.965574970333758387e+00
8.136857890256438353e+00
1.034176589165282145e+01
1.194164264288369282e+01
1.178062436274634450e+01
8.136857890256438353e+00
1.409345127989185542e+01
7.569397566060480642e+00
7.225151993843566878e+00
6.579524642479540830e+00
9.706684619910241452e+00
1.418350619798065715e+01
2.763953195770683990e+00
1.431752655671925822e+01
1.139607097042601680e+01
1.070474469691662733e+01
1.058513485680245481e+01
1.276615297284584649e+01
6.863662517577697741e+00
1.002925341359354938e+01
4.787307364817191768e+00
8.593479713983121826e+00
8.740387444736633427e+00
1.117038385124011413e+01
6.383076486422923246e+00
6.383076486422923246e+00
1.070474469691662733e+01
5.753627391751591880e+00
1.105581278308273596e+01
1.002925341359354938e+01
9.965574970333758387e+00
1.276615297284584649e+01
8.136857890256438353e+00
1.509668435477122017e+01
1.134007028277388685e+01
6.383076486422923246e+00
1.070474469691662733e+01
1.431752655671925822e+01
1.386575534383213970e+01
1.134007028277388685e+01
1.178062436274634450e+01
5.753627391751591880e+00
3.568248232305542444e+00
9.373021315815206478e+00
1.058513485680245481e+01
9.640875829802336483e+00
8.812923024107547576e+00
7.312732791431452384e+00
2.985410660720923204e+00
7.569397566060480642e+00
7.136496464611084889e+00
1.178062436274634450e+01
1.028002345391383443e+01
9.965574970333758387e+00
1.404820733880128181e+01
1.139607097042601680e+01
5.753627391751591880e+00
6.579524642479540830e+00
1.276615297284584649e+01
1.404820733880128181e+01
1.395727947504383337e+01
1.117038385124011413e+01
1.236077446474206631e+01
9.027033336764100468e+00
9.507891862878782518e+00
6.180387232371033157e+00
1.230916348999737586e+01
4.918490759365934828e+00
7.312732791431452384e+00
9.373021315815206478e+00
8.812923024107547576e+00
5.411516379806009525e+00
1.105581278308273596e+01
9.373021315815206478e+00
8.214724333230154940e+00
7.399277020331918919e+00
7.312732791431452384e+00
4.222008245644752300e+00
7.225151993843566878e+00
1.117038385124011413e+01
1.225733520300188317e+01
6.180387232371033157e+00
1.220528683538465842e+01
1.145179781116143225e+01
9.965574970333758387e+00
2.256758334191025117e+00
9.373021315815206478e+00
1.117038385124011413e+01
1.128379167095512514e+01
8.740387444736633427e+00
1.339876023397903637e+01
1.246335526484300615e+01
1.117038385124011413e+01
8.136857890256438353e+00
1.178062436274634450e+01
1.058513485680245481e+01
9.373021315815206478e+00
9.373021315815206478e+00
8.136857890256438353e+00
8.136857890256438353e+00
1.178062436274634450e+01
9.507891862878782518e+00
7.484820637019110379e+00
1.236077446474206631e+01
1.330339418036568588e+01
1.058513485680245481e+01
1.117038385124011413e+01
9.440697438826296306e+00
7.653039857325811823e+00
1.002925341359354938e+01
9.507891862878782518e+00
9.166995688475081394e+00
8.593479713983121826e+00
7.399277020331918919e+00
8.593479713983121826e+00
1.015541250385961369e+01
1.377362305878664728e+01
6.955796338302048021e+00
1.128379167095512514e+01
6.863662517577697741e+00
9.097283682934460103e+00
8.444016491289504600e+00
8.740387444736633427e+00
8.136857890256438353e+00
9.373021315815206478e+00
1.021790793990058255e+01
1.276615297284584649e+01
7.312732791431452384e+00
1.220528683538465842e+01
1.028002345391383443e+01
1.381976597885341995e+01
9.507891862878782518e+00
6.180387232371033157e+00
1.261566261010080048e+01
1.281592373849173683e+01
8.444016491289504600e+00
6.383076486422923246e+00
1.167204486311898926e+01
1.076405121554611632e+01
