1.058513485680245481e+01
1.766192765414112031e+01
1.178062436274634450e+01
8.812923024107547576e+00
1.178062436274634450e+01
1.117038385124011413e+01
9.772050238058398008e+00
1.058513485680245481e+01
7.484820637019110379e+00
1.058513485680245481e+01
1.748077488947326685e+01
1.236077446474206631e+01
1.696325844612841038e+01
1.711271735549580697e+01
1.128379167095512514e+01
1.445030398768713376e+01
1.696325844612841038e+01
1.220528683538465842e+01
1.603728119216292924e+01
1.002925341359354938e+01
7.817640190446718762e+00
9.236181543108379799e+00
1.358748446131948917e+01
1.377362305878664728e+01
8.291859587312051971e+00
1.559451034962034477e+01
1.395727947504383337e+01
1.864388360059940553e+01
1.220528683538465842e+01
1.700074635581867355e+01
1.543035303761632804e+01
1.418350619798065715e+01
1.276615297284584649e+01
1.034176589165282145e+01
8.740387444736633427e+00
6.383076486422923246e+00
1.315904928495908166e+01
1.134007028277388685e+01
1.058513485680245481e+01
1.567594437773643001e+01
1.261566261010080048e+01
1.404820733880128181e+01
1.744431859350498826e+01
1.755346033766304004e+01
1.363425735166143049e+01
1.431752655671925822e+01
1.111324596323282954e+01
1.372732503515539548e+01
9.574614729634383536e+00
8.740387444736633427e+00
1.236077446474206631e+01
1.034176589165282145e+01
1.547155565579009817e+01
1.117038385124011413e+01
1.445030398768713376e+01
1.635176762293251684e+01
1.111324596323282954e+01
1.236077446474206631e+01
1.117038385124011413e+01
1.718695942796624365e+01
1.611647812414279102e+01
1.111324596323282954e+01
1.134007028277388685e+01
1.286550196516137312e+01
5.527906391541367981e+00
9.373021315815206478e+00
1.623454913941802857e+01
8.058239062071395509e+00
1.296408962885714899e+01
1.296408962885714899e+01
1.462546558286290477e+01
1.236077446474206631e+01
1.172646028567007725e+01
1.117038385124011413e+01
1.111324596323282954e+01
9.304852983362556174e+00
1.002925341359354938e+01
4.513516668382050234e+00
1.631278838364701755e+01
1.271618740744904485e+01
9.507891862878782518e+00
1.776973289316191185e+01
1.241217083805063837e+01
9.027033336764100468e+00
1.836868202552426155e+01
1.194164264288369282e+01
1.696325844612841038e+01
1.440618081907316395e+01
1.522266721510391640e+01
1.188821220645068522e+01
1.009253008808064145e+01
