1.021790793990058255e+01
1.070474469691662733e+01
1.088169461344923583e+01
1.009253008808064145e+01
9.640875829802336483e+00
3.742410318509555189e+00
1.009253008808064145e+01
9.027033336764100468e+00
7.312732791431452384e+00
6.383076486422923246e+00
1.117038385124011413e+01
9.965574970333758387e+00
1.015541250385961369e+01
6.076507779746498805e+00
7.225151993843566878e+00
1.105581278308273596e+01
9.965574970333758387e+00
8.136857890256438353e+00
9.640875829802336483e+00
1.178062436274634450e+01
1.128379167095512514e+01
8.136857890256438353e+00
7.735777827895049086e+00
1.339876023397903637e+01
7.898654169668588132e+00
7.046725639945927711e+00
5.411516379806009525e+00
6.579524642479540830e+00
9.373021315815206478e+00
1.111324596323282954e+01
1.354055000514615159e+01
1.034176589165282145e+01
1.215301555949299761e+01
1.040314189572019821e+01
1.225733520300188317e+01
7.569397566060480642e+00
1.002925341359354938e+01
6.282549314314217703e+00
8.444016491289504600e+00
8.812923024107547576e+00
1.117038385124011413e+01
6.955796338302048021e+00
7.225151993843566878e+00
1.058513485680245481e+01
6.482044814428574497e+00
1.070474469691662733e+01
9.965574970333758387e+00
9.965574970333758387e+00
1.215301555949299761e+01
8.444016491289504600e+00
1.427299292922216978e+01
1.117038385124011413e+01
6.955796338302048021e+00
1.058513485680245481e+01
1.404820733880128181e+01
1.344618962205996482e+01
1.052482020710848865e+01
1.178062436274634450e+01
5.170882945826410726e+00
6.383076486422923246e+00
5.863230142835038627e+00
9.507891862878782518e+00
1.058513485680245481e+01
9.640875829802336483e+00
7.569397566060480642e+00
9.304852983362556174e+00
5.863230142835038627e+00
7.569397566060480642e+00
1.178062436274634450e+01
6.955796338302048021e+00
9.640875829802336483e+00
9.965574970333758387e+00
1.381976597885341995e+01
1.117038385124011413e+01
6.955796338302048021e+00
7.225151993843566878e+00
1.261566261010080048e+01
1.358748446131948917e+01
1.315904928495908166e+01
1.117038385124011413e+01
1.183454054540639433e+01
9.236181543108379799e+00
9.373021315815206478e+00
6.383076486422923246e+00
6.955796338302048021e+00
1.210051848659980855e+01
7.653039857325811823e+00
9.373021315815206478e+00
8.740387444736633427e+00
6.863662517577697741e+00
1.058513485680245481e+01
9.373021315815206478e+00
7.898654169668588132e+00
6.076507779746498805e+00
7.817640190446718762e+00
7.735777827895049086e+00
7.735777827895049086e+00
1.117038385124011413e+01
6.863662517577697741e+00
1.161737456321036532e+01
1.178062436274634450e+01
5.753627391751591880e+00
9.965574970333758387e+00
1.111324596323282954e+01
9.373021315815206478e+00
1.105581278308273596e+01
8.667244841319218907e+00
1.122723095552866468e+01
1.286550196516137312e+01
1.225733520300188317e+01
2.763953195770683990e+00
1.117038385124011413e+01
8.136857890256438353e+00
1.156244577056221523e+01
9.373021315815206478e+00
1.009253008808064145e+01
9.304852983362556174e+00
8.136857890256438353e+00
8.368283871884004910e+00
1.128379167095512514e+01
9.373021315815206478e+00
7.484820637019110379e+00
1.188821220645068522e+01
1.315904928495908166e+01
1.058513485680245481e+01
1.117038385124011413e+01
9.166995688475081394e+00
7.978845608028653835e+00
9.965574970333758387e+00
9.373021315815206478e+00
9.236181543108379799e+00
5.753627391751591880e+00
8.291859587312051971e+00
7.569397566060480642e+00
3.191538243211461623e+00
8.740387444736633427e+00
9.772050238058398008e+00
4.787307364817191768e+00
1.335116235624909109e+01
7.484820637019110379e+00
6.863662517577697741e+00
1.064510777218481152e+01
8.593479713983121826e+00
8.444016491289504600e+00
8.740387444736633427e+00
8.136857890256438353e+00
9.373021315815206478e+00
1.251433034574463399e+01
9.640875829802336483e+00
7.569397566060480642e+00
1.150725478350318376e+01
9.965574970333758387e+00
4.222008245644752300e+00
1.330339418036568588e+01
9.507891862878782518e+00
7.046725639945927711e+00
1.188821220645068522e+01
1.256509862862843541e+01
4.370193722368316713e+00
8.519075891779829490e+00
7.225151993843566878e+00
1.156244577056221523e+01
1.058513485680245481e+01
