1.058513485680245481e+01
1.755346033766304004e+01
1.178062436274634450e+01
9.373021315815206478e+00
1.188821220645068522e+01
1.117038385124011413e+01
9.836981518731869656e+00
1.058513485680245481e+01
8.444016491289504600e+00
1.076405121554611632e+01
1.729772508200899850e+01
1.236077446474206631e+01
1.666031874701878124e+01
1.673656774376800982e+01
1.128379167095512514e+01
1.445030398768713376e+01
1.677456227108388731e+01
1.220528683538465842e+01
1.603728119216292924e+01
1.009253008808064145e+01
8.667244841319218907e+00
9.574614729634383536e+00
1.358748446131948917e+01
1.377362305878664728e+01
8.884866446580955923e+00
1.543035303761632804e+01
1.391159267660409604e+01
1.833399137695016279e+01
1.215301555949299761e+01
1.696325844612841038e+01
1.522266721510391640e+01
1.409345127989185542e+01
1.276615297284584649e+01
1.034176589165282145e+01
9.097283682934460103e+00
7.312732791431452384e+00
1.315904928495908166e+01
1.156244577056221523e+01
1.058513485680245481e+01
1.551264883747923129e+01
1.256509862862843541e+01
1.404820733880128181e+01
1.707547527140466670e+01
1.733448968263843781e+01
1.354055000514615159e+01
1.422831991532699902e+01
1.117038385124011413e+01
1.368087033328175828e+01
9.836981518731869656e+00
9.166995688475081394e+00
1.236077446474206631e+01
1.040314189572019821e+01
1.505445578434700415e+01
1.117038385124011413e+01
1.431752655671925822e+01
1.591774699517169012e+01
1.117038385124011413e+01
4.513516668382050234e+00
1.236077446474206631e+01
1.117038385124011413e+01
1.673656774376800982e+01
1.607692842495848140e+01
1.111324596323282954e+01
1.134007028277388685e+01
1.261566261010080048e+01
7.225151993843566878e+00
9.373021315815206478e+00
1.583755632390385770e+01
8.593479713983121826e+00
1.296408962885714899e+01
1.296408962885714899e+01
1.431752655671925822e+01
1.236077446474206631e+01
1.128379167095512514e+01
1.117038385124011413e+01
1.117038385124011413e+01
8.667244841319218907e+00
3.568248232305542444e+00
1.009253008808064145e+01
6.770275002573075795e+00
1.595769121605730767e+01
1.271618740744904485e+01
5.753627391751591880e+00
9.507891862878782518e+00
1.726088217525477830e+01
1.225733520300188317e+01
9.373021315815206478e+00
1.199483507827737583e+01
1.787688803255549530e+01
1.685029431422315938e+01
1.409345127989185542e+01
1.496964127403822076e+01
1.204779266504070279e+01
1.015541250385961369e+01
