1.058513485680245481e+01
1.134007028277388685e+01
1.058513485680245481e+01
1.167204486311898926e+01
9.965574970333758387e+00
1.156244577056221523e+01
8.740387444736633427e+00
1.117038385124011413e+01
9.965574970333758387e+00
1.128379167095512559e+00
1.058513485680245481e+01
9.965574970333758387e+00
8.444016491289504600e+00
1.105581278308273596e+01
1.225733520300188317e+01
1.330339418036568588e+01
8.136857890256438353e+00
1.475547227809780537e+01
7.484820637019110379e+00
4.652426491681278087e+00
1.094004191971426110e+01
1.488434347843123184e+01
1.501210842680413826e+01
1.225733520300188317e+01
1.204779266504070279e+01
1.070474469691662733e+01
1.395727947504383337e+01
1.021790793990058255e+01
3.385137501286537898e+00
8.444016491289504600e+00
8.740387444736633427e+00
1.105581278308273596e+01
1.230916348999737586e+01
1.204779266504070279e+01
9.965574970333758387e+00
1.440618081907316395e+01
9.574614729634383536e+00
7.735777827895049086e+00
1.669848676668040710e+01
1.215301555949299761e+01
1.156244577056221523e+01
1.484151074652385738e+01
1.427299292922216978e+01
1.215301555949299761e+01
1.178062436274634450e+01
9.373021315815206478e+00
1.058513485680245481e+01
9.965574970333758387e+00
8.368283871884004910e+00
6.180387232371033157e+00
7.978845608028653835e+00
6.482044814428574497e+00
1.230916348999737586e+01
1.105581278308273596e+01
1.009253008808064145e+01
1.488434347843123184e+01
1.256509862862843541e+01
3.385137501286537898e+00
1.296408962885714899e+01
1.458187244392064308e+01
1.567594437773643001e+01
1.241217083805063837e+01
1.301310337505149661e+01
1.040314189572019821e+01
8.740387444736633427e+00
1.281592373849173683e+01
5.292567428401227403e+00
9.574614729634383536e+00
9.965574970333758387e+00
1.225733520300188317e+01
9.507891862878782518e+00
7.569397566060480642e+00
6.675581178124545545e+00
4.222008245644752300e+00
5.753627391751591880e+00
1.117038385124011413e+01
1.349345229721172146e+01
1.325545386523797831e+01
1.246335526484300615e+01
1.058513485680245481e+01
9.373021315815206478e+00
1.161737456321036532e+01
1.117038385124011413e+01
8.593479713983121826e+00
1.409345127989185542e+01
1.315904928495908166e+01
1.117038385124011413e+01
1.178062436274634450e+01
7.136496464611084889e+00
1.117038385124011413e+01
9.440697438826296306e+00
9.373021315815206478e+00
8.136857890256438353e+00
7.136496464611084889e+00
1.204779266504070279e+01
9.373021315815206478e+00
1.266602473693425601e+01
5.527906391541367981e+00
1.344618962205996482e+01
1.111324596323282954e+01
1.117038385124011413e+01
1.009253008808064145e+01
1.058513485680245481e+01
9.640875829802336483e+00
7.225151993843566878e+00
9.166995688475081394e+00
8.291859587312051971e+00
7.046725639945927711e+00
8.291859587312051971e+00
1.046415791390898242e+01
1.422831991532699902e+01
4.513516668382050234e+00
1.178062436274634450e+01
4.787307364817191768e+00
8.740387444736633427e+00
8.136857890256438353e+00
8.956231982162769611e+00
6.180387232371033157e+00
6.675581178124545545e+00
1.046415791390898242e+01
9.507891862878782518e+00
1.391159267660409604e+01
1.330339418036568588e+01
1.070474469691662733e+01
6.076507779746498805e+00
1.492705330360461602e+01
9.507891862878782518e+00
1.286550196516137312e+01
1.339876023397903637e+01
8.667244841319218907e+00
1.172646028567007725e+01
1.058513485680245481e+01
