1.058513485680245481e+01
1.744431859350498826e+01
1.178062436274634450e+01
9.373021315815206478e+00
1.194164264288369282e+01
5.046265044040320724e+00
1.117038385124011413e+01
9.836981518731869656e+00
1.058513485680245481e+01
8.740387444736633427e+00
1.088169461344923583e+01
1.718695942796624365e+01
1.236077446474206631e+01
1.646815177937675045e+01
1.128379167095512514e+01
1.436192209445157708e+01
1.650676414605009157e+01
1.654528640181426269e+01
1.220528683538465842e+01
1.603728119216292924e+01
1.009253008808064145e+01
9.097283682934460103e+00
9.836981518731869656e+00
1.358748446131948917e+01
1.363425735166143049e+01
9.166995688475081394e+00
1.543035303761632804e+01
1.391159267660409604e+01
1.822952333923949553e+01
1.215301555949299761e+01
1.688803298257900920e+01
1.522266721510391640e+01
1.409345127989185542e+01
1.276615297284584649e+01
1.034176589165282145e+01
9.166995688475081394e+00
7.735777827895049086e+00
1.315904928495908166e+01
1.156244577056221523e+01
1.058513485680245481e+01
1.551264883747923129e+01
1.256509862862843541e+01
1.404820733880128181e+01
1.703815178355965898e+01
1.711271735549580697e+01
1.354055000514615159e+01
1.422831991532699902e+01
1.117038385124011413e+01
1.358748446131948917e+01
9.901487006738307173e+00
9.507891862878782518e+00
1.236077446474206631e+01
1.046415791390898242e+01
1.496964127403822076e+01
1.117038385124011413e+01
1.431752655671925822e+01
1.571650316319191809e+01
1.117038385124011413e+01
6.076507779746498805e+00
1.230916348999737586e+01
1.117038385124011413e+01
1.635176762293251684e+01
1.603728119216292924e+01
1.111324596323282954e+01
1.134007028277388685e+01
1.251433034574463399e+01
7.735777827895049086e+00
9.507891862878782518e+00
1.567594437773643001e+01
8.740387444736633427e+00
1.296408962885714899e+01
1.286550196516137312e+01
1.431752655671925822e+01
1.225733520300188317e+01
1.117038385124011413e+01
1.128379167095512514e+01
1.117038385124011413e+01
8.593479713983121826e+00
5.170882945826410726e+00
1.021790793990058255e+01
6.955796338302048021e+00
1.579730833933717626e+01
1.271618740744904485e+01
6.383076486422923246e+00
9.373021315815206478e+00
1.711271735549580697e+01
1.220528683538465842e+01
9.373021315815206478e+00
1.204779266504070279e+01
1.762584604821509515e+01
1.673656774376800982e+01
1.409345127989185542e+01
1.479855404066383784e+01
1.204779266504070279e+01
1.021790793990058255e+01
