1.058513485680245481e+01
1.755346033766304004e+01
1.178062436274634450e+01
9.373021315815206478e+00
1.188821220645068522e+01
1.117038385124011413e+01
9.836981518731869656e+00
1.058513485680245481e+01
8.291859587312051971e+00
1.070474469691662733e+01
1.737117647432762624e+01
1.236077446474206631e+01
1.677456227108388731e+01
1.673656774376800982e+01
1.128379167095512514e+01
1.445030398768713376e+01
1.677456227108388731e+01
1.220528683538465842e+01
1.603728119216292924e+01
1.009253008808064145e+01
8.667244841319218907e+00
9.440697438826296306e+00
1.358748446131948917e+01
1.377362305878664728e+01
8.812923024107547576e+00
1.543035303761632804e+01
1.391159267660409604e+01
1.836868202552426155e+01
1.215301555949299761e+01
1.696325844612841038e+01
1.522266721510391640e+01
1.409345127989185542e+01
1.276615297284584649e+01
1.034176589165282145e+01
9.097283682934460103e+00
7.225151993843566878e+00
1.315904928495908166e+01
1.156244577056221523e+01
1.058513485680245481e+01
1.551264883747923129e+01
1.251433034574463399e+01
1.404820733880128181e+01
1.707547527140466670e+01
1.740778594902202769e+01
1.354055000514615159e+01
1.422831991532699902e+01
1.117038385124011413e+01
1.368087033328175828e+01
9.706684619910241452e+00
9.166995688475081394e+00
1.236077446474206631e+01
1.040314189572019821e+01
1.513879513212096128e+01
1.117038385124011413e+01
1.440618081907316395e+01
1.599753570059363028e+01
1.117038385124011413e+01
3.908820095223359381e+00
1.236077446474206631e+01
1.117038385124011413e+01
1.685029431422315938e+01
1.607692842495848140e+01
1.111324596323282954e+01
1.134007028277388685e+01
1.261566261010080048e+01
7.046725639945927711e+00
9.373021315815206478e+00
1.587770228520368221e+01
8.444016491289504600e+00
1.296408962885714899e+01
1.296408962885714899e+01
1.440618081907316395e+01
1.236077446474206631e+01
1.128379167095512514e+01
1.117038385124011413e+01
1.117038385124011413e+01
8.884866446580955923e+00
1.009253008808064145e+01
6.482044814428574497e+00
1.599753570059363028e+01
1.271618740744904485e+01
5.170882945826410726e+00
9.640875829802336483e+00
1.740778594902202769e+01
1.225733520300188317e+01
9.373021315815206478e+00
1.194164264288369282e+01
1.794796937867891984e+01
1.688803298257900920e+01
1.409345127989185542e+01
1.505445578434700415e+01
1.204779266504070279e+01
1.009253008808064145e+01
