1.058513485680245481e+01
1.167204486311898926e+01
1.058513485680245481e+01
1.178062436274634450e+01
1.009253008808064145e+01
1.199483507827737583e+01
8.740387444736633427e+00
1.117038385124011413e+01
9.965574970333758387e+00
1.058513485680245481e+01
9.965574970333758387e+00
8.136857890256438353e+00
1.111324596323282954e+01
1.236077446474206631e+01
1.400281721259029588e+01
7.225151993843566878e+00
1.492705330360461602e+01
6.863662517577697741e+00
1.150725478350318376e+01
1.256509862862843541e+01
1.501210842680413826e+01
1.513879513212096128e+01
1.215301555949299761e+01
1.453814859003845150e+01
1.058513485680245481e+01
1.021790793990058255e+01
8.136857890256438353e+00
8.740387444736633427e+00
1.070474469691662733e+01
1.241217083805063837e+01
1.215301555949299761e+01
9.836981518731869656e+00
1.462546558286290477e+01
9.166995688475081394e+00
6.955796338302048021e+00
1.714987856615383066e+01
1.251433034574463399e+01
1.178062436274634450e+01
1.505445578434700415e+01
1.427299292922216978e+01
1.261566261010080048e+01
1.215301555949299761e+01
9.373021315815206478e+00
1.058513485680245481e+01
9.965574970333758387e+00
7.653039857325811823e+00
4.513516668382050234e+00
7.817640190446718762e+00
1.246335526484300615e+01
4.370193722368316713e+00
1.167204486311898926e+01
1.009253008808064145e+01
1.505445578434700415e+01
1.271618740744904485e+01
1.325545386523797831e+01
1.518078909665319287e+01
1.591774699517169012e+01
1.261566261010080048e+01
1.358748446131948917e+01
1.058513485680245481e+01
8.214724333230154940e+00
1.296408962885714899e+01
9.965574970333758387e+00
1.034176589165282145e+01
1.236077446474206631e+01
9.706684619910241452e+00
7.225151993843566878e+00
5.046265044040320724e+00
1.395727947504383337e+01
1.117038385124011413e+01
2.763953195770683990e+00
1.358748446131948917e+01
1.330339418036568588e+01
1.058513485680245481e+01
9.373021315815206478e+00
1.183454054540639433e+01
1.117038385124011413e+01
8.136857890256438353e+00
1.422831991532699902e+01
1.395727947504383337e+01
1.117038385124011413e+01
1.178062436274634450e+01
1.178062436274634450e+01
9.507891862878782518e+00
6.076507779746498805e+00
9.373021315815206478e+00
7.978845608028653835e+00
1.261566261010080048e+01
5.970821321441846408e+00
9.373021315815206478e+00
1.276615297284584649e+01
1.368087033328175828e+01
1.134007028277388685e+01
1.150725478350318376e+01
1.094004191971426110e+01
1.070474469691662733e+01
1.015541250385961369e+01
9.027033336764100468e+00
6.383076486422923246e+00
8.368283871884004910e+00
7.225151993843566878e+00
8.444016491289504600e+00
1.058513485680245481e+01
1.449429283826230197e+01
1.230916348999737586e+01
8.740387444736633427e+00
8.136857890256438353e+00
9.236181543108379799e+00
9.706684619910241452e+00
4.513516668382050234e+00
1.099807968464679142e+01
4.513516668382050234e+00
1.471226436021925466e+01
1.139607097042601680e+01
1.363425735166143049e+01
3.191538243211461623e+00
1.526443044094783019e+01
9.507891862878782518e+00
1.296408962885714899e+01
1.395727947504383337e+01
8.136857890256438353e+00
1.178062436274634450e+01
1.058513485680245481e+01
