1.058513485680245481e+01
1.178062436274634450e+01
1.058513485680245481e+01
1.178062436274634450e+01
9.965574970333758387e+00
1.215301555949299761e+01
8.740387444736633427e+00
1.117038385124011413e+01
9.965574970333758387e+00
1.058513485680245481e+01
9.901487006738307173e+00
8.136857890256438353e+00
1.105581278308273596e+01
1.236077446474206631e+01
1.413855043925722121e+01
6.770275002573075795e+00
1.496964127403822076e+01
6.383076486422923246e+00
1.150725478350318376e+01
1.266602473693425601e+01
1.513879513212096128e+01
1.513879513212096128e+01
1.220528683538465842e+01
1.475547227809780537e+01
1.058513485680245481e+01
9.965574970333758387e+00
8.136857890256438353e+00
8.740387444736633427e+00
1.070474469691662733e+01
1.256509862862843541e+01
1.220528683538465842e+01
9.772050238058398008e+00
1.471226436021925466e+01
8.812923024107547576e+00
6.180387232371033157e+00
1.722396045987370883e+01
1.266602473693425601e+01
1.183454054540639433e+01
1.505445578434700415e+01
1.431752655671925822e+01
1.286550196516137312e+01
1.230916348999737586e+01
9.373021315815206478e+00
1.058513485680245481e+01
9.965574970333758387e+00
7.484820637019110379e+00
2.763953195770683990e+00
7.817640190446718762e+00
1.256509862862843541e+01
1.167204486311898926e+01
1.015541250385961369e+01
1.505445578434700415e+01
1.276615297284584649e+01
1.330339418036568588e+01
1.522266721510391640e+01
1.627371578051287671e+01
1.271618740744904485e+01
1.372732503515539548e+01
1.058513485680245481e+01
7.735777827895049086e+00
1.296408962885714899e+01
1.009253008808064145e+01
1.034176589165282145e+01
1.236077446474206631e+01
9.706684619910241452e+00
7.046725639945927711e+00
1.413855043925722121e+01
4.222008245644752300e+00
1.117038385124011413e+01
1.358748446131948917e+01
1.358748446131948917e+01
1.058513485680245481e+01
9.373021315815206478e+00
1.194164264288369282e+01
1.117038385124011413e+01
8.136857890256438353e+00
1.427299292922216978e+01
1.418350619798065715e+01
1.117038385124011413e+01
1.178062436274634450e+01
1.183454054540639433e+01
9.373021315815206478e+00
5.753627391751591880e+00
9.373021315815206478e+00
7.735777827895049086e+00
1.296408962885714899e+01
5.292567428401227403e+00
9.373021315815206478e+00
1.276615297284584649e+01
1.368087033328175828e+01
1.150725478350318376e+01
1.156244577056221523e+01
1.105581278308273596e+01
1.070474469691662733e+01
1.021790793990058255e+01
9.027033336764100468e+00
6.383076486422923246e+00
8.136857890256438353e+00
7.046725639945927711e+00
8.291859587312051971e+00
1.058513485680245481e+01
1.453814859003845150e+01
1.261566261010080048e+01
8.667244841319218907e+00
8.136857890256438353e+00
9.507891862878782518e+00
1.105581278308273596e+01
9.640875829802336483e+00
1.509668435477122017e+01
1.595769121605730811e+00
1.400281721259029588e+01
1.172646028567007725e+01
9.574614729634383536e+00
1.543035303761632804e+01
1.296408962885714899e+01
1.404820733880128181e+01
8.136857890256438353e+00
1.178062436274634450e+01
1.058513485680245481e+01
