1.058513485680245481e+01
1.178062436274634450e+01
1.058513485680245481e+01
1.178062436274634450e+01
9.965574970333758387e+00
1.204779266504070279e+01
8.593479713983121826e+00
1.117038385124011413e+01
9.965574970333758387e+00
1.058513485680245481e+01
9.901487006738307173e+00
8.136857890256438353e+00
1.105581278308273596e+01
1.236077446474206631e+01
1.427299292922216978e+01
6.383076486422923246e+00
1.513879513212096128e+01
5.527906391541367981e+00
1.139607097042601680e+01
1.271618740744904485e+01
1.522266721510391640e+01
1.522266721510391640e+01
1.220528683538465842e+01
1.475547227809780537e+01
1.058513485680245481e+01
9.965574970333758387e+00
8.136857890256438353e+00
8.740387444736633427e+00
1.070474469691662733e+01
1.261566261010080048e+01
1.225733520300188317e+01
9.772050238058398008e+00
1.475547227809780537e+01
8.740387444736633427e+00
5.753627391751591880e+00
1.726088217525477830e+01
1.281592373849173683e+01
1.188821220645068522e+01
1.505445578434700415e+01
1.431752655671925822e+01
1.296408962885714899e+01
1.236077446474206631e+01
9.373021315815206478e+00
1.058513485680245481e+01
9.836981518731869656e+00
6.955796338302048021e+00
8.136857890256438353e+00
1.266602473693425601e+01
1.167204486311898926e+01
1.052482020710848865e+01
1.505445578434700415e+01
1.276615297284584649e+01
1.335116235624909109e+01
1.534761596392107741e+01
1.642944866646030988e+01
1.296408962885714899e+01
1.391159267660409604e+01
1.058513485680245481e+01
7.653039857325811823e+00
1.296408962885714899e+01
1.009253008808064145e+01
1.034176589165282145e+01
1.236077446474206631e+01
9.772050238058398008e+00
6.579524642479540830e+00
1.431752655671925822e+01
1.117038385124011413e+01
1.358748446131948917e+01
1.372732503515539548e+01
1.058513485680245481e+01
9.304852983362556174e+00
1.199483507827737583e+01
1.117038385124011413e+01
8.058239062071395509e+00
1.445030398768713376e+01
1.436192209445157708e+01
1.117038385124011413e+01
1.178062436274634450e+01
1.183454054540639433e+01
9.373021315815206478e+00
4.787307364817191768e+00
9.507891862878782518e+00
7.484820637019110379e+00
1.296408962885714899e+01
4.787307364817191768e+00
9.373021315815206478e+00
1.286550196516137312e+01
1.368087033328175828e+01
1.167204486311898926e+01
1.161737456321036532e+01
1.105581278308273596e+01
1.088169461344923583e+01
1.034176589165282145e+01
8.956231982162769611e+00
6.180387232371033157e+00
8.136857890256438353e+00
6.675581178124545545e+00
8.136857890256438353e+00
1.058513485680245481e+01
1.496964127403822076e+01
1.271618740744904485e+01
8.593479713983121826e+00
8.136857890256438353e+00
9.373021315815206478e+00
1.105581278308273596e+01
9.574614729634383536e+00
1.513879513212096128e+01
1.204779266504070279e+01
1.409345127989185542e+01
9.640875829802336483e+00
1.543035303761632804e+01
1.296408962885714899e+01
1.418350619798065715e+01
8.136857890256438353e+00
1.178062436274634450e+01
1.058513485680245481e+01
