1.058513485680245481e+01
1.707547527140466670e+01
1.178062436274634450e+01
9.507891862878782518e+00
1.194164264288369282e+01
6.675581178124545545e+00
1.117038385124011413e+01
9.836981518731869656e+00
1.058513485680245481e+01
9.027033336764100468e+00
1.094004191971426110e+01
1.669848676668040710e+01
1.236077446474206631e+01
1.615593100600235843e+01
1.128379167095512514e+01
1.413855043925722121e+01
1.619528777809902209e+01
1.631278838364701755e+01
1.220528683538465842e+01
1.591774699517169012e+01
1.021790793990058255e+01
9.373021315815206478e+00
5.641895835477562571e+00
1.021790793990058255e+01
1.349345229721172146e+01
1.315904928495908166e+01
9.373021315815206478e+00
1.534761596392107741e+01
1.381976597885341995e+01
1.808929415419343556e+01
1.215301555949299761e+01
1.669848676668040710e+01
1.513879513212096128e+01
1.386575534383213970e+01
1.276615297284584649e+01
1.034176589165282145e+01
9.373021315815206478e+00
8.214724333230154940e+00
1.325545386523797831e+01
3.568248232305542444e+00
1.167204486311898926e+01
1.058513485680245481e+01
1.551264883747923129e+01
1.256509862862843541e+01
1.395727947504383337e+01
1.688803298257900920e+01
1.703815178355965898e+01
1.325545386523797831e+01
1.422831991532699902e+01
1.117038385124011413e+01
1.358748446131948917e+01
9.965574970333758387e+00
9.640875829802336483e+00
1.236077446474206631e+01
1.052482020710848865e+01
1.488434347843123184e+01
1.117038385124011413e+01
1.431752655671925822e+01
1.526443044094783019e+01
1.122723095552866468e+01
7.312732791431452384e+00
1.225733520300188317e+01
1.117038385124011413e+01
1.591774699517169012e+01
1.599753570059363028e+01
1.117038385124011413e+01
1.156244577056221523e+01
1.236077446474206631e+01
8.136857890256438353e+00
9.706684619910241452e+00
1.547155565579009817e+01
8.740387444736633427e+00
1.296408962885714899e+01
1.266602473693425601e+01
1.413855043925722121e+01
1.183454054540639433e+01
1.117038385124011413e+01
1.122723095552866468e+01
1.117038385124011413e+01
8.593479713983121826e+00
6.675581178124545545e+00
7.978845608028653835e+00
1.021790793990058255e+01
1.547155565579009817e+01
1.266602473693425601e+01
6.955796338302048021e+00
3.908820095223359381e+00
9.373021315815206478e+00
1.692568750643268771e+01
1.156244577056221523e+01
9.507891862878782518e+00
1.199483507827737583e+01
1.751715531361111644e+01
1.639065416446577927e+01
1.377362305878664728e+01
1.462546558286290477e+01
3.385137501286537898e+00
1.199483507827737583e+01
1.052482020710848865e+01
