1.058513485680245481e+01
1.117038385124011413e+01
1.058513485680245481e+01
1.161737456321036532e+01
9.965574970333758387e+00
1.134007028277388685e+01
8.740387444736633427e+00
4.918490759365934828e+00
1.117038385124011413e+01
9.965574970333758387e+00
1.058513485680245481e+01
5.046265044040320724e+00
9.965574970333758387e+00
8.136857890256438353e+00
1.099807968464679142e+01
1.215301555949299761e+01
1.246335526484300615e+01
8.136857890256438353e+00
1.445030398768713376e+01
7.399277020331918919e+00
6.076507779746498805e+00
1.064510777218481152e+01
4.370193722368316713e+00
1.471226436021925466e+01
1.479855404066383784e+01
1.183454054540639433e+01
1.178062436274634450e+01
1.070474469691662733e+01
1.339876023397903637e+01
1.021790793990058255e+01
5.170882945826410726e+00
8.368283871884004910e+00
8.812923024107547576e+00
1.117038385124011413e+01
4.513516668382050234e+00
3.742410318509555189e+00
1.167204486311898926e+01
1.172646028567007725e+01
9.965574970333758387e+00
1.372732503515539548e+01
9.706684619910241452e+00
7.978845608028653835e+00
1.611647812414279102e+01
1.194164264288369282e+01
1.122723095552866468e+01
1.484151074652385738e+01
1.409345127989185542e+01
1.178062436274634450e+01
1.178062436274634450e+01
2.763953195770683990e+00
9.373021315815206478e+00
1.058513485680245481e+01
9.965574970333758387e+00
8.444016491289504600e+00
6.770275002573075795e+00
7.898654169668588132e+00
6.863662517577697741e+00
1.225733520300188317e+01
1.088169461344923583e+01
9.965574970333758387e+00
1.466892917224166482e+01
1.230916348999737586e+01
5.170882945826410726e+00
1.296408962885714899e+01
1.436192209445157708e+01
1.538904010394216471e+01
1.225733520300188317e+01
1.281592373849173683e+01
8.740387444736633427e+00
1.009253008808064145e+01
1.266602473693425601e+01
6.383076486422923246e+00
9.507891862878782518e+00
9.965574970333758387e+00
1.210051848659980855e+01
9.373021315815206478e+00
7.898654169668588132e+00
7.225151993843566878e+00
5.753627391751591880e+00
6.579524642479540830e+00
1.117038385124011413e+01
1.335116235624909109e+01
1.311058116710494836e+01
1.052482020710848865e+01
1.210051848659980855e+01
9.373021315815206478e+00
1.156244577056221523e+01
1.117038385124011413e+01
8.740387444736633427e+00
1.381976597885341995e+01
1.296408962885714899e+01
1.117038385124011413e+01
1.178062436274634450e+01
7.484820637019110379e+00
1.117038385124011413e+01
9.373021315815206478e+00
9.373021315815206478e+00
8.136857890256438353e+00
7.312732791431452384e+00
1.178062436274634450e+01
9.373021315815206478e+00
1.266602473693425601e+01
6.076507779746498805e+00
1.344618962205996482e+01
1.088169461344923583e+01
1.117038385124011413e+01
9.965574970333758387e+00
1.040314189572019821e+01
9.640875829802336483e+00
7.484820637019110379e+00
9.166995688475081394e+00
8.291859587312051971e+00
7.046725639945927711e+00
8.291859587312051971e+00
1.046415791390898242e+01
1.395727947504383337e+01
5.753627391751591880e+00
1.167204486311898926e+01
5.863230142835038627e+00
8.740387444736633427e+00
8.136857890256438353e+00
8.740387444736633427e+00
7.225151993843566878e+00
9.507891862878782518e+00
1.021790793990058255e+01
1.358748446131948917e+01
6.770275002573075795e+00
1.320733953636073110e+01
1.058513485680245481e+01
1.475547227809780537e+01
9.507891862878782518e+00
1.286550196516137312e+01
1.315904928495908166e+01
8.740387444736633427e+00
1.172646028567007725e+01
1.058513485680245481e+01
