1.058513485680245481e+01
1.178062436274634450e+01
1.058513485680245481e+01
1.178062436274634450e+01
9.965574970333758387e+00
1.210051848659980855e+01
8.593479713983121826e+00
1.117038385124011413e+01
9.965574970333758387e+00
1.058513485680245481e+01
9.706684619910241452e+00
8.136857890256438353e+00
1.105581278308273596e+01
1.236077446474206631e+01
1.440618081907316395e+01
6.076507779746498805e+00
1.522266721510391640e+01
5.170882945826410726e+00
1.134007028277388685e+01
1.534761596392107741e+01
1.271618740744904485e+01
1.530607971465162365e+01
1.220528683538465842e+01
1.496964127403822076e+01
1.058513485680245481e+01
9.965574970333758387e+00
7.978845608028653835e+00
8.740387444736633427e+00
1.070474469691662733e+01
1.261566261010080048e+01
1.225733520300188317e+01
9.507891862878782518e+00
1.475547227809780537e+01
8.667244841319218907e+00
1.740778594902202769e+01
4.787307364817191768e+00
1.296408962885714899e+01
1.199483507827737583e+01
1.505445578434700415e+01
1.440618081907316395e+01
1.296408962885714899e+01
1.236077446474206631e+01
9.373021315815206478e+00
1.058513485680245481e+01
9.836981518731869656e+00
6.955796338302048021e+00
8.136857890256438353e+00
1.271618740744904485e+01
1.178062436274634450e+01
1.040314189572019821e+01
1.505445578434700415e+01
1.276615297284584649e+01
1.339876023397903637e+01
1.538904010394216471e+01
1.642944866646030988e+01
1.296408962885714899e+01
1.413855043925722121e+01
1.058513485680245481e+01
7.312732791431452384e+00
1.296408962885714899e+01
1.009253008808064145e+01
1.028002345391383443e+01
1.236077446474206631e+01
9.836981518731869656e+00
6.076507779746498805e+00
1.436192209445157708e+01
1.117038385124011413e+01
1.358748446131948917e+01
1.391159267660409604e+01
1.058513485680245481e+01
9.236181543108379799e+00
1.204779266504070279e+01
1.117038385124011413e+01
7.898654169668588132e+00
1.449429283826230197e+01
1.479855404066383784e+01
1.117038385124011413e+01
1.178062436274634450e+01
1.183454054540639433e+01
9.373021315815206478e+00
4.068428945128219176e+00
9.507891862878782518e+00
7.399277020331918919e+00
1.311058116710494836e+01
9.304852983362556174e+00
2.256758334191025117e+00
1.286550196516137312e+01
1.368087033328175828e+01
1.178062436274634450e+01
1.161737456321036532e+01
1.117038385124011413e+01
1.088169461344923583e+01
1.058513485680245481e+01
8.884866446580955923e+00
5.753627391751591880e+00
8.136857890256438353e+00
6.383076486422923246e+00
8.136857890256438353e+00
1.058513485680245481e+01
1.501210842680413826e+01
1.271618740744904485e+01
8.444016491289504600e+00
8.136857890256438353e+00
9.373021315815206478e+00
1.105581278308273596e+01
9.507891862878782518e+00
1.530607971465162365e+01
1.204779266504070279e+01
1.413855043925722121e+01
9.706684619910241452e+00
1.543035303761632804e+01
1.296408962885714899e+01
1.422831991532699902e+01
8.136857890256438353e+00
1.178062436274634450e+01
1.058513485680245481e+01
