1.058513485680245481e+01
1.700074635581867355e+01
1.178062436274634450e+01
9.574614729634383536e+00
1.194164264288369282e+01
6.863662517577697741e+00
1.117038385124011413e+01
9.836981518731869656e+00
1.058513485680245481e+01
9.027033336764100468e+00
1.094004191971426110e+01
1.236077446474206631e+01
3.385137501286537898e+00
1.635176762293251684e+01
1.607692842495848140e+01
1.128379167095512514e+01
1.395727947504383337e+01
1.611647812414279102e+01
1.631278838364701755e+01
1.220528683538465842e+01
1.583755632390385770e+01
1.021790793990058255e+01
9.373021315815206478e+00
5.753627391751591880e+00
1.028002345391383443e+01
1.330339418036568588e+01
1.311058116710494836e+01
9.373021315815206478e+00
1.534761596392107741e+01
1.372732503515539548e+01
1.794796937867891984e+01
2.985410660720923204e+00
1.215301555949299761e+01
1.650676414605009157e+01
1.518078909665319287e+01
1.368087033328175828e+01
1.276615297284584649e+01
1.034176589165282145e+01
9.373021315815206478e+00
8.368283871884004910e+00
1.325545386523797831e+01
4.513516668382050234e+00
1.167204486311898926e+01
1.058513485680245481e+01
1.551264883747923129e+01
1.256509862862843541e+01
1.395727947504383337e+01
1.685029431422315938e+01
1.696325844612841038e+01
1.320733953636073110e+01
1.427299292922216978e+01
1.117038385124011413e+01
1.358748446131948917e+01
9.965574970333758387e+00
9.772050238058398008e+00
1.236077446474206631e+01
1.052482020710848865e+01
1.484151074652385738e+01
1.117038385124011413e+01
1.422831991532699902e+01
1.518078909665319287e+01
1.122723095552866468e+01
7.399277020331918919e+00
1.225733520300188317e+01
1.117038385124011413e+01
1.579730833933717626e+01
1.599753570059363028e+01
1.117038385124011413e+01
1.156244577056221523e+01
1.236077446474206631e+01
8.136857890256438353e+00
9.772050238058398008e+00
3.385137501286537898e+00
1.538904010394216471e+01
8.740387444736633427e+00
1.296408962885714899e+01
1.256509862862843541e+01
1.413855043925722121e+01
1.178062436274634450e+01
1.117038385124011413e+01
1.117038385124011413e+01
1.117038385124011413e+01
8.593479713983121826e+00
6.863662517577697741e+00
8.136857890256438353e+00
1.021790793990058255e+01
1.547155565579009817e+01
1.266602473693425601e+01
7.046725639945927711e+00
5.170882945826410726e+00
9.373021315815206478e+00
1.688803298257900920e+01
1.156244577056221523e+01
9.373021315815206478e+00
1.199483507827737583e+01
1.744431859350498826e+01
1.639065416446577927e+01
1.368087033328175828e+01
1.453814859003845150e+01
4.370193722368316713e+00
1.194164264288369282e+01
1.058513485680245481e+01
