1.058513485680245481e+01
1.666031874701878124e+01
1.178062436274634450e+01
9.772050238058398008e+00
1.194164264288369282e+01
7.569397566060480642e+00
1.117038385124011413e+01
9.836981518731869656e+00
1.058513485680245481e+01
9.166995688475081394e+00
1.094004191971426110e+01
5.292567428401227403e+00
1.236077446474206631e+01
1.607692842495848140e+01
1.599753570059363028e+01
1.128379167095512514e+01
1.368087033328175828e+01
1.615593100600235843e+01
1.583755632390385770e+01
1.220528683538465842e+01
1.583755632390385770e+01
1.034176589165282145e+01
9.373021315815206478e+00
4.652426491681278087e+00
6.863662517577697741e+00
1.028002345391383443e+01
1.291488987023529766e+01
1.276615297284584649e+01
9.373021315815206478e+00
1.530607971465162365e+01
1.368087033328175828e+01
1.776973289316191185e+01
5.527906391541367981e+00
1.215301555949299761e+01
1.611647812414279102e+01
1.501210842680413826e+01
1.354055000514615159e+01
1.276615297284584649e+01
8.667244841319218907e+00
1.046415791390898242e+01
9.373021315815206478e+00
1.325545386523797831e+01
5.753627391751591880e+00
1.167204486311898926e+01
1.058513485680245481e+01
1.551264883747923129e+01
1.256509862862843541e+01
1.391159267660409604e+01
1.666031874701878124e+01
1.681247093473193388e+01
1.320733953636073110e+01
1.427299292922216978e+01
1.117038385124011413e+01
1.349345229721172146e+01
9.965574970333758387e+00
9.901487006738307173e+00
1.236077446474206631e+01
1.052482020710848865e+01
1.479855404066383784e+01
1.117038385124011413e+01
1.418350619798065715e+01
1.492705330360461602e+01
1.076405121554611632e+01
7.898654169668588132e+00
1.215301555949299761e+01
1.117038385124011413e+01
1.567594437773643001e+01
1.587770228520368221e+01
3.191538243211461623e+00
1.117038385124011413e+01
1.156244577056221523e+01
1.225733520300188317e+01
8.444016491289504600e+00
9.772050238058398008e+00
5.170882945826410726e+00
1.513879513212096128e+01
8.812923024107547576e+00
1.296408962885714899e+01
1.236077446474206631e+01
1.404820733880128181e+01
1.178062436274634450e+01
1.117038385124011413e+01
1.117038385124011413e+01
1.117038385124011413e+01
8.667244841319218907e+00
6.863662517577697741e+00
8.136857890256438353e+00
1.021790793990058255e+01
1.547155565579009817e+01
1.266602473693425601e+01
7.312732791431452384e+00
5.641895835477562571e+00
9.373021315815206478e+00
1.662206308517478703e+01
1.150725478350318376e+01
9.373021315815206478e+00
1.194164264288369282e+01
1.737117647432762624e+01
1.623454913941802857e+01
1.354055000514615159e+01
1.445030398768713376e+01
5.753627391751591880e+00
1.178062436274634450e+01
1.058513485680245481e+01
