1.058513485680245481e+01
1.178062436274634450e+01
1.058513485680245481e+01
1.178062436274634450e+01
9.965574970333758387e+00
1.215301555949299761e+01
8.444016491289504600e+00
1.117038385124011413e+01
9.965574970333758387e+00
1.058513485680245481e+01
9.640875829802336483e+00
7.817640190446718762e+00
1.094004191971426110e+01
1.236077446474206631e+01
1.488434347843123184e+01
4.918490759365934828e+00
1.555363345008750464e+01
1.134007028277388685e+01
1.555363345008750464e+01
1.311058116710494836e+01
1.547155565579009817e+01
1.220528683538465842e+01
1.522266721510391640e+01
1.058513485680245481e+01
9.836981518731869656e+00
7.484820637019110379e+00
8.444016491289504600e+00
1.064510777218481152e+01
1.261566261010080048e+01
1.241217083805063837e+01
9.373021315815206478e+00
1.492705330360461602e+01
8.291859587312051971e+00
1.755346033766304004e+01
1.325545386523797831e+01
1.194164264288369282e+01
1.543035303761632804e+01
1.453814859003845150e+01
1.315904928495908166e+01
1.266602473693425601e+01
9.373021315815206478e+00
1.058513485680245481e+01
9.836981518731869656e+00
5.753627391751591880e+00
8.136857890256438353e+00
1.271618740744904485e+01
1.167204486311898926e+01
1.046415791390898242e+01
1.522266721510391640e+01
1.276615297284584649e+01
1.363425735166143049e+01
1.547155565579009817e+01
1.646815177937675045e+01
1.296408962885714899e+01
1.418350619798065715e+01
1.058513485680245481e+01
6.863662517577697741e+00
1.296408962885714899e+01
9.965574970333758387e+00
1.009253008808064145e+01
1.236077446474206631e+01
9.965574970333758387e+00
5.411516379806009525e+00
1.449429283826230197e+01
1.117038385124011413e+01
1.372732503515539548e+01
1.431752655671925822e+01
1.058513485680245481e+01
9.097283682934460103e+00
1.204779266504070279e+01
1.117038385124011413e+01
1.479855404066383784e+01
1.509668435477122017e+01
7.312732791431452384e+00
1.117038385124011413e+01
1.178062436274634450e+01
1.194164264288369282e+01
9.373021315815206478e+00
9.836981518731869656e+00
7.399277020331918919e+00
1.363425735166143049e+01
9.236181543108379799e+00
1.296408962885714899e+01
1.194164264288369282e+01
1.372732503515539548e+01
1.178062436274634450e+01
1.117038385124011413e+01
1.094004191971426110e+01
1.070474469691662733e+01
8.740387444736633427e+00
4.652426491681278087e+00
8.136857890256438353e+00
6.383076486422923246e+00
8.136857890256438353e+00
1.040314189572019821e+01
1.509668435477122017e+01
1.276615297284584649e+01
8.136857890256438353e+00
7.817640190446718762e+00
9.373021315815206478e+00
1.105581278308273596e+01
9.373021315815206478e+00
1.551264883747923129e+01
1.199483507827737583e+01
1.427299292922216978e+01
9.640875829802336483e+00
1.551264883747923129e+01
1.315904928495908166e+01
1.431752655671925822e+01
7.817640190446718762e+00
1.178062436274634450e+01
1.058513485680245481e+01
