1.058513485680245481e+01
1.161737456321036532e+01
1.058513485680245481e+01
1.178062436274634450e+01
1.009253008808064145e+01
1.188821220645068522e+01
8.740387444736633427e+00
1.117038385124011413e+01
9.965574970333758387e+00
1.070474469691662733e+01
9.965574970333758387e+00
8.593479713983121826e+00
1.105581278308273596e+01
1.236077446474206631e+01
1.377362305878664728e+01
7.653039857325811823e+00
1.479855404066383784e+01
7.046725639945927711e+00
1.150725478350318376e+01
1.251433034574463399e+01
1.501210842680413826e+01
1.505445578434700415e+01
1.210051848659980855e+01
1.445030398768713376e+01
1.058513485680245481e+01
1.028002345391383443e+01
8.136857890256438353e+00
8.740387444736633427e+00
1.082303275961201905e+01
1.241217083805063837e+01
1.215301555949299761e+01
9.901487006738307173e+00
1.453814859003845150e+01
9.166995688475081394e+00
7.225151993843566878e+00
1.700074635581867355e+01
1.236077446474206631e+01
1.172646028567007725e+01
1.492705330360461602e+01
1.427299292922216978e+01
1.246335526484300615e+01
1.194164264288369282e+01
9.373021315815206478e+00
1.058513485680245481e+01
9.965574970333758387e+00
7.817640190446718762e+00
5.411516379806009525e+00
7.817640190446718762e+00
1.236077446474206631e+01
5.292567428401227403e+00
1.156244577056221523e+01
1.009253008808064145e+01
1.492705330360461602e+01
1.266602473693425601e+01
1.315904928495908166e+01
1.505445578434700415e+01
1.583755632390385770e+01
1.251433034574463399e+01
1.325545386523797831e+01
1.058513485680245481e+01
8.593479713983121826e+00
1.296408962885714899e+01
9.836981518731869656e+00
1.034176589165282145e+01
2.985410660720923204e+00
1.230916348999737586e+01
9.640875829802336483e+00
7.225151993843566878e+00
5.970821321441846408e+00
4.513516668382050234e+00
1.377362305878664728e+01
1.117038385124011413e+01
1.354055000514615159e+01
1.315904928495908166e+01
1.058513485680245481e+01
9.373021315815206478e+00
1.172646028567007725e+01
1.117038385124011413e+01
8.444016491289504600e+00
1.422831991532699902e+01
1.363425735166143049e+01
1.117038385124011413e+01
1.178062436274634450e+01
6.675581178124545545e+00
1.139607097042601680e+01
9.507891862878782518e+00
9.373021315815206478e+00
7.978845608028653835e+00
1.246335526484300615e+01
6.482044814428574497e+00
9.373021315815206478e+00
1.276615297284584649e+01
2.256758334191025117e+00
1.358748446131948917e+01
1.117038385124011413e+01
1.139607097042601680e+01
1.052482020710848865e+01
1.070474469691662733e+01
1.009253008808064145e+01
6.955796338302048021e+00
9.027033336764100468e+00
8.444016491289504600e+00
7.312732791431452384e+00
8.444016491289504600e+00
1.058513485680245481e+01
1.440618081907316395e+01
1.220528683538465842e+01
8.740387444736633427e+00
8.136857890256438353e+00
9.027033336764100468e+00
5.527906391541367981e+00
5.753627391751591880e+00
9.706684619910241452e+00
1.088169461344923583e+01
1.431752655671925822e+01
1.105581278308273596e+01
1.344618962205996482e+01
4.652426491681278087e+00
1.518078909665319287e+01
9.507891862878782518e+00
1.296408962885714899e+01
1.386575534383213970e+01
8.444016491289504600e+00
1.178062436274634450e+01
1.058513485680245481e+01
