1.058513485680245481e+01
1.784124116152771222e+01
1.178062436274634450e+01
8.812923024107547576e+00
1.178062436274634450e+01
1.117038385124011413e+01
9.574614729634383536e+00
1.034176589165282145e+01
7.225151993843566878e+00
1.058513485680245481e+01
1.762584604821509515e+01
1.236077446474206631e+01
1.707547527140466670e+01
1.714987856615383066e+01
1.128379167095512514e+01
1.453814859003845150e+01
1.729772508200899850e+01
1.220528683538465842e+01
1.603728119216292924e+01
1.002925341359354938e+01
7.136496464611084889e+00
8.812923024107547576e+00
1.363425735166143049e+01
1.381976597885341995e+01
1.579730833933717626e+01
7.484820637019110379e+00
1.400281721259029588e+01
1.871205159254777683e+01
1.236077446474206631e+01
1.718695942796624365e+01
1.543035303761632804e+01
1.418350619798065715e+01
1.276615297284584649e+01
1.040314189572019821e+01
8.667244841319218907e+00
5.170882945826410726e+00
1.315904928495908166e+01
1.134007028277388685e+01
1.058513485680245481e+01
1.583755632390385770e+01
1.261566261010080048e+01
1.418350619798065715e+01
1.762584604821509515e+01
1.762584604821509515e+01
1.368087033328175828e+01
1.431752655671925822e+01
1.088169461344923583e+01
1.377362305878664728e+01
8.519075891779829490e+00
9.304852983362556174e+00
1.225733520300188317e+01
1.002925341359354938e+01
1.559451034962034477e+01
1.117038385124011413e+01
1.445030398768713376e+01
1.642944866646030988e+01
1.111324596323282954e+01
1.236077446474206631e+01
1.117038385124011413e+01
1.733448968263843781e+01
1.631278838364701755e+01
1.117038385124011413e+01
1.128379167095512514e+01
1.315904928495908166e+01
9.373021315815206478e+00
2.256758334191025117e+00
1.650676414605009157e+01
7.225151993843566878e+00
1.296408962885714899e+01
1.296408962885714899e+01
1.471226436021925466e+01
1.183454054540639433e+01
1.236077446474206631e+01
1.117038385124011413e+01
1.105581278308273596e+01
9.304852983362556174e+00
1.002925341359354938e+01
1.642944866646030988e+01
1.286550196516137312e+01
9.706684619910241452e+00
1.815954410458608237e+01
1.241217083805063837e+01
8.812923024107547576e+00
1.843786751347043307e+01
1.194164264288369282e+01
1.711271735549580697e+01
1.440618081907316395e+01
1.530607971465162365e+01
1.188821220645068522e+01
1.002925341359354938e+01
