1.058513485680245481e+01
1.178062436274634450e+01
1.058513485680245481e+01
1.178062436274634450e+01
1.009253008808064145e+01
1.204779266504070279e+01
8.740387444736633427e+00
1.117038385124011413e+01
9.965574970333758387e+00
1.058513485680245481e+01
9.901487006738307173e+00
8.136857890256438353e+00
1.105581278308273596e+01
1.236077446474206631e+01
1.409345127989185542e+01
7.046725639945927711e+00
1.492705330360461602e+01
6.770275002573075795e+00
1.150725478350318376e+01
1.261566261010080048e+01
1.501210842680413826e+01
1.513879513212096128e+01
1.215301555949299761e+01
1.458187244392064308e+01
1.058513485680245481e+01
1.021790793990058255e+01
8.136857890256438353e+00
8.740387444736633427e+00
1.070474469691662733e+01
1.241217083805063837e+01
1.220528683538465842e+01
9.772050238058398008e+00
1.466892917224166482e+01
8.956231982162769611e+00
6.770275002573075795e+00
1.714987856615383066e+01
1.256509862862843541e+01
1.183454054540639433e+01
1.505445578434700415e+01
1.431752655671925822e+01
1.266602473693425601e+01
1.215301555949299761e+01
9.373021315815206478e+00
1.058513485680245481e+01
9.965574970333758387e+00
7.484820637019110379e+00
3.908820095223359381e+00
7.817640190446718762e+00
1.256509862862843541e+01
3.191538243211461623e+00
1.167204486311898926e+01
1.009253008808064145e+01
1.505445578434700415e+01
1.271618740744904485e+01
1.325545386523797831e+01
1.522266721510391640e+01
1.591774699517169012e+01
1.271618740744904485e+01
1.363425735166143049e+01
1.058513485680245481e+01
8.136857890256438353e+00
1.296408962885714899e+01
1.009253008808064145e+01
1.034176589165282145e+01
1.236077446474206631e+01
9.706684619910241452e+00
7.225151993843566878e+00
4.787307364817191768e+00
1.404820733880128181e+01
1.117038385124011413e+01
1.358748446131948917e+01
1.349345229721172146e+01
1.058513485680245481e+01
9.373021315815206478e+00
1.194164264288369282e+01
1.117038385124011413e+01
8.136857890256438353e+00
1.427299292922216978e+01
1.395727947504383337e+01
1.117038385124011413e+01
1.178062436274634450e+01
1.183454054540639433e+01
9.373021315815206478e+00
5.970821321441846408e+00
9.373021315815206478e+00
7.817640190446718762e+00
1.276615297284584649e+01
5.753627391751591880e+00
9.373021315815206478e+00
1.276615297284584649e+01
1.368087033328175828e+01
1.145179781116143225e+01
1.150725478350318376e+01
1.105581278308273596e+01
1.070474469691662733e+01
1.015541250385961369e+01
9.027033336764100468e+00
6.383076486422923246e+00
8.136857890256438353e+00
7.136496464611084889e+00
8.291859587312051971e+00
1.058513485680245481e+01
1.453814859003845150e+01
1.236077446474206631e+01
8.740387444736633427e+00
8.136857890256438353e+00
9.507891862878782518e+00
3.742410318509555189e+00
1.099807968464679142e+01
3.568248232305542444e+00
9.640875829802336483e+00
1.496964127403822076e+01
1.391159267660409604e+01
1.156244577056221523e+01
1.530607971465162365e+01
9.507891862878782518e+00
1.296408962885714899e+01
1.395727947504383337e+01
8.136857890256438353e+00
1.178062436274634450e+01
1.058513485680245481e+01
