1.058513485680245481e+01
1.726088217525477830e+01
1.178062436274634450e+01
9.507891862878782518e+00
1.194164264288369282e+01
6.579524642479540830e+00
1.117038385124011413e+01
9.836981518731869656e+00
1.058513485680245481e+01
8.884866446580955923e+00
1.094004191971426110e+01
1.681247093473193388e+01
1.236077446474206631e+01
1.631278838364701755e+01
1.134007028277388685e+01
1.409345127989185542e+01
1.627371578051287671e+01
1.650676414605009157e+01
1.220528683538465842e+01
1.595769121605730767e+01
1.021790793990058255e+01
9.373021315815206478e+00
5.170882945826410726e+00
1.021790793990058255e+01
1.349345229721172146e+01
1.320733953636073110e+01
9.373021315815206478e+00
1.538904010394216471e+01
1.381976597885341995e+01
1.812445316531431061e+01
1.215301555949299761e+01
1.677456227108388731e+01
1.522266721510391640e+01
1.386575534383213970e+01
1.276615297284584649e+01
1.034176589165282145e+01
9.373021315815206478e+00
8.136857890256438353e+00
1.320733953636073110e+01
1.167204486311898926e+01
1.058513485680245481e+01
1.551264883747923129e+01
1.256509862862843541e+01
1.404820733880128181e+01
1.692568750643268771e+01
1.703815178355965898e+01
1.335116235624909109e+01
1.422831991532699902e+01
1.117038385124011413e+01
1.358748446131948917e+01
9.965574970333758387e+00
9.640875829802336483e+00
1.236077446474206631e+01
1.052482020710848865e+01
1.492705330360461602e+01
1.117038385124011413e+01
1.431752655671925822e+01
1.551264883747923129e+01
1.117038385124011413e+01
7.046725639945927711e+00
1.230916348999737586e+01
1.117038385124011413e+01
1.599753570059363028e+01
1.599753570059363028e+01
1.117038385124011413e+01
1.156244577056221523e+01
1.236077446474206631e+01
8.136857890256438353e+00
9.706684619910241452e+00
1.547155565579009817e+01
8.812923024107547576e+00
1.296408962885714899e+01
1.281592373849173683e+01
1.422831991532699902e+01
1.194164264288369282e+01
1.117038385124011413e+01
1.134007028277388685e+01
1.117038385124011413e+01
8.593479713983121826e+00
6.282549314314217703e+00
7.817640190446718762e+00
1.021790793990058255e+01
1.547155565579009817e+01
1.271618740744904485e+01
6.955796338302048021e+00
9.373021315815206478e+00
3.385137501286537898e+00
1.696325844612841038e+01
1.172646028567007725e+01
9.507891862878782518e+00
1.199483507827737583e+01
1.755346033766304004e+01
1.658371917462410394e+01
1.377362305878664728e+01
1.466892917224166482e+01
1.210051848659980855e+01
1.046415791390898242e+01
