1.058513485680245481e+01
1.780552292517845459e+01
1.178062436274634450e+01
8.812923024107547576e+00
1.178062436274634450e+01
1.117038385124011413e+01
9.772050238058398008e+00
1.058513485680245481e+01
7.312732791431452384e+00
1.058513485680245481e+01
1.751715531361111644e+01
1.236077446474206631e+01
1.703815178355965898e+01
1.711271735549580697e+01
1.128379167095512514e+01
1.445030398768713376e+01
1.700074635581867355e+01
1.220528683538465842e+01
1.603728119216292924e+01
1.002925341359354938e+01
7.817640190446718762e+00
9.166995688475081394e+00
1.358748446131948917e+01
1.381976597885341995e+01
1.567594437773643001e+01
8.136857890256438353e+00
1.404820733880128181e+01
1.867799869518773193e+01
1.220528683538465842e+01
1.707547527140466670e+01
1.543035303761632804e+01
1.418350619798065715e+01
1.276615297284584649e+01
1.034176589165282145e+01
8.740387444736633427e+00
5.753627391751591880e+00
1.315904928495908166e+01
1.134007028277388685e+01
1.058513485680245481e+01
1.567594437773643001e+01
1.261566261010080048e+01
1.404820733880128181e+01
1.748077488947326685e+01
1.755346033766304004e+01
1.363425735166143049e+01
1.431752655671925822e+01
1.111324596323282954e+01
1.372732503515539548e+01
9.574614729634383536e+00
8.740387444736633427e+00
1.230916348999737586e+01
1.034176589165282145e+01
1.555363345008750464e+01
1.117038385124011413e+01
1.445030398768713376e+01
1.639065416446577927e+01
1.111324596323282954e+01
1.236077446474206631e+01
1.117038385124011413e+01
1.718695942796624365e+01
1.611647812414279102e+01
1.111324596323282954e+01
1.134007028277388685e+01
1.286550196516137312e+01
5.046265044040320724e+00
9.373021315815206478e+00
1.627371578051287671e+01
7.898654169668588132e+00
1.296408962885714899e+01
1.296408962885714899e+01
1.466892917224166482e+01
1.236077446474206631e+01
1.172646028567007725e+01
1.117038385124011413e+01
1.111324596323282954e+01
9.304852983362556174e+00
1.002925341359354938e+01
3.191538243211461623e+00
1.635176762293251684e+01
1.281592373849173683e+01
9.640875829802336483e+00
1.784124116152771222e+01
1.241217083805063837e+01
9.027033336764100468e+00
1.836868202552426155e+01
1.194164264288369282e+01
1.711271735549580697e+01
1.440618081907316395e+01
1.522266721510391640e+01
1.188821220645068522e+01
1.009253008808064145e+01
