1.058513485680245481e+01
1.740778594902202769e+01
1.178062436274634450e+01
9.373021315815206478e+00
1.194164264288369282e+01
5.863230142835038627e+00
1.117038385124011413e+01
9.836981518731869656e+00
1.058513485680245481e+01
8.740387444736633427e+00
1.088169461344923583e+01
1.700074635581867355e+01
1.236077446474206631e+01
1.646815177937675045e+01
1.139607097042601680e+01
1.427299292922216978e+01
1.646815177937675045e+01
1.650676414605009157e+01
1.220528683538465842e+01
1.603728119216292924e+01
1.015541250385961369e+01
9.166995688475081394e+00
4.068428945128219176e+00
1.009253008808064145e+01
1.358748446131948917e+01
1.344618962205996482e+01
9.373021315815206478e+00
1.543035303761632804e+01
1.391159267660409604e+01
1.819456736586892021e+01
1.215301555949299761e+01
1.685029431422315938e+01
1.522266721510391640e+01
1.409345127989185542e+01
1.276615297284584649e+01
1.034176589165282145e+01
9.304852983362556174e+00
7.978845608028653835e+00
1.315904928495908166e+01
1.161737456321036532e+01
1.058513485680245481e+01
1.551264883747923129e+01
1.256509862862843541e+01
1.404820733880128181e+01
1.700074635581867355e+01
1.711271735549580697e+01
1.354055000514615159e+01
1.422831991532699902e+01
1.117038385124011413e+01
1.358748446131948917e+01
9.965574970333758387e+00
9.640875829802336483e+00
1.236077446474206631e+01
1.052482020710848865e+01
1.492705330360461602e+01
1.117038385124011413e+01
1.431752655671925822e+01
1.567594437773643001e+01
1.117038385124011413e+01
6.675581178124545545e+00
1.230916348999737586e+01
1.117038385124011413e+01
1.623454913941802857e+01
1.599753570059363028e+01
1.111324596323282954e+01
1.134007028277388685e+01
1.246335526484300615e+01
7.978845608028653835e+00
9.640875829802336483e+00
1.547155565579009817e+01
8.740387444736633427e+00
1.296408962885714899e+01
1.281592373849173683e+01
1.431752655671925822e+01
1.210051848659980855e+01
1.117038385124011413e+01
1.128379167095512514e+01
1.117038385124011413e+01
8.593479713983121826e+00
5.753627391751591880e+00
7.484820637019110379e+00
1.021790793990058255e+01
1.551264883747923129e+01
1.271618740744904485e+01
6.955796338302048021e+00
9.373021315815206478e+00
1.703815178355965898e+01
1.204779266504070279e+01
9.574614729634383536e+00
1.204779266504070279e+01
1.762584604821509515e+01
1.673656774376800982e+01
1.391159267660409604e+01
1.475547227809780537e+01
1.220528683538465842e+01
1.040314189572019821e+01
