1.058513485680245481e+01
1.161737456321036532e+01
1.058513485680245481e+01
1.178062436274634450e+01
1.009253008808064145e+01
1.194164264288369282e+01
8.740387444736633427e+00
1.117038385124011413e+01
9.965574970333758387e+00
1.058513485680245481e+01
9.965574970333758387e+00
8.368283871884004910e+00
1.105581278308273596e+01
1.236077446474206631e+01
1.395727947504383337e+01
7.569397566060480642e+00
1.492705330360461602e+01
6.863662517577697741e+00
1.145179781116143225e+01
1.261566261010080048e+01
1.501210842680413826e+01
1.509668435477122017e+01
1.210051848659980855e+01
1.453814859003845150e+01
1.058513485680245481e+01
1.021790793990058255e+01
8.136857890256438353e+00
8.740387444736633427e+00
1.076405121554611632e+01
1.241217083805063837e+01
1.215301555949299761e+01
9.901487006738307173e+00
1.453814859003845150e+01
9.166995688475081394e+00
6.955796338302048021e+00
1.707547527140466670e+01
1.236077446474206631e+01
1.178062436274634450e+01
1.496964127403822076e+01
1.427299292922216978e+01
1.251433034574463399e+01
1.204779266504070279e+01
9.373021315815206478e+00
1.058513485680245481e+01
9.965574970333758387e+00
7.817640190446718762e+00
4.918490759365934828e+00
7.817640190446718762e+00
1.236077446474206631e+01
4.652426491681278087e+00
1.161737456321036532e+01
1.009253008808064145e+01
1.492705330360461602e+01
1.271618740744904485e+01
1.320733953636073110e+01
1.505445578434700415e+01
1.587770228520368221e+01
1.251433034574463399e+01
1.344618962205996482e+01
1.058513485680245481e+01
8.368283871884004910e+00
1.296408962885714899e+01
9.901487006738307173e+00
1.040314189572019821e+01
1.236077446474206631e+01
9.640875829802336483e+00
7.225151993843566878e+00
5.641895835477562571e+00
1.381976597885341995e+01
1.117038385124011413e+01
3.908820095223359381e+00
1.354055000514615159e+01
1.325545386523797831e+01
1.058513485680245481e+01
9.373021315815206478e+00
1.172646028567007725e+01
1.117038385124011413e+01
8.136857890256438353e+00
1.422831991532699902e+01
1.368087033328175828e+01
1.117038385124011413e+01
1.178062436274634450e+01
6.482044814428574497e+00
1.167204486311898926e+01
9.507891862878782518e+00
9.373021315815206478e+00
7.978845608028653835e+00
1.261566261010080048e+01
6.180387232371033157e+00
9.373021315815206478e+00
1.276615297284584649e+01
1.372732503515539548e+01
1.122723095552866468e+01
1.145179781116143225e+01
1.082303275961201905e+01
1.070474469691662733e+01
1.015541250385961369e+01
6.675581178124545545e+00
9.027033336764100468e+00
8.444016491289504600e+00
7.225151993843566878e+00
8.444016491289504600e+00
1.058513485680245481e+01
1.440618081907316395e+01
1.225733520300188317e+01
8.740387444736633427e+00
8.136857890256438353e+00
9.027033336764100468e+00
5.411516379806009525e+00
9.706684619910241452e+00
4.787307364817191768e+00
1.099807968464679142e+01
1.453814859003845150e+01
1.117038385124011413e+01
1.354055000514615159e+01
4.222008245644752300e+00
1.522266721510391640e+01
9.507891862878782518e+00
1.296408962885714899e+01
1.395727947504383337e+01
8.368283871884004910e+00
1.178062436274634450e+01
1.058513485680245481e+01
