1.058513485680245481e+01
1.766192765414112031e+01
1.178062436274634450e+01
9.373021315815206478e+00
1.188821220645068522e+01
1.117038385124011413e+01
9.836981518731869656e+00
1.058513485680245481e+01
8.136857890256438353e+00
1.058513485680245481e+01
1.740778594902202769e+01
1.236077446474206631e+01
1.681247093473193388e+01
1.688803298257900920e+01
1.128379167095512514e+01
1.445030398768713376e+01
1.685029431422315938e+01
1.220528683538465842e+01
1.603728119216292924e+01
1.009253008808064145e+01
8.444016491289504600e+00
9.304852983362556174e+00
1.358748446131948917e+01
1.377362305878664728e+01
8.740387444736633427e+00
1.543035303761632804e+01
1.391159267660409604e+01
1.847236308621675960e+01
1.215301555949299761e+01
1.696325844612841038e+01
1.538904010394216471e+01
1.409345127989185542e+01
1.276615297284584649e+01
1.034176589165282145e+01
9.097283682934460103e+00
7.225151993843566878e+00
1.315904928495908166e+01
1.145179781116143225e+01
1.058513485680245481e+01
1.551264883747923129e+01
1.251433034574463399e+01
1.404820733880128181e+01
1.733448968263843781e+01
1.740778594902202769e+01
1.354055000514615159e+01
1.427299292922216978e+01
1.117038385124011413e+01
1.377362305878664728e+01
9.706684619910241452e+00
9.027033336764100468e+00
1.236077446474206631e+01
1.040314189572019821e+01
1.534761596392107741e+01
1.117038385124011413e+01
1.445030398768713376e+01
1.619528777809902209e+01
1.117038385124011413e+01
1.236077446474206631e+01
1.117038385124011413e+01
1.707547527140466670e+01
1.607692842495848140e+01
1.111324596323282954e+01
1.134007028277388685e+01
1.276615297284584649e+01
6.579524642479540830e+00
9.373021315815206478e+00
1.595769121605730767e+01
8.291859587312051971e+00
1.296408962885714899e+01
1.296408962885714899e+01
1.440618081907316395e+01
1.236077446474206631e+01
1.167204486311898926e+01
1.117038385124011413e+01
1.117038385124011413e+01
9.236181543108379799e+00
1.002925341359354938e+01
5.753627391751591880e+00
1.611647812414279102e+01
1.271618740744904485e+01
9.640875829802336483e+00
4.222008245644752300e+00
1.744431859350498826e+01
1.241217083805063837e+01
9.373021315815206478e+00
1.819456736586892021e+01
1.194164264288369282e+01
1.688803298257900920e+01
1.422831991532699902e+01
1.518078909665319287e+01
1.199483507827737583e+01
1.009253008808064145e+01
