1.058513485680245481e+01
1.002925341359354938e+01
1.070474469691662733e+01
9.836981518731869656e+00
5.170882945826410726e+00
4.222008245644752300e+00
9.640875829802336483e+00
9.901487006738307173e+00
8.884866446580955923e+00
3.385137501286537898e+00
7.399277020331918919e+00
6.383076486422923246e+00
1.099807968464679142e+01
9.965574970333758387e+00
9.706684619910241452e+00
6.770275002573075795e+00
7.399277020331918919e+00
1.088169461344923583e+01
1.009253008808064145e+01
8.136857890256438353e+00
4.513516668382050234e+00
1.178062436274634450e+01
2.763953195770683990e+00
9.166995688475081394e+00
1.094004191971426110e+01
8.368283871884004910e+00
7.569397566060480642e+00
1.276615297284584649e+01
8.136857890256438353e+00
6.076507779746498805e+00
7.484820637019110379e+00
6.955796338302048021e+00
9.166995688475081394e+00
1.088169461344923583e+01
1.320733953636073110e+01
1.009253008808064145e+01
1.172646028567007725e+01
1.034176589165282145e+01
7.569397566060480642e+00
1.009253008808064145e+01
1.178062436274634450e+01
6.863662517577697741e+00
8.667244841319218907e+00
3.568248232305542444e+00
8.740387444736633427e+00
1.076405121554611632e+01
7.399277020331918919e+00
7.399277020331918919e+00
4.222008245644752300e+00
1.034176589165282145e+01
6.863662517577697741e+00
1.040314189572019821e+01
9.965574970333758387e+00
1.002925341359354938e+01
8.593479713983121826e+00
1.178062436274634450e+01
1.339876023397903637e+01
1.117038385124011413e+01
4.513516668382050234e+00
7.225151993843566878e+00
1.058513485680245481e+01
1.344618962205996482e+01
1.325545386523797831e+01
1.034176589165282145e+01
1.167204486311898926e+01
5.411516379806009525e+00
6.383076486422923246e+00
6.383076486422923246e+00
9.236181543108379799e+00
1.052482020710848865e+01
9.640875829802336483e+00
7.735777827895049086e+00
9.373021315815206478e+00
4.222008245644752300e+00
6.383076486422923246e+00
7.569397566060480642e+00
1.178062436274634450e+01
6.955796338302048021e+00
9.304852983362556174e+00
9.965574970333758387e+00
1.344618962205996482e+01
4.787307364817191768e+00
1.094004191971426110e+01
7.046725639945927711e+00
7.225151993843566878e+00
1.236077446474206631e+01
1.311058116710494836e+01
1.251433034574463399e+01
1.094004191971426110e+01
1.178062436274634450e+01
9.304852983362556174e+00
9.507891862878782518e+00
6.863662517577697741e+00
7.225151993843566878e+00
1.156244577056221523e+01
7.898654169668588132e+00
9.640875829802336483e+00
8.740387444736633427e+00
5.046265044040320724e+00
7.225151993843566878e+00
1.058513485680245481e+01
8.956231982162769611e+00
7.898654169668588132e+00
6.383076486422923246e+00
7.817640190446718762e+00
7.399277020331918919e+00
7.817640190446718762e+00
1.117038385124011413e+01
7.225151993843566878e+00
1.117038385124011413e+01
1.178062436274634450e+01
6.383076486422923246e+00
9.772050238058398008e+00
1.088169461344923583e+01
9.236181543108379799e+00
1.111324596323282954e+01
8.593479713983121826e+00
1.111324596323282954e+01
5.170882945826410726e+00
1.281592373849173683e+01
1.210051848659980855e+01
1.094004191971426110e+01
8.136857890256438353e+00
1.134007028277388685e+01
9.507891862878782518e+00
1.009253008808064145e+01
9.236181543108379799e+00
8.136857890256438353e+00
8.444016491289504600e+00
1.094004191971426110e+01
9.373021315815206478e+00
7.653039857325811823e+00
1.178062436274634450e+01
1.296408962885714899e+01
1.058513485680245481e+01
1.111324596323282954e+01
8.884866446580955923e+00
7.978845608028653835e+00
9.965574970333758387e+00
8.884866446580955923e+00
9.304852983362556174e+00
6.383076486422923246e+00
8.444016491289504600e+00
7.569397566060480642e+00
5.170882945826410726e+00
8.740387444736633427e+00
9.640875829802336483e+00
5.753627391751591880e+00
1.236077446474206631e+01
7.484820637019110379e+00
6.863662517577697741e+00
1.040314189572019821e+01
7.898654169668588132e+00
8.136857890256438353e+00
5.170882945826410726e+00
8.740387444736633427e+00
8.136857890256438353e+00
8.740387444736633427e+00
9.507891862878782518e+00
9.304852983362556174e+00
4.787307364817191768e+00
7.569397566060480642e+00
3.742410318509555189e+00
1.117038385124011413e+01
5.170882945826410726e+00
9.965574970333758387e+00
1.291488987023529766e+01
8.593479713983121826e+00
9.507891862878782518e+00
7.312732791431452384e+00
1.105581278308273596e+01
1.199483507827737583e+01
5.753627391751591880e+00
8.593479713983121826e+00
7.225151993843566878e+00
1.139607097042601680e+01
1.052482020710848865e+01
