1.058513485680245481e+01
1.650676414605009157e+01
1.178062436274634450e+01
9.836981518731869656e+00
1.199483507827737583e+01
7.898654169668588132e+00
1.117038385124011413e+01
9.965574970333758387e+00
1.058513485680245481e+01
9.236181543108379799e+00
1.094004191971426110e+01
5.970821321441846408e+00
1.236077446474206631e+01
1.587770228520368221e+01
1.595769121605730767e+01
1.128379167095512514e+01
1.368087033328175828e+01
1.607692842495848140e+01
1.567594437773643001e+01
1.220528683538465842e+01
1.563528038089343752e+01
1.046415791390898242e+01
9.440697438826296306e+00
5.411516379806009525e+00
7.046725639945927711e+00
1.028002345391383443e+01
1.271618740744904485e+01
1.276615297284584649e+01
9.373021315815206478e+00
1.526443044094783019e+01
1.368087033328175828e+01
1.769793569896924623e+01
6.076507779746498805e+00
1.215301555949299761e+01
1.603728119216292924e+01
1.496964127403822076e+01
1.339876023397903637e+01
1.276615297284584649e+01
8.812923024107547576e+00
1.046415791390898242e+01
9.373021315815206478e+00
1.325545386523797831e+01
5.970821321441846408e+00
1.167204486311898926e+01
1.058513485680245481e+01
1.551264883747923129e+01
1.256509862862843541e+01
1.395727947504383337e+01
1.650676414605009157e+01
1.666031874701878124e+01
1.315904928495908166e+01
1.427299292922216978e+01
1.117038385124011413e+01
1.354055000514615159e+01
9.965574970333758387e+00
9.965574970333758387e+00
1.236077446474206631e+01
1.052482020710848865e+01
1.479855404066383784e+01
1.117038385124011413e+01
1.409345127989185542e+01
1.488434347843123184e+01
1.070474469691662733e+01
8.058239062071395509e+00
1.210051848659980855e+01
1.117038385124011413e+01
1.559451034962034477e+01
1.583755632390385770e+01
4.652426491681278087e+00
1.117038385124011413e+01
1.156244577056221523e+01
1.220528683538465842e+01
8.667244841319218907e+00
9.772050238058398008e+00
5.641895835477562571e+00
1.488434347843123184e+01
9.027033336764100468e+00
1.296408962885714899e+01
1.236077446474206631e+01
1.395727947504383337e+01
1.178062436274634450e+01
1.117038385124011413e+01
1.111324596323282954e+01
1.105581278308273596e+01
8.740387444736633427e+00
7.312732791431452384e+00
3.908820095223359381e+00
8.136857890256438353e+00
1.021790793990058255e+01
1.547155565579009817e+01
1.261566261010080048e+01
7.399277020331918919e+00
6.282549314314217703e+00
9.373021315815206478e+00
1.639065416446577927e+01
1.145179781116143225e+01
9.373021315815206478e+00
1.194164264288369282e+01
1.729772508200899850e+01
1.615593100600235843e+01
1.354055000514615159e+01
1.436192209445157708e+01
6.282549314314217703e+00
1.178062436274634450e+01
1.058513485680245481e+01
