1.058513485680245481e+01
1.762584604821509515e+01
1.178062436274634450e+01
9.166995688475081394e+00
1.188821220645068522e+01
1.117038385124011413e+01
9.836981518731869656e+00
1.058513485680245481e+01
7.898654169668588132e+00
1.058513485680245481e+01
1.748077488947326685e+01
1.236077446474206631e+01
1.681247093473193388e+01
1.688803298257900920e+01
1.128379167095512514e+01
1.445030398768713376e+01
1.685029431422315938e+01
1.220528683538465842e+01
1.603728119216292924e+01
1.009253008808064145e+01
8.368283871884004910e+00
9.304852983362556174e+00
1.358748446131948917e+01
1.377362305878664728e+01
8.667244841319218907e+00
1.547155565579009817e+01
1.395727947504383337e+01
1.847236308621675960e+01
1.215301555949299761e+01
1.696325844612841038e+01
1.538904010394216471e+01
1.409345127989185542e+01
1.276615297284584649e+01
1.034176589165282145e+01
8.884866446580955923e+00
7.046725639945927711e+00
1.315904928495908166e+01
1.134007028277388685e+01
1.058513485680245481e+01
1.555363345008750464e+01
1.251433034574463399e+01
1.404820733880128181e+01
1.740778594902202769e+01
1.744431859350498826e+01
1.363425735166143049e+01
1.431752655671925822e+01
1.117038385124011413e+01
1.377362305878664728e+01
9.706684619910241452e+00
8.884866446580955923e+00
1.236077446474206631e+01
1.040314189572019821e+01
1.538904010394216471e+01
1.117038385124011413e+01
1.445030398768713376e+01
1.627371578051287671e+01
1.111324596323282954e+01
1.236077446474206631e+01
1.117038385124011413e+01
1.707547527140466670e+01
1.607692842495848140e+01
1.111324596323282954e+01
1.134007028277388685e+01
1.276615297284584649e+01
6.383076486422923246e+00
9.373021315815206478e+00
1.595769121605730767e+01
8.136857890256438353e+00
1.296408962885714899e+01
1.296408962885714899e+01
1.449429283826230197e+01
1.236077446474206631e+01
1.167204486311898926e+01
1.117038385124011413e+01
1.117038385124011413e+01
9.236181543108379799e+00
1.002925341359354938e+01
5.753627391751591880e+00
1.619528777809902209e+01
1.271618740744904485e+01
9.640875829802336483e+00
3.191538243211461623e+00
1.751715531361111644e+01
1.241217083805063837e+01
9.373021315815206478e+00
1.826441241104166124e+01
1.194164264288369282e+01
1.688803298257900920e+01
1.427299292922216978e+01
1.522266721510391640e+01
1.194164264288369282e+01
1.009253008808064145e+01
