1.058513485680245481e+01
1.178062436274634450e+01
1.058513485680245481e+01
1.178062436274634450e+01
9.965574970333758387e+00
1.215301555949299761e+01
8.740387444736633427e+00
1.117038385124011413e+01
9.965574970333758387e+00
1.058513485680245481e+01
9.901487006738307173e+00
8.136857890256438353e+00
1.105581278308273596e+01
1.236077446474206631e+01
1.422831991532699902e+01
6.770275002573075795e+00
1.501210842680413826e+01
6.076507779746498805e+00
1.145179781116143225e+01
1.271618740744904485e+01
1.513879513212096128e+01
1.522266721510391640e+01
1.220528683538465842e+01
1.475547227809780537e+01
1.058513485680245481e+01
9.965574970333758387e+00
8.136857890256438353e+00
8.740387444736633427e+00
1.070474469691662733e+01
1.256509862862843541e+01
1.220528683538465842e+01
9.772050238058398008e+00
1.471226436021925466e+01
8.740387444736633427e+00
5.970821321441846408e+00
1.722396045987370883e+01
1.271618740744904485e+01
1.183454054540639433e+01
1.505445578434700415e+01
1.431752655671925822e+01
1.291488987023529766e+01
1.236077446474206631e+01
9.373021315815206478e+00
1.058513485680245481e+01
9.965574970333758387e+00
7.399277020331918919e+00
8.136857890256438353e+00
1.261566261010080048e+01
1.167204486311898926e+01
1.040314189572019821e+01
1.505445578434700415e+01
1.276615297284584649e+01
1.330339418036568588e+01
1.526443044094783019e+01
1.639065416446577927e+01
1.291488987023529766e+01
1.377362305878664728e+01
1.058513485680245481e+01
7.735777827895049086e+00
1.296408962885714899e+01
1.009253008808064145e+01
1.034176589165282145e+01
1.236077446474206631e+01
9.772050238058398008e+00
6.770275002573075795e+00
1.422831991532699902e+01
2.763953195770683990e+00
1.117038385124011413e+01
1.358748446131948917e+01
1.372732503515539548e+01
1.058513485680245481e+01
9.373021315815206478e+00
1.199483507827737583e+01
1.117038385124011413e+01
8.136857890256438353e+00
1.440618081907316395e+01
1.427299292922216978e+01
1.117038385124011413e+01
1.178062436274634450e+01
1.183454054540639433e+01
9.373021315815206478e+00
5.527906391541367981e+00
9.440697438826296306e+00
7.569397566060480642e+00
1.296408962885714899e+01
5.170882945826410726e+00
9.373021315815206478e+00
1.281592373849173683e+01
1.368087033328175828e+01
1.161737456321036532e+01
1.156244577056221523e+01
1.105581278308273596e+01
1.082303275961201905e+01
1.034176589165282145e+01
9.027033336764100468e+00
6.383076486422923246e+00
8.136857890256438353e+00
6.863662517577697741e+00
8.291859587312051971e+00
1.058513485680245481e+01
1.488434347843123184e+01
1.266602473693425601e+01
8.593479713983121826e+00
8.136857890256438353e+00
9.507891862878782518e+00
1.105581278308273596e+01
9.574614729634383536e+00
1.509668435477122017e+01
1.194164264288369282e+01
1.404820733880128181e+01
9.640875829802336483e+00
1.543035303761632804e+01
1.296408962885714899e+01
1.413855043925722121e+01
8.136857890256438353e+00
1.178062436274634450e+01
1.058513485680245481e+01
