1.058513485680245481e+01
1.178062436274634450e+01
1.058513485680245481e+01
1.178062436274634450e+01
9.965574970333758387e+00
1.225733520300188317e+01
8.136857890256438353e+00
1.117038385124011413e+01
9.965574970333758387e+00
1.058513485680245481e+01
9.507891862878782518e+00
7.399277020331918919e+00
1.094004191971426110e+01
1.236077446474206631e+01
1.513879513212096128e+01
1.567594437773643001e+01
2.985410660720923204e+00
1.134007028277388685e+01
1.344618962205996482e+01
1.559451034962034477e+01
1.547155565579009817e+01
1.220528683538465842e+01
1.534761596392107741e+01
1.058513485680245481e+01
9.836981518731869656e+00
6.955796338302048021e+00
8.291859587312051971e+00
1.058513485680245481e+01
1.266602473693425601e+01
1.251433034574463399e+01
9.373021315815206478e+00
1.513879513212096128e+01
7.898654169668588132e+00
1.758969042850511855e+01
1.339876023397903637e+01
1.194164264288369282e+01
1.563528038089343752e+01
1.453814859003845150e+01
1.320733953636073110e+01
1.271618740744904485e+01
9.236181543108379799e+00
1.058513485680245481e+01
9.706684619910241452e+00
5.753627391751591880e+00
7.735777827895049086e+00
1.291488987023529766e+01
1.161737456321036532e+01
1.046415791390898242e+01
1.530607971465162365e+01
1.266602473693425601e+01
1.372732503515539548e+01
1.563528038089343752e+01
1.650676414605009157e+01
1.296408962885714899e+01
1.413855043925722121e+01
1.058513485680245481e+01
6.675581178124545545e+00
1.311058116710494836e+01
9.965574970333758387e+00
1.009253008808064145e+01
1.236077446474206631e+01
9.965574970333758387e+00
4.222008245644752300e+00
1.458187244392064308e+01
1.117038385124011413e+01
1.381976597885341995e+01
1.445030398768713376e+01
1.070474469691662733e+01
8.884866446580955923e+00
1.204779266504070279e+01
1.117038385124011413e+01
1.488434347843123184e+01
1.518078909665319287e+01
7.046725639945927711e+00
1.117038385124011413e+01
1.178062436274634450e+01
1.194164264288369282e+01
9.236181543108379799e+00
9.836981518731869656e+00
7.225151993843566878e+00
1.381976597885341995e+01
9.166995688475081394e+00
1.296408962885714899e+01
1.210051848659980855e+01
1.377362305878664728e+01
1.178062436274634450e+01
1.117038385124011413e+01
1.094004191971426110e+01
1.070474469691662733e+01
8.740387444736633427e+00
3.191538243211461623e+00
8.136857890256438353e+00
6.180387232371033157e+00
8.136857890256438353e+00
1.034176589165282145e+01
1.518078909665319287e+01
1.276615297284584649e+01
8.058239062071395509e+00
7.399277020331918919e+00
9.373021315815206478e+00
1.563528038089343752e+01
1.111324596323282954e+01
9.373021315815206478e+00
1.199483507827737583e+01
1.427299292922216978e+01
9.373021315815206478e+00
1.551264883747923129e+01
1.325545386523797831e+01
1.431752655671925822e+01
7.569397566060480642e+00
1.178062436274634450e+01
1.058513485680245481e+01
