1.015541250385961369e+01
1.070474469691662733e+01
1.082303275961201905e+01
9.965574970333758387e+00
4.370193722368316713e+00
9.640875829802336483e+00
1.009253008808064145e+01
9.027033336764100468e+00
7.312732791431452384e+00
6.383076486422923246e+00
1.105581278308273596e+01
9.965574970333758387e+00
1.009253008808064145e+01
6.282549314314217703e+00
7.312732791431452384e+00
1.105581278308273596e+01
9.965574970333758387e+00
8.136857890256438353e+00
9.236181543108379799e+00
1.178062436274634450e+01
2.763953195770683990e+00
1.122723095552866468e+01
8.291859587312051971e+00
7.653039857325811823e+00
1.330339418036568588e+01
7.978845608028653835e+00
7.225151993843566878e+00
5.641895835477562571e+00
6.675581178124545545e+00
9.304852983362556174e+00
1.105581278308273596e+01
1.344618962205996482e+01
1.028002345391383443e+01
1.204779266504070279e+01
1.034176589165282145e+01
1.199483507827737583e+01
7.569397566060480642e+00
1.015541250385961369e+01
6.282549314314217703e+00
8.593479713983121826e+00
8.740387444736633427e+00
1.105581278308273596e+01
7.225151993843566878e+00
7.225151993843566878e+00
1.046415791390898242e+01
6.675581178124545545e+00
1.052482020710848865e+01
1.002925341359354938e+01
9.965574970333758387e+00
8.444016491289504600e+00
1.199483507827737583e+01
1.395727947504383337e+01
1.117038385124011413e+01
7.046725639945927711e+00
1.058513485680245481e+01
1.404820733880128181e+01
1.339876023397903637e+01
1.046415791390898242e+01
1.178062436274634450e+01
5.170882945826410726e+00
6.383076486422923246e+00
6.180387232371033157e+00
9.373021315815206478e+00
1.052482020710848865e+01
9.640875829802336483e+00
7.569397566060480642e+00
9.373021315815206478e+00
6.180387232371033157e+00
7.569397566060480642e+00
1.178062436274634450e+01
6.955796338302048021e+00
9.507891862878782518e+00
9.965574970333758387e+00
1.377362305878664728e+01
2.763953195770683990e+00
1.111324596323282954e+01
6.955796338302048021e+00
7.225151993843566878e+00
1.256509862862843541e+01
1.354055000514615159e+01
1.306193320280393344e+01
1.117038385124011413e+01
1.178062436274634450e+01
9.236181543108379799e+00
9.373021315815206478e+00
6.675581178124545545e+00
7.046725639945927711e+00
1.178062436274634450e+01
7.735777827895049086e+00
9.507891862878782518e+00
8.740387444736633427e+00
2.985410660720923204e+00
6.955796338302048021e+00
1.058513485680245481e+01
9.373021315815206478e+00
8.058239062071395509e+00
6.180387232371033157e+00
7.817640190446718762e+00
7.735777827895049086e+00
7.735777827895049086e+00
1.117038385124011413e+01
6.863662517577697741e+00
1.150725478350318376e+01
1.178062436274634450e+01
6.180387232371033157e+00
9.836981518731869656e+00
1.111324596323282954e+01
9.373021315815206478e+00
1.105581278308273596e+01
8.740387444736633427e+00
1.117038385124011413e+01
4.222008245644752300e+00
1.286550196516137312e+01
1.220528683538465842e+01
1.111324596323282954e+01
8.136857890256438353e+00
1.150725478350318376e+01
9.373021315815206478e+00
1.009253008808064145e+01
9.304852983362556174e+00
8.136857890256438353e+00
8.368283871884004910e+00
1.122723095552866468e+01
9.373021315815206478e+00
7.484820637019110379e+00
1.178062436274634450e+01
1.311058116710494836e+01
1.058513485680245481e+01
1.117038385124011413e+01
8.956231982162769611e+00
7.978845608028653835e+00
9.965574970333758387e+00
9.097283682934460103e+00
9.236181543108379799e+00
5.753627391751591880e+00
8.368283871884004910e+00
7.569397566060480642e+00
4.222008245644752300e+00
8.740387444736633427e+00
9.772050238058398008e+00
4.918490759365934828e+00
1.301310337505149661e+01
7.484820637019110379e+00
6.863662517577697741e+00
1.052482020710848865e+01
8.291859587312051971e+00
8.368283871884004910e+00
8.740387444736633427e+00
3.568248232305542444e+00
8.136857890256438353e+00
1.225733520300188317e+01
9.640875829802336483e+00
9.304852983362556174e+00
7.569397566060480642e+00
1.134007028277388685e+01
2.763953195770683990e+00
9.965574970333758387e+00
4.513516668382050234e+00
1.325545386523797831e+01
9.507891862878782518e+00
7.046725639945927711e+00
1.161737456321036532e+01
1.236077446474206631e+01
4.513516668382050234e+00
8.519075891779829490e+00
7.225151993843566878e+00
1.156244577056221523e+01
1.058513485680245481e+01
