1.058513485680245481e+01
1.199483507827737583e+01
1.058513485680245481e+01
1.178062436274634450e+01
9.965574970333758387e+00
1.220528683538465842e+01
8.136857890256438353e+00
1.117038385124011413e+01
9.965574970333758387e+00
1.058513485680245481e+01
9.236181543108379799e+00
6.863662517577697741e+00
1.094004191971426110e+01
1.236077446474206631e+01
1.567594437773643001e+01
1.587770228520368221e+01
1.134007028277388685e+01
1.354055000514615159e+01
1.583755632390385770e+01
1.551264883747923129e+01
1.220528683538465842e+01
1.543035303761632804e+01
1.058513485680245481e+01
9.836981518731869656e+00
6.383076486422923246e+00
7.653039857325811823e+00
1.052482020710848865e+01
1.271618740744904485e+01
1.271618740744904485e+01
9.373021315815206478e+00
1.526443044094783019e+01
7.046725639945927711e+00
1.354055000514615159e+01
1.769793569896924623e+01
1.194164264288369282e+01
1.575695754970980111e+01
1.471226436021925466e+01
1.330339418036568588e+01
1.276615297284584649e+01
8.812923024107547576e+00
1.058513485680245481e+01
9.507891862878782518e+00
2.985410660720923204e+00
1.311058116710494836e+01
6.955796338302048021e+00
1.167204486311898926e+01
1.058513485680245481e+01
1.538904010394216471e+01
1.266602473693425601e+01
1.386575534383213970e+01
1.591774699517169012e+01
1.658371917462410394e+01
1.296408962885714899e+01
1.418350619798065715e+01
1.058513485680245481e+01
5.292567428401227403e+00
1.339876023397903637e+01
9.965574970333758387e+00
1.002925341359354938e+01
1.236077446474206631e+01
1.052482020710848865e+01
1.462546558286290477e+01
1.117038385124011413e+01
1.381976597885341995e+01
1.475547227809780537e+01
1.070474469691662733e+01
8.368283871884004910e+00
1.210051848659980855e+01
1.117038385124011413e+01
1.505445578434700415e+01
1.563528038089343752e+01
6.180387232371033157e+00
1.117038385124011413e+01
1.167204486311898926e+01
1.215301555949299761e+01
9.027033336764100468e+00
9.772050238058398008e+00
6.863662517577697741e+00
1.440618081907316395e+01
9.097283682934460103e+00
1.296408962885714899e+01
1.220528683538465842e+01
1.386575534383213970e+01
1.178062436274634450e+01
1.117038385124011413e+01
1.099807968464679142e+01
1.094004191971426110e+01
8.740387444736633427e+00
7.653039857325811823e+00
5.753627391751591880e+00
8.136857890256438353e+00
1.034176589165282145e+01
1.534761596392107741e+01
1.261566261010080048e+01
7.735777827895049086e+00
6.955796338302048021e+00
9.373021315815206478e+00
1.603728119216292924e+01
1.117038385124011413e+01
9.373021315815206478e+00
1.199483507827737583e+01
1.440618081907316395e+01
1.583755632390385770e+01
8.884866446580955923e+00
1.335116235624909109e+01
1.431752655671925822e+01
6.955796338302048021e+00
1.178062436274634450e+01
1.058513485680245481e+01
