1.034176589165282145e+01
1.070474469691662733e+01
1.099807968464679142e+01
1.009253008808064145e+01
9.640875829802336483e+00
1.128379167095512559e+00
1.015541250385961369e+01
8.884866446580955923e+00
7.225151993843566878e+00
6.180387232371033157e+00
1.117038385124011413e+01
9.965574970333758387e+00
1.028002345391383443e+01
5.641895835477562571e+00
7.225151993843566878e+00
1.117038385124011413e+01
9.965574970333758387e+00
8.136857890256438353e+00
9.706684619910241452e+00
1.178062436274634450e+01
1.145179781116143225e+01
8.136857890256438353e+00
7.653039857325811823e+00
1.349345229721172146e+01
7.817640190446718762e+00
6.955796338302048021e+00
5.170882945826410726e+00
1.400281721259029588e+01
9.507891862878782518e+00
1.117038385124011413e+01
1.358748446131948917e+01
1.046415791390898242e+01
1.046415791390898242e+01
1.236077446474206631e+01
7.225151993843566878e+00
1.009253008808064145e+01
6.282549314314217703e+00
8.444016491289504600e+00
8.884866446580955923e+00
1.117038385124011413e+01
6.863662517577697741e+00
7.136496464611084889e+00
1.058513485680245481e+01
6.282549314314217703e+00
1.076405121554611632e+01
9.965574970333758387e+00
9.965574970333758387e+00
1.230916348999737586e+01
8.444016491289504600e+00
1.440618081907316395e+01
1.117038385124011413e+01
6.770275002573075795e+00
1.058513485680245481e+01
1.413855043925722121e+01
1.363425735166143049e+01
1.058513485680245481e+01
1.178062436274634450e+01
4.513516668382050234e+00
6.282549314314217703e+00
5.527906391541367981e+00
9.507891862878782518e+00
1.058513485680245481e+01
9.640875829802336483e+00
7.569397566060480642e+00
9.236181543108379799e+00
5.411516379806009525e+00
7.569397566060480642e+00
1.178062436274634450e+01
6.955796338302048021e+00
9.772050238058398008e+00
9.965574970333758387e+00
1.386575534383213970e+01
1.117038385124011413e+01
6.482044814428574497e+00
7.225151993843566878e+00
1.266602473693425601e+01
1.363425735166143049e+01
1.344618962205996482e+01
1.117038385124011413e+01
1.194164264288369282e+01
9.166995688475081394e+00
9.373021315815206478e+00
6.955796338302048021e+00
1.215301555949299761e+01
6.076507779746498805e+00
7.569397566060480642e+00
9.373021315815206478e+00
8.740387444736633427e+00
6.675581178124545545e+00
1.058513485680245481e+01
9.507891862878782518e+00
7.898654169668588132e+00
5.863230142835038627e+00
7.735777827895049086e+00
7.569397566060480642e+00
7.569397566060480642e+00
1.117038385124011413e+01
6.863662517577697741e+00
1.188821220645068522e+01
1.178062436274634450e+01
5.046265044040320724e+00
9.965574970333758387e+00
1.111324596323282954e+01
9.373021315815206478e+00
1.117038385124011413e+01
8.884866446580955923e+00
1.122723095552866468e+01
1.306193320280393344e+01
1.225733520300188317e+01
1.117038385124011413e+01
8.136857890256438353e+00
1.156244577056221523e+01
9.373021315815206478e+00
1.021790793990058255e+01
9.373021315815206478e+00
8.136857890256438353e+00
8.291859587312051971e+00
1.128379167095512514e+01
9.373021315815206478e+00
7.484820637019110379e+00
1.210051848659980855e+01
1.325545386523797831e+01
1.058513485680245481e+01
1.117038385124011413e+01
9.166995688475081394e+00
7.978845608028653835e+00
9.965574970333758387e+00
9.574614729634383536e+00
9.166995688475081394e+00
5.411516379806009525e+00
8.291859587312051971e+00
7.569397566060480642e+00
8.740387444736633427e+00
1.002925341359354938e+01
4.222008245644752300e+00
1.358748446131948917e+01
7.225151993843566878e+00
6.863662517577697741e+00
1.070474469691662733e+01
8.956231982162769611e+00
8.444016491289504600e+00
8.740387444736633427e+00
8.136857890256438353e+00
9.507891862878782518e+00
1.251433034574463399e+01
9.772050238058398008e+00
7.569397566060480642e+00
1.172646028567007725e+01
1.002925341359354938e+01
3.568248232305542444e+00
1.339876023397903637e+01
9.507891862878782518e+00
6.863662517577697741e+00
1.204779266504070279e+01
1.261566261010080048e+01
8.444016491289504600e+00
2.985410660720923204e+00
7.046725639945927711e+00
1.167204486311898926e+01
1.058513485680245481e+01
