1.058513485680245481e+01
1.751715531361111644e+01
1.178062436274634450e+01
9.373021315815206478e+00
1.194164264288369282e+01
5.641895835477562571e+00
1.117038385124011413e+01
9.836981518731869656e+00
1.058513485680245481e+01
8.740387444736633427e+00
1.088169461344923583e+01
1.711271735549580697e+01
1.236077446474206631e+01
1.650676414605009157e+01
1.139607097042601680e+01
1.431752655671925822e+01
1.650676414605009157e+01
1.650676414605009157e+01
1.220528683538465842e+01
1.603728119216292924e+01
1.009253008808064145e+01
9.097283682934460103e+00
1.002925341359354938e+01
1.954410047611679691e+00
1.358748446131948917e+01
1.354055000514615159e+01
9.236181543108379799e+00
1.543035303761632804e+01
1.391159267660409604e+01
1.819456736586892021e+01
1.215301555949299761e+01
1.688803298257900920e+01
1.522266721510391640e+01
1.409345127989185542e+01
1.276615297284584649e+01
1.034176589165282145e+01
9.236181543108379799e+00
7.898654169668588132e+00
1.315904928495908166e+01
1.161737456321036532e+01
1.058513485680245481e+01
1.551264883747923129e+01
1.256509862862843541e+01
1.404820733880128181e+01
1.703815178355965898e+01
1.711271735549580697e+01
1.354055000514615159e+01
1.422831991532699902e+01
1.117038385124011413e+01
1.358748446131948917e+01
9.965574970333758387e+00
9.640875829802336483e+00
1.236077446474206631e+01
1.052482020710848865e+01
1.492705330360461602e+01
1.117038385124011413e+01
1.431752655671925822e+01
1.567594437773643001e+01
1.117038385124011413e+01
6.282549314314217703e+00
1.230916348999737586e+01
1.117038385124011413e+01
1.631278838364701755e+01
1.599753570059363028e+01
1.111324596323282954e+01
1.134007028277388685e+01
1.256509862862843541e+01
7.898654169668588132e+00
9.507891862878782518e+00
1.559451034962034477e+01
8.740387444736633427e+00
1.296408962885714899e+01
1.286550196516137312e+01
1.427299292922216978e+01
1.220528683538465842e+01
1.117038385124011413e+01
1.128379167095512514e+01
1.117038385124011413e+01
8.519075891779829490e+00
5.411516379806009525e+00
7.225151993843566878e+00
1.021790793990058255e+01
1.563528038089343752e+01
1.271618740744904485e+01
6.770275002573075795e+00
9.373021315815206478e+00
1.707547527140466670e+01
1.215301555949299761e+01
9.507891862878782518e+00
1.204779266504070279e+01
1.758969042850511855e+01
1.669848676668040710e+01
1.404820733880128181e+01
1.475547227809780537e+01
1.220528683538465842e+01
1.028002345391383443e+01
