1.058513485680245481e+01
1.744431859350498826e+01
1.178062436274634450e+01
9.373021315815206478e+00
1.194164264288369282e+01
6.076507779746498805e+00
1.117038385124011413e+01
9.836981518731869656e+00
1.058513485680245481e+01
8.812923024107547576e+00
1.094004191971426110e+01
1.700074635581867355e+01
1.236077446474206631e+01
1.639065416446577927e+01
1.145179781116143225e+01
1.418350619798065715e+01
1.642944866646030988e+01
1.650676414605009157e+01
1.220528683538465842e+01
1.595769121605730767e+01
1.021790793990058255e+01
9.304852983362556174e+00
4.652426491681278087e+00
1.009253008808064145e+01
1.349345229721172146e+01
1.335116235624909109e+01
9.373021315815206478e+00
1.543035303761632804e+01
1.381976597885341995e+01
1.815954410458608237e+01
1.215301555949299761e+01
1.677456227108388731e+01
1.522266721510391640e+01
1.400281721259029588e+01
1.276615297284584649e+01
1.034176589165282145e+01
9.373021315815206478e+00
8.058239062071395509e+00
1.315904928495908166e+01
1.167204486311898926e+01
1.058513485680245481e+01
1.551264883747923129e+01
1.256509862862843541e+01
1.404820733880128181e+01
1.692568750643268771e+01
1.707547527140466670e+01
1.349345229721172146e+01
1.422831991532699902e+01
1.117038385124011413e+01
1.358748446131948917e+01
9.965574970333758387e+00
9.640875829802336483e+00
1.236077446474206631e+01
1.052482020710848865e+01
1.492705330360461602e+01
1.117038385124011413e+01
1.431752655671925822e+01
1.555363345008750464e+01
1.117038385124011413e+01
6.770275002573075795e+00
1.230916348999737586e+01
1.117038385124011413e+01
1.603728119216292924e+01
1.599753570059363028e+01
1.111324596323282954e+01
1.134007028277388685e+01
1.236077446474206631e+01
7.978845608028653835e+00
9.706684619910241452e+00
1.547155565579009817e+01
8.740387444736633427e+00
1.296408962885714899e+01
1.281592373849173683e+01
1.427299292922216978e+01
1.210051848659980855e+01
1.117038385124011413e+01
1.134007028277388685e+01
1.117038385124011413e+01
8.593479713983121826e+00
5.970821321441846408e+00
7.484820637019110379e+00
1.021790793990058255e+01
1.547155565579009817e+01
1.271618740744904485e+01
6.955796338302048021e+00
9.373021315815206478e+00
1.696325844612841038e+01
1.183454054540639433e+01
9.574614729634383536e+00
1.204779266504070279e+01
1.758969042850511855e+01
1.669848676668040710e+01
1.381976597885341995e+01
1.471226436021925466e+01
1.215301555949299761e+01
1.040314189572019821e+01
