1.058513485680245481e+01
1.658371917462410394e+01
1.178062436274634450e+01
9.836981518731869656e+00
1.194164264288369282e+01
7.735777827895049086e+00
1.117038385124011413e+01
9.901487006738307173e+00
1.058513485680245481e+01
9.166995688475081394e+00
1.094004191971426110e+01
5.527906391541367981e+00
1.236077446474206631e+01
1.591774699517169012e+01
1.599753570059363028e+01
1.128379167095512514e+01
1.368087033328175828e+01
1.607692842495848140e+01
1.579730833933717626e+01
1.220528683538465842e+01
1.571650316319191809e+01
1.040314189572019821e+01
9.373021315815206478e+00
5.046265044040320724e+00
6.955796338302048021e+00
1.028002345391383443e+01
1.291488987023529766e+01
1.276615297284584649e+01
9.373021315815206478e+00
1.530607971465162365e+01
1.368087033328175828e+01
1.773387063078969206e+01
5.753627391751591880e+00
1.215301555949299761e+01
1.607692842495848140e+01
1.501210842680413826e+01
1.344618962205996482e+01
1.276615297284584649e+01
8.812923024107547576e+00
1.046415791390898242e+01
9.373021315815206478e+00
1.325545386523797831e+01
5.753627391751591880e+00
1.167204486311898926e+01
1.058513485680245481e+01
1.551264883747923129e+01
1.256509862862843541e+01
1.395727947504383337e+01
1.658371917462410394e+01
1.673656774376800982e+01
1.320733953636073110e+01
1.427299292922216978e+01
1.117038385124011413e+01
1.349345229721172146e+01
9.965574970333758387e+00
9.965574970333758387e+00
1.236077446474206631e+01
1.052482020710848865e+01
1.479855404066383784e+01
1.117038385124011413e+01
1.418350619798065715e+01
1.492705330360461602e+01
1.070474469691662733e+01
8.058239062071395509e+00
1.210051848659980855e+01
1.117038385124011413e+01
1.563528038089343752e+01
1.583755632390385770e+01
4.370193722368316713e+00
1.117038385124011413e+01
1.156244577056221523e+01
1.225733520300188317e+01
8.593479713983121826e+00
9.772050238058398008e+00
5.411516379806009525e+00
1.492705330360461602e+01
8.884866446580955923e+00
1.296408962885714899e+01
1.236077446474206631e+01
1.395727947504383337e+01
1.178062436274634450e+01
1.117038385124011413e+01
1.117038385124011413e+01
1.117038385124011413e+01
8.740387444736633427e+00
7.225151993843566878e+00
2.763953195770683990e+00
8.136857890256438353e+00
1.021790793990058255e+01
1.547155565579009817e+01
1.261566261010080048e+01
7.399277020331918919e+00
6.076507779746498805e+00
9.373021315815206478e+00
1.642944866646030988e+01
1.139607097042601680e+01
9.373021315815206478e+00
1.194164264288369282e+01
1.733448968263843781e+01
1.619528777809902209e+01
1.354055000514615159e+01
1.436192209445157708e+01
6.076507779746498805e+00
1.178062436274634450e+01
1.058513485680245481e+01
