1.058513485680245481e+01
1.117038385124011413e+01
1.058513485680245481e+01
1.167204486311898926e+01
9.965574970333758387e+00
1.145179781116143225e+01
8.740387444736633427e+00
1.117038385124011413e+01
4.513516668382050234e+00
9.965574970333758387e+00
1.058513485680245481e+01
4.370193722368316713e+00
9.965574970333758387e+00
8.291859587312051971e+00
1.105581278308273596e+01
1.215301555949299761e+01
1.271618740744904485e+01
8.136857890256438353e+00
1.453814859003845150e+01
7.399277020331918919e+00
5.753627391751591880e+00
1.070474469691662733e+01
1.471226436021925466e+01
1.479855404066383784e+01
1.210051848659980855e+01
3.568248232305542444e+00
1.178062436274634450e+01
1.070474469691662733e+01
1.368087033328175828e+01
1.021790793990058255e+01
5.170882945826410726e+00
8.444016491289504600e+00
8.884866446580955923e+00
1.117038385124011413e+01
4.068428945128219176e+00
1.128379167095512559e+00
1.178062436274634450e+01
1.188821220645068522e+01
9.965574970333758387e+00
1.409345127989185542e+01
9.640875829802336483e+00
7.978845608028653835e+00
1.658371917462410394e+01
1.204779266504070279e+01
1.156244577056221523e+01
1.484151074652385738e+01
1.413855043925722121e+01
1.204779266504070279e+01
1.178062436274634450e+01
9.373021315815206478e+00
1.058513485680245481e+01
9.965574970333758387e+00
8.444016491289504600e+00
6.579524642479540830e+00
7.898654169668588132e+00
6.675581178124545545e+00
1.225733520300188317e+01
1.094004191971426110e+01
9.965574970333758387e+00
1.479855404066383784e+01
1.236077446474206631e+01
4.918490759365934828e+00
1.296408962885714899e+01
1.445030398768713376e+01
1.547155565579009817e+01
1.230916348999737586e+01
1.281592373849173683e+01
8.740387444736633427e+00
1.015541250385961369e+01
1.271618740744904485e+01
6.180387232371033157e+00
9.507891862878782518e+00
9.965574970333758387e+00
1.220528683538465842e+01
9.373021315815206478e+00
7.817640190446718762e+00
7.225151993843566878e+00
5.641895835477562571e+00
6.482044814428574497e+00
1.117038385124011413e+01
1.335116235624909109e+01
1.320733953636073110e+01
1.058513485680245481e+01
1.220528683538465842e+01
9.373021315815206478e+00
1.156244577056221523e+01
1.117038385124011413e+01
8.740387444736633427e+00
1.395727947504383337e+01
1.301310337505149661e+01
1.117038385124011413e+01
1.178062436274634450e+01
7.312732791431452384e+00
1.117038385124011413e+01
9.373021315815206478e+00
9.373021315815206478e+00
8.136857890256438353e+00
7.312732791431452384e+00
1.178062436274634450e+01
9.373021315815206478e+00
1.266602473693425601e+01
5.753627391751591880e+00
1.344618962205996482e+01
1.099807968464679142e+01
1.117038385124011413e+01
9.965574970333758387e+00
1.052482020710848865e+01
9.640875829802336483e+00
7.225151993843566878e+00
9.166995688475081394e+00
8.291859587312051971e+00
7.136496464611084889e+00
8.291859587312051971e+00
1.046415791390898242e+01
1.418350619798065715e+01
5.527906391541367981e+00
1.178062436274634450e+01
5.527906391541367981e+00
8.740387444736633427e+00
8.136857890256438353e+00
8.884866446580955923e+00
7.136496464611084889e+00
1.028002345391383443e+01
9.507891862878782518e+00
1.368087033328175828e+01
6.675581178124545545e+00
1.325545386523797831e+01
1.058513485680245481e+01
1.479855404066383784e+01
9.507891862878782518e+00
1.286550196516137312e+01
1.325545386523797831e+01
8.740387444736633427e+00
1.172646028567007725e+01
1.058513485680245481e+01
