1.058513485680245481e+01
1.635176762293251684e+01
1.178062436274634450e+01
9.836981518731869656e+00
1.215301555949299761e+01
8.136857890256438353e+00
1.117038385124011413e+01
9.965574970333758387e+00
1.058513485680245481e+01
9.236181543108379799e+00
6.482044814428574497e+00
1.094004191971426110e+01
1.236077446474206631e+01
1.575695754970980111e+01
1.591774699517169012e+01
1.128379167095512514e+01
1.363425735166143049e+01
1.591774699517169012e+01
1.555363345008750464e+01
1.220528683538465842e+01
1.555363345008750464e+01
1.058513485680245481e+01
9.772050238058398008e+00
6.076507779746498805e+00
7.484820637019110379e+00
1.040314189572019821e+01
1.271618740744904485e+01
1.271618740744904485e+01
9.236181543108379799e+00
1.526443044094783019e+01
6.675581178124545545e+00
1.363425735166143049e+01
1.769793569896924623e+01
1.204779266504070279e+01
1.591774699517169012e+01
1.492705330360461602e+01
1.330339418036568588e+01
1.276615297284584649e+01
8.812923024107547576e+00
1.058513485680245481e+01
9.373021315815206478e+00
1.325545386523797831e+01
6.770275002573075795e+00
1.167204486311898926e+01
1.058513485680245481e+01
1.551264883747923129e+01
1.266602473693425601e+01
1.391159267660409604e+01
1.603728119216292924e+01
1.658371917462410394e+01
1.306193320280393344e+01
1.431752655671925822e+01
1.082303275961201905e+01
1.344618962205996482e+01
4.068428945128219176e+00
9.965574970333758387e+00
9.965574970333758387e+00
1.236077446474206631e+01
1.052482020710848865e+01
1.471226436021925466e+01
1.117038385124011413e+01
1.400281721259029588e+01
1.475547227809780537e+01
1.070474469691662733e+01
8.291859587312051971e+00
1.210051848659980855e+01
1.117038385124011413e+01
1.530607971465162365e+01
1.575695754970980111e+01
5.753627391751591880e+00
1.117038385124011413e+01
1.161737456321036532e+01
1.220528683538465842e+01
8.740387444736633427e+00
9.772050238058398008e+00
6.282549314314217703e+00
1.466892917224166482e+01
9.097283682934460103e+00
1.296408962885714899e+01
1.225733520300188317e+01
1.391159267660409604e+01
1.178062436274634450e+01
1.117038385124011413e+01
1.105581278308273596e+01
1.099807968464679142e+01
8.740387444736633427e+00
7.399277020331918919e+00
5.170882945826410726e+00
8.136857890256438353e+00
1.028002345391383443e+01
1.534761596392107741e+01
1.266602473693425601e+01
7.399277020331918919e+00
6.863662517577697741e+00
9.373021315815206478e+00
1.615593100600235843e+01
1.117038385124011413e+01
9.373021315815206478e+00
1.194164264288369282e+01
1.466892917224166482e+01
1.611647812414279102e+01
8.740387444736633427e+00
1.339876023397903637e+01
1.431752655671925822e+01
6.579524642479540830e+00
1.178062436274634450e+01
1.058513485680245481e+01
