1.058513485680245481e+01
1.762584604821509515e+01
1.178062436274634450e+01
8.812923024107547576e+00
1.188821220645068522e+01
1.117038385124011413e+01
9.836981518731869656e+00
1.058513485680245481e+01
7.484820637019110379e+00
1.058513485680245481e+01
1.751715531361111644e+01
1.236077446474206631e+01
1.688803298257900920e+01
1.703815178355965898e+01
1.128379167095512514e+01
1.445030398768713376e+01
1.688803298257900920e+01
1.220528683538465842e+01
1.603728119216292924e+01
1.002925341359354938e+01
7.978845608028653835e+00
9.236181543108379799e+00
1.358748446131948917e+01
1.377362305878664728e+01
8.291859587312051971e+00
1.551264883747923129e+01
1.395727947504383337e+01
1.860970596672511235e+01
1.220528683538465842e+01
1.696325844612841038e+01
1.538904010394216471e+01
1.418350619798065715e+01
1.276615297284584649e+01
1.034176589165282145e+01
8.740387444736633427e+00
6.579524642479540830e+00
1.315904928495908166e+01
1.134007028277388685e+01
1.058513485680245481e+01
1.567594437773643001e+01
1.261566261010080048e+01
1.404820733880128181e+01
1.740778594902202769e+01
1.751715531361111644e+01
1.363425735166143049e+01
1.431752655671925822e+01
1.117038385124011413e+01
1.377362305878664728e+01
9.574614729634383536e+00
8.740387444736633427e+00
1.236077446474206631e+01
1.040314189572019821e+01
1.543035303761632804e+01
1.117038385124011413e+01
1.445030398768713376e+01
1.631278838364701755e+01
1.111324596323282954e+01
1.236077446474206631e+01
1.117038385124011413e+01
1.722396045987370883e+01
1.607692842495848140e+01
1.111324596323282954e+01
1.134007028277388685e+01
1.286550196516137312e+01
5.970821321441846408e+00
9.373021315815206478e+00
1.603728119216292924e+01
8.136857890256438353e+00
1.296408962885714899e+01
1.296408962885714899e+01
1.449429283826230197e+01
1.236077446474206631e+01
1.178062436274634450e+01
1.117038385124011413e+01
1.111324596323282954e+01
9.236181543108379799e+00
1.002925341359354938e+01
4.513516668382050234e+00
1.627371578051287671e+01
1.271618740744904485e+01
9.507891862878782518e+00
1.766192765414112031e+01
1.241217083805063837e+01
9.373021315815206478e+00
1.833399137695016279e+01
1.194164264288369282e+01
1.692568750643268771e+01
1.431752655671925822e+01
1.522266721510391640e+01
1.188821220645068522e+01
1.009253008808064145e+01
