1.058513485680245481e+01
1.111324596323282954e+01
1.040314189572019821e+01
1.145179781116143225e+01
9.965574970333758387e+00
1.094004191971426110e+01
8.740387444736633427e+00
6.383076486422923246e+00
1.117038385124011413e+01
9.965574970333758387e+00
1.070474469691662733e+01
6.383076486422923246e+00
9.965574970333758387e+00
8.136857890256438353e+00
1.088169461344923583e+01
1.204779266504070279e+01
1.199483507827737583e+01
8.136857890256438353e+00
1.431752655671925822e+01
7.569397566060480642e+00
6.863662517577697741e+00
9.965574970333758387e+00
5.753627391751591880e+00
1.436192209445157708e+01
1.471226436021925466e+01
1.167204486311898926e+01
1.111324596323282954e+01
1.058513485680245481e+01
1.296408962885714899e+01
6.180387232371033157e+00
9.965574970333758387e+00
2.256758334191025117e+00
8.444016491289504600e+00
8.740387444736633427e+00
1.117038385124011413e+01
5.753627391751591880e+00
5.970821321441846408e+00
1.105581278308273596e+01
4.787307364817191768e+00
1.128379167095512514e+01
9.965574970333758387e+00
9.965574970333758387e+00
1.296408962885714899e+01
8.136857890256438353e+00
1.563528038089343752e+01
1.161737456321036532e+01
5.292567428401227403e+00
1.111324596323282954e+01
1.462546558286290477e+01
1.391159267660409604e+01
1.167204486311898926e+01
1.178062436274634450e+01
5.527906391541367981e+00
9.373021315815206478e+00
1.058513485680245481e+01
9.965574970333758387e+00
8.812923024107547576e+00
7.046725639945927711e+00
7.399277020331918919e+00
6.955796338302048021e+00
1.210051848659980855e+01
1.070474469691662733e+01
9.965574970333758387e+00
1.427299292922216978e+01
1.210051848659980855e+01
4.787307364817191768e+00
6.383076486422923246e+00
1.296408962885714899e+01
1.418350619798065715e+01
1.471226436021925466e+01
1.156244577056221523e+01
1.236077446474206631e+01
8.884866446580955923e+00
9.706684619910241452e+00
1.256509862862843541e+01
5.170882945826410726e+00
6.863662517577697741e+00
9.440697438826296306e+00
9.166995688475081394e+00
1.161737456321036532e+01
3.385137501286537898e+00
9.373021315815206478e+00
8.291859587312051971e+00
6.863662517577697741e+00
7.569397566060480642e+00
7.225151993843566878e+00
1.117038385124011413e+01
1.266602473693425601e+01
1.256509862862843541e+01
5.170882945826410726e+00
1.161737456321036532e+01
1.009253008808064145e+01
9.373021315815206478e+00
1.139607097042601680e+01
1.117038385124011413e+01
8.740387444736633427e+00
1.358748446131948917e+01
1.266602473693425601e+01
1.117038385124011413e+01
7.978845608028653835e+00
1.178062436274634450e+01
1.070474469691662733e+01
9.373021315815206478e+00
9.373021315815206478e+00
8.136857890256438353e+00
7.735777827895049086e+00
1.178062436274634450e+01
9.574614729634383536e+00
6.955796338302048021e+00
1.256509862862843541e+01
1.335116235624909109e+01
1.058513485680245481e+01
1.117038385124011413e+01
9.772050238058398008e+00
1.015541250385961369e+01
9.507891862878782518e+00
7.399277020331918919e+00
9.166995688475081394e+00
8.444016491289504600e+00
7.046725639945927711e+00
8.368283871884004910e+00
1.046415791390898242e+01
1.391159267660409604e+01
6.579524642479540830e+00
1.167204486311898926e+01
6.482044814428574497e+00
9.097283682934460103e+00
8.136857890256438353e+00
8.740387444736633427e+00
7.978845608028653835e+00
9.373021315815206478e+00
1.021790793990058255e+01
1.296408962885714899e+01
7.136496464611084889e+00
1.251433034574463399e+01
1.034176589165282145e+01
1.422831991532699902e+01
9.373021315815206478e+00
5.292567428401227403e+00
1.271618740744904485e+01
1.286550196516137312e+01
8.444016491289504600e+00
4.918490759365934828e+00
1.167204486311898926e+01
1.058513485680245481e+01
