1.058513485680245481e+01
1.755346033766304004e+01
1.178062436274634450e+01
9.373021315815206478e+00
1.194164264288369282e+01
3.568248232305542444e+00
1.117038385124011413e+01
9.836981518731869656e+00
1.058513485680245481e+01
8.593479713983121826e+00
1.082303275961201905e+01
1.726088217525477830e+01
1.236077446474206631e+01
1.658371917462410394e+01
1.669848676668040710e+01
1.128379167095512514e+01
1.445030398768713376e+01
1.673656774376800982e+01
1.220528683538465842e+01
1.603728119216292924e+01
1.009253008808064145e+01
8.740387444736633427e+00
9.574614729634383536e+00
1.358748446131948917e+01
1.372732503515539548e+01
9.166995688475081394e+00
1.543035303761632804e+01
1.391159267660409604e+01
1.826441241104166124e+01
1.215301555949299761e+01
1.696325844612841038e+01
1.522266721510391640e+01
1.409345127989185542e+01
1.276615297284584649e+01
1.034176589165282145e+01
9.166995688475081394e+00
7.484820637019110379e+00
1.315904928495908166e+01
1.156244577056221523e+01
1.058513485680245481e+01
1.551264883747923129e+01
1.256509862862843541e+01
1.404820733880128181e+01
1.707547527140466670e+01
1.726088217525477830e+01
1.354055000514615159e+01
1.422831991532699902e+01
1.117038385124011413e+01
1.363425735166143049e+01
9.901487006738307173e+00
9.304852983362556174e+00
1.236077446474206631e+01
1.040314189572019821e+01
1.501210842680413826e+01
1.117038385124011413e+01
1.431752655671925822e+01
1.587770228520368221e+01
1.117038385124011413e+01
5.046265044040320724e+00
1.236077446474206631e+01
1.117038385124011413e+01
1.662206308517478703e+01
1.603728119216292924e+01
1.111324596323282954e+01
1.134007028277388685e+01
1.256509862862843541e+01
7.312732791431452384e+00
9.373021315815206478e+00
1.579730833933717626e+01
8.593479713983121826e+00
1.296408962885714899e+01
1.291488987023529766e+01
1.427299292922216978e+01
1.236077446474206631e+01
1.128379167095512514e+01
1.117038385124011413e+01
1.117038385124011413e+01
8.593479713983121826e+00
4.370193722368316713e+00
1.009253008808064145e+01
6.955796338302048021e+00
1.595769121605730767e+01
1.271618740744904485e+01
5.753627391751591880e+00
9.373021315815206478e+00
1.726088217525477830e+01
1.225733520300188317e+01
9.373021315815206478e+00
1.199483507827737583e+01
1.780552292517845459e+01
1.681247093473193388e+01
1.413855043925722121e+01
1.496964127403822076e+01
1.204779266504070279e+01
1.021790793990058255e+01
