1.591774699517169012e+01
1.607692842495848140e+01
1.178062436274634450e+01
1.220528683538465842e+01
1.111324596323282954e+01
1.028002345391383443e+01
1.117038385124011413e+01
1.058513485680245481e+01
1.894870844187845549e+01
1.015541250385961369e+01
1.225733520300188317e+01
7.978845608028653835e+00
9.772050238058398008e+00
1.400281721259029588e+01
1.700074635581867355e+01
7.225151993843566878e+00
6.383076486422923246e+00
1.058513485680245481e+01
1.291488987023529766e+01
7.484820637019110379e+00
1.117038385124011413e+01
1.854116169711310036e+01
1.204779266504070279e+01
1.296408962885714899e+01
1.058513485680245481e+01
7.312732791431452384e+00
1.172646028567007725e+01
1.281592373849173683e+01
5.863230142835038627e+00
9.373021315815206478e+00
1.484151074652385738e+01
1.099807968464679142e+01
1.021790793990058255e+01
1.642944866646030988e+01
1.145179781116143225e+01
1.161737456321036532e+01
9.373021315815206478e+00
1.471226436021925466e+01
1.058513485680245481e+01
8.884866446580955923e+00
1.306193320280393344e+01
7.735777827895049086e+00
1.650676414605009157e+01
1.471226436021925466e+01
7.484820637019110379e+00
8.956231982162769611e+00
1.462546558286290477e+01
8.136857890256438353e+00
1.183454054540639433e+01
1.134007028277388685e+01
1.094004191971426110e+01
1.372732503515539548e+01
9.965574970333758387e+00
1.199483507827737583e+01
9.574614729634383536e+00
1.241217083805063837e+01
1.156244577056221523e+01
8.368283871884004910e+00
1.479855404066383784e+01
1.669848676668040710e+01
1.758969042850511855e+01
9.772050238058398008e+00
7.898654169668588132e+00
1.188821220645068522e+01
1.339876023397903637e+01
1.052482020710848865e+01
7.735777827895049086e+00
1.325545386523797831e+01
6.955796338302048021e+00
1.150725478350318376e+01
1.595769121605730767e+01
8.444016491289504600e+00
1.436192209445157708e+01
1.466892917224166482e+01
1.358748446131948917e+01
1.492705330360461602e+01
1.215301555949299761e+01
1.344618962205996482e+01
9.373021315815206478e+00
1.082303275961201905e+01
1.513879513212096128e+01
1.427299292922216978e+01
8.136857890256438353e+00
1.471226436021925466e+01
1.522266721510391640e+01
1.046415791390898242e+01
1.178062436274634450e+01
1.440618081907316395e+01
1.236077446474206631e+01
1.381976597885341995e+01
1.404820733880128181e+01
1.271618740744904485e+01
8.593479713983121826e+00
1.034176589165282145e+01
9.836981518731869656e+00
1.445030398768713376e+01
9.901487006738307173e+00
7.569397566060480642e+00
9.097283682934460103e+00
