1.547155565579009817e+01
1.591774699517169012e+01
1.172646028567007725e+01
1.225733520300188317e+01
1.117038385124011413e+01
1.040314189572019821e+01
1.117038385124011413e+01
1.058513485680245481e+01
1.860970596672511235e+01
1.028002345391383443e+01
1.225733520300188317e+01
8.136857890256438353e+00
9.965574970333758387e+00
1.386575534383213970e+01
1.662206308517478703e+01
8.214724333230154940e+00
7.569397566060480642e+00
1.058513485680245481e+01
1.246335526484300615e+01
8.136857890256438353e+00
1.117038385124011413e+01
1.199483507827737583e+01
1.791246396432553922e+01
1.271618740744904485e+01
1.058513485680245481e+01
8.136857890256438353e+00
1.178062436274634450e+01
7.136496464611084889e+00
1.296408962885714899e+01
9.373021315815206478e+00
1.471226436021925466e+01
1.099807968464679142e+01
1.002925341359354938e+01
1.587770228520368221e+01
1.161737456321036532e+01
1.167204486311898926e+01
9.373021315815206478e+00
1.462546558286290477e+01
1.058513485680245481e+01
9.236181543108379799e+00
1.306193320280393344e+01
8.291859587312051971e+00
1.627371578051287671e+01
1.449429283826230197e+01
8.136857890256438353e+00
9.166995688475081394e+00
1.445030398768713376e+01
8.291859587312051971e+00
1.188821220645068522e+01
1.134007028277388685e+01
1.094004191971426110e+01
1.354055000514615159e+01
9.965574970333758387e+00
1.199483507827737583e+01
9.836981518731869656e+00
1.241217083805063837e+01
1.156244577056221523e+01
8.884866446580955923e+00
1.471226436021925466e+01
1.623454913941802857e+01
1.737117647432762624e+01
1.009253008808064145e+01
8.291859587312051971e+00
1.194164264288369282e+01
1.335116235624909109e+01
1.058513485680245481e+01
8.136857890256438353e+00
1.320733953636073110e+01
8.058239062071395509e+00
1.145179781116143225e+01
1.551264883747923129e+01
8.884866446580955923e+00
1.436192209445157708e+01
1.436192209445157708e+01
1.354055000514615159e+01
1.475547227809780537e+01
1.204779266504070279e+01
1.335116235624909109e+01
9.772050238058398008e+00
1.076405121554611632e+01
4.513516668382050234e+00
1.484151074652385738e+01
1.422831991532699902e+01
8.593479713983121826e+00
1.445030398768713376e+01
1.471226436021925466e+01
1.040314189572019821e+01
1.178062436274634450e+01
1.431752655671925822e+01
1.236077446474206631e+01
1.377362305878664728e+01
1.404820733880128181e+01
9.097283682934460103e+00
1.266602473693425601e+01
1.046415791390898242e+01
9.901487006738307173e+00
1.440618081907316395e+01
9.965574970333758387e+00
8.519075891779829490e+00
9.373021315815206478e+00
