1.538904010394216471e+01
1.575695754970980111e+01
1.172646028567007725e+01
1.225733520300188317e+01
1.117038385124011413e+01
1.076405121554611632e+01
1.117038385124011413e+01
1.058513485680245481e+01
1.840330728156092377e+01
1.034176589165282145e+01
1.225733520300188317e+01
8.593479713983121826e+00
9.965574970333758387e+00
1.344618962205996482e+01
8.740387444736633427e+00
1.627371578051287671e+01
8.593479713983121826e+00
1.058513485680245481e+01
1.178062436274634450e+01
8.740387444736633427e+00
1.117038385124011413e+01
1.178062436274634450e+01
1.740778594902202769e+01
1.215301555949299761e+01
1.058513485680245481e+01
8.368283871884004910e+00
1.178062436274634450e+01
7.653039857325811823e+00
1.266602473693425601e+01
9.373021315815206478e+00
1.391159267660409604e+01
1.094004191971426110e+01
9.706684619910241452e+00
1.547155565579009817e+01
3.568248232305542444e+00
4.222008245644752300e+00
1.172646028567007725e+01
1.167204486311898926e+01
9.373021315815206478e+00
4.787307364817191768e+00
1.058513485680245481e+01
1.395727947504383337e+01
8.444016491289504600e+00
1.286550196516137312e+01
8.956231982162769611e+00
1.567594437773643001e+01
1.431752655671925822e+01
6.383076486422923246e+00
8.136857890256438353e+00
9.304852983362556174e+00
8.740387444736633427e+00
1.363425735166143049e+01
1.194164264288369282e+01
1.145179781116143225e+01
1.099807968464679142e+01
1.335116235624909109e+01
9.965574970333758387e+00
1.188821220645068522e+01
1.009253008808064145e+01
1.251433034574463399e+01
9.304852983362556174e+00
1.161737456321036532e+01
1.431752655671925822e+01
1.603728119216292924e+01
1.666031874701878124e+01
1.028002345391383443e+01
8.740387444736633427e+00
1.194164264288369282e+01
1.335116235624909109e+01
1.052482020710848865e+01
8.593479713983121826e+00
1.301310337505149661e+01
9.097283682934460103e+00
1.145179781116143225e+01
1.538904010394216471e+01
9.166995688475081394e+00
1.436192209445157708e+01
1.427299292922216978e+01
1.276615297284584649e+01
1.436192209445157708e+01
1.172646028567007725e+01
1.306193320280393344e+01
1.015541250385961369e+01
1.099807968464679142e+01
5.863230142835038627e+00
6.955796338302048021e+00
1.413855043925722121e+01
1.409345127989185542e+01
8.740387444736633427e+00
1.427299292922216978e+01
1.427299292922216978e+01
1.034176589165282145e+01
1.178062436274634450e+01
1.427299292922216978e+01
1.236077446474206631e+01
1.344618962205996482e+01
1.395727947504383337e+01
9.236181543108379799e+00
1.954410047611679691e+00
1.236077446474206631e+01
1.034176589165282145e+01
9.965574970333758387e+00
1.413855043925722121e+01
9.965574970333758387e+00
9.166995688475081394e+00
9.373021315815206478e+00
