1.595769121605730767e+01
1.607692842495848140e+01
1.178062436274634450e+01
1.220528683538465842e+01
1.111324596323282954e+01
1.021790793990058255e+01
1.117038385124011413e+01
1.058513485680245481e+01
1.894870844187845549e+01
1.015541250385961369e+01
1.225733520300188317e+01
7.817640190446718762e+00
9.772050238058398008e+00
1.404820733880128181e+01
1.703815178355965898e+01
7.225151993843566878e+00
6.180387232371033157e+00
1.058513485680245481e+01
1.306193320280393344e+01
7.225151993843566878e+00
1.117038385124011413e+01
1.854116169711310036e+01
1.210051848659980855e+01
1.296408962885714899e+01
1.058513485680245481e+01
7.225151993843566878e+00
1.167204486311898926e+01
1.281592373849173683e+01
5.527906391541367981e+00
9.373021315815206478e+00
1.484151074652385738e+01
1.094004191971426110e+01
1.021790793990058255e+01
1.642944866646030988e+01
1.145179781116143225e+01
1.161737456321036532e+01
9.304852983362556174e+00
1.475547227809780537e+01
1.058513485680245481e+01
8.740387444736633427e+00
1.311058116710494836e+01
7.484820637019110379e+00
1.658371917462410394e+01
1.471226436021925466e+01
7.312732791431452384e+00
8.884866446580955923e+00
1.475547227809780537e+01
8.136857890256438353e+00
1.183454054540639433e+01
1.128379167095512514e+01
1.094004191971426110e+01
1.372732503515539548e+01
9.965574970333758387e+00
1.199483507827737583e+01
9.507891862878782518e+00
1.241217083805063837e+01
1.156244577056221523e+01
8.136857890256438353e+00
1.484151074652385738e+01
1.669848676668040710e+01
1.758969042850511855e+01
9.772050238058398008e+00
7.898654169668588132e+00
1.188821220645068522e+01
1.349345229721172146e+01
1.046415791390898242e+01
7.653039857325811823e+00
1.325545386523797831e+01
6.955796338302048021e+00
1.150725478350318376e+01
1.595769121605730767e+01
8.444016491289504600e+00
1.436192209445157708e+01
1.466892917224166482e+01
1.358748446131948917e+01
1.492705330360461602e+01
1.215301555949299761e+01
1.344618962205996482e+01
9.373021315815206478e+00
1.082303275961201905e+01
1.513879513212096128e+01
1.427299292922216978e+01
8.136857890256438353e+00
1.475547227809780537e+01
1.530607971465162365e+01
1.040314189572019821e+01
1.178062436274634450e+01
1.440618081907316395e+01
1.236077446474206631e+01
1.381976597885341995e+01
1.409345127989185542e+01
1.276615297284584649e+01
8.444016491289504600e+00
1.034176589165282145e+01
9.772050238058398008e+00
1.445030398768713376e+01
9.901487006738307173e+00
7.312732791431452384e+00
9.097283682934460103e+00
