1.526443044094783019e+01
1.559451034962034477e+01
1.178062436274634450e+01
1.225733520300188317e+01
1.117038385124011413e+01
1.082303275961201905e+01
1.117038385124011413e+01
1.058513485680245481e+01
1.826441241104166124e+01
1.040314189572019821e+01
1.220528683538465842e+01
8.667244841319218907e+00
9.965574970333758387e+00
1.330339418036568588e+01
8.884866446580955923e+00
1.599753570059363028e+01
8.740387444736633427e+00
1.058513485680245481e+01
1.178062436274634450e+01
8.740387444736633427e+00
1.117038385124011413e+01
1.167204486311898926e+01
1.714987856615383066e+01
1.183454054540639433e+01
1.058513485680245481e+01
8.812923024107547576e+00
1.178062436274634450e+01
7.817640190446718762e+00
1.256509862862843541e+01
8.884866446580955923e+00
1.391159267660409604e+01
1.070474469691662733e+01
9.640875829802336483e+00
1.522266721510391640e+01
5.170882945826410726e+00
5.292567428401227403e+00
5.170882945826410726e+00
1.178062436274634450e+01
1.167204486311898926e+01
9.373021315815206478e+00
5.641895835477562571e+00
1.058513485680245481e+01
1.391159267660409604e+01
8.368283871884004910e+00
1.276615297284584649e+01
9.097283682934460103e+00
1.547155565579009817e+01
1.422831991532699902e+01
6.863662517577697741e+00
8.136857890256438353e+00
9.373021315815206478e+00
8.740387444736633427e+00
1.330339418036568588e+01
1.194164264288369282e+01
1.167204486311898926e+01
1.099807968464679142e+01
1.330339418036568588e+01
9.965574970333758387e+00
1.183454054540639433e+01
1.021790793990058255e+01
1.261566261010080048e+01
9.027033336764100468e+00
1.167204486311898926e+01
1.391159267660409604e+01
1.603728119216292924e+01
1.646815177937675045e+01
1.034176589165282145e+01
8.812923024107547576e+00
1.194164264288369282e+01
4.370193722368316713e+00
1.325545386523797831e+01
1.040314189572019821e+01
8.740387444736633427e+00
1.301310337505149661e+01
9.097283682934460103e+00
1.145179781116143225e+01
1.530607971465162365e+01
9.236181543108379799e+00
1.436192209445157708e+01
1.436192209445157708e+01
1.266602473693425601e+01
1.436192209445157708e+01
1.172646028567007725e+01
1.306193320280393344e+01
1.015541250385961369e+01
1.105581278308273596e+01
6.863662517577697741e+00
7.569397566060480642e+00
1.404820733880128181e+01
1.386575534383213970e+01
8.740387444736633427e+00
1.436192209445157708e+01
1.413855043925722121e+01
1.046415791390898242e+01
1.178062436274634450e+01
1.422831991532699902e+01
1.230916348999737586e+01
1.311058116710494836e+01
5.170882945826410726e+00
1.395727947504383337e+01
9.373021315815206478e+00
1.236077446474206631e+01
1.015541250385961369e+01
9.965574970333758387e+00
1.404820733880128181e+01
9.965574970333758387e+00
9.236181543108379799e+00
9.373021315815206478e+00
