1.543035303761632804e+01
1.583755632390385770e+01
1.172646028567007725e+01
1.225733520300188317e+01
1.117038385124011413e+01
1.064510777218481152e+01
1.117038385124011413e+01
1.058513485680245481e+01
1.850679436136249834e+01
1.034176589165282145e+01
1.225733520300188317e+01
8.444016491289504600e+00
9.965574970333758387e+00
1.368087033328175828e+01
8.740387444736633427e+00
1.642944866646030988e+01
8.291859587312051971e+00
1.058513485680245481e+01
1.199483507827737583e+01
8.593479713983121826e+00
1.117038385124011413e+01
1.194164264288369282e+01
1.748077488947326685e+01
1.236077446474206631e+01
1.058513485680245481e+01
8.291859587312051971e+00
1.178062436274634450e+01
7.569397566060480642e+00
1.276615297284584649e+01
9.574614729634383536e+00
1.413855043925722121e+01
1.094004191971426110e+01
9.965574970333758387e+00
1.547155565579009817e+01
1.172646028567007725e+01
1.167204486311898926e+01
9.373021315815206478e+00
3.568248232305542444e+00
1.427299292922216978e+01
1.058513485680245481e+01
8.593479713983121826e+00
1.301310337505149661e+01
8.956231982162769611e+00
1.587770228520368221e+01
1.436192209445157708e+01
5.753627391751591880e+00
8.136857890256438353e+00
9.236181543108379799e+00
8.593479713983121826e+00
1.377362305878664728e+01
1.194164264288369282e+01
1.134007028277388685e+01
1.094004191971426110e+01
1.339876023397903637e+01
9.965574970333758387e+00
1.188821220645068522e+01
1.002925341359354938e+01
1.251433034574463399e+01
9.304852983362556174e+00
1.156244577056221523e+01
1.449429283826230197e+01
1.603728119216292924e+01
1.677456227108388731e+01
1.021790793990058255e+01
8.667244841319218907e+00
1.194164264288369282e+01
1.335116235624909109e+01
1.058513485680245481e+01
8.444016491289504600e+00
1.306193320280393344e+01
8.740387444736633427e+00
1.145179781116143225e+01
1.543035303761632804e+01
9.097283682934460103e+00
1.436192209445157708e+01
1.431752655671925822e+01
1.271618740744904485e+01
1.445030398768713376e+01
1.172646028567007725e+01
1.311058116710494836e+01
1.015541250385961369e+01
1.094004191971426110e+01
5.170882945826410726e+00
6.675581178124545545e+00
1.427299292922216978e+01
1.418350619798065715e+01
8.740387444736633427e+00
1.431752655671925822e+01
1.431752655671925822e+01
1.034176589165282145e+01
1.178062436274634450e+01
1.427299292922216978e+01
1.236077446474206631e+01
1.368087033328175828e+01
1.395727947504383337e+01
9.236181543108379799e+00
1.236077446474206631e+01
1.034176589165282145e+01
9.965574970333758387e+00
1.427299292922216978e+01
9.965574970333758387e+00
8.956231982162769611e+00
9.373021315815206478e+00
