1.526443044094783019e+01
1.563528038089343752e+01
1.172646028567007725e+01
1.225733520300188317e+01
1.117038385124011413e+01
1.082303275961201905e+01
1.117038385124011413e+01
1.058513485680245481e+01
1.833399137695016279e+01
1.040314189572019821e+01
1.220528683538465842e+01
8.667244841319218907e+00
9.965574970333758387e+00
1.335116235624909109e+01
8.812923024107547576e+00
1.599753570059363028e+01
8.740387444736633427e+00
1.058513485680245481e+01
1.178062436274634450e+01
8.740387444736633427e+00
1.117038385124011413e+01
1.172646028567007725e+01
1.726088217525477830e+01
1.194164264288369282e+01
1.058513485680245481e+01
8.519075891779829490e+00
1.178062436274634450e+01
7.817640190446718762e+00
1.256509862862843541e+01
9.027033336764100468e+00
1.391159267660409604e+01
1.099807968464679142e+01
9.640875829802336483e+00
1.530607971465162365e+01
4.068428945128219176e+00
5.170882945826410726e+00
4.787307364817191768e+00
1.178062436274634450e+01
1.167204486311898926e+01
9.373021315815206478e+00
5.292567428401227403e+00
1.058513485680245481e+01
1.391159267660409604e+01
8.444016491289504600e+00
1.276615297284584649e+01
9.027033336764100468e+00
1.551264883747923129e+01
1.422831991532699902e+01
6.863662517577697741e+00
8.136857890256438353e+00
9.373021315815206478e+00
8.740387444736633427e+00
1.339876023397903637e+01
1.194164264288369282e+01
1.161737456321036532e+01
1.099807968464679142e+01
1.335116235624909109e+01
9.965574970333758387e+00
1.183454054540639433e+01
1.021790793990058255e+01
1.261566261010080048e+01
9.027033336764100468e+00
1.161737456321036532e+01
1.404820733880128181e+01
1.603728119216292924e+01
1.662206308517478703e+01
1.034176589165282145e+01
8.740387444736633427e+00
1.194164264288369282e+01
3.742410318509555189e+00
1.330339418036568588e+01
1.046415791390898242e+01
8.667244841319218907e+00
1.301310337505149661e+01
9.097283682934460103e+00
1.145179781116143225e+01
1.534761596392107741e+01
9.236181543108379799e+00
1.436192209445157708e+01
1.431752655671925822e+01
1.266602473693425601e+01
1.436192209445157708e+01
1.172646028567007725e+01
1.306193320280393344e+01
1.015541250385961369e+01
1.105581278308273596e+01
6.482044814428574497e+00
7.225151993843566878e+00
1.409345127989185542e+01
1.391159267660409604e+01
8.740387444736633427e+00
1.431752655671925822e+01
1.418350619798065715e+01
1.034176589165282145e+01
1.178062436274634450e+01
1.427299292922216978e+01
1.230916348999737586e+01
1.315904928495908166e+01
4.652426491681278087e+00
1.395727947504383337e+01
9.236181543108379799e+00
1.236077446474206631e+01
1.028002345391383443e+01
9.965574970333758387e+00
1.413855043925722121e+01
9.965574970333758387e+00
9.166995688475081394e+00
9.373021315815206478e+00
