1.583755632390385770e+01
1.607692842495848140e+01
1.178062436274634450e+01
1.220528683538465842e+01
1.117038385124011413e+01
1.028002345391383443e+01
1.117038385124011413e+01
1.058513485680245481e+01
1.891508160359295942e+01
1.028002345391383443e+01
1.225733520300188317e+01
7.978845608028653835e+00
9.772050238058398008e+00
1.395727947504383337e+01
1.696325844612841038e+01
7.312732791431452384e+00
6.579524642479540830e+00
1.058513485680245481e+01
1.276615297284584649e+01
7.484820637019110379e+00
1.117038385124011413e+01
1.847236308621675960e+01
1.204779266504070279e+01
1.296408962885714899e+01
1.058513485680245481e+01
7.399277020331918919e+00
1.178062436274634450e+01
1.286550196516137312e+01
6.076507779746498805e+00
9.373021315815206478e+00
1.484151074652385738e+01
1.099807968464679142e+01
1.021790793990058255e+01
1.627371578051287671e+01
1.145179781116143225e+01
1.161737456321036532e+01
9.373021315815206478e+00
1.466892917224166482e+01
1.058513485680245481e+01
8.956231982162769611e+00
1.306193320280393344e+01
7.978845608028653835e+00
1.650676414605009157e+01
1.471226436021925466e+01
7.735777827895049086e+00
9.027033336764100468e+00
1.462546558286290477e+01
8.136857890256438353e+00
1.183454054540639433e+01
1.134007028277388685e+01
1.094004191971426110e+01
1.372732503515539548e+01
9.965574970333758387e+00
1.199483507827737583e+01
9.772050238058398008e+00
1.241217083805063837e+01
1.156244577056221523e+01
8.444016491289504600e+00
1.475547227809780537e+01
1.666031874701878124e+01
1.751715531361111644e+01
9.965574970333758387e+00
8.136857890256438353e+00
1.188821220645068522e+01
1.339876023397903637e+01
1.058513485680245481e+01
7.978845608028653835e+00
1.325545386523797831e+01
7.136496464611084889e+00
1.150725478350318376e+01
1.587770228520368221e+01
8.444016491289504600e+00
1.436192209445157708e+01
1.466892917224166482e+01
1.358748446131948917e+01
1.488434347843123184e+01
1.215301555949299761e+01
1.344618962205996482e+01
9.373021315815206478e+00
1.082303275961201905e+01
1.509668435477122017e+01
1.427299292922216978e+01
8.136857890256438353e+00
1.466892917224166482e+01
1.518078909665319287e+01
1.052482020710848865e+01
1.178062436274634450e+01
1.440618081907316395e+01
1.236077446474206631e+01
1.381976597885341995e+01
1.404820733880128181e+01
1.266602473693425601e+01
8.667244841319218907e+00
1.034176589165282145e+01
9.836981518731869656e+00
1.445030398768713376e+01
9.901487006738307173e+00
7.735777827895049086e+00
9.166995688475081394e+00
