1.431752655671925822e+01
1.526443044094783019e+01
1.161737456321036532e+01
1.178062436274634450e+01
1.117038385124011413e+01
6.076507779746498805e+00
1.082303275961201905e+01
1.117038385124011413e+01
1.070474469691662733e+01
1.751715531361111644e+01
1.058513485680245481e+01
1.215301555949299761e+01
3.385137501286537898e+00
5.170882945826410726e+00
8.740387444736633427e+00
9.965574970333758387e+00
1.183454054540639433e+01
5.170882945826410726e+00
8.812923024107547576e+00
1.551264883747923129e+01
9.166995688475081394e+00
1.058513485680245481e+01
1.178062436274634450e+01
9.027033336764100468e+00
1.117038385124011413e+01
1.167204486311898926e+01
1.178062436274634450e+01
1.615593100600235843e+01
6.579524642479540830e+00
1.058513485680245481e+01
9.373021315815206478e+00
1.178062436274634450e+01
8.136857890256438353e+00
1.215301555949299761e+01
8.740387444736633427e+00
1.344618962205996482e+01
1.058513485680245481e+01
9.507891862878782518e+00
1.488434347843123184e+01
6.863662517577697741e+00
6.863662517577697741e+00
6.955796338302048021e+00
1.178062436274634450e+01
1.167204486311898926e+01
9.373021315815206478e+00
7.225151993843566878e+00
1.058513485680245481e+01
1.368087033328175828e+01
8.136857890256438353e+00
1.261566261010080048e+01
9.373021315815206478e+00
1.484151074652385738e+01
1.386575534383213970e+01
8.058239062071395509e+00
8.593479713983121826e+00
9.373021315815206478e+00
8.740387444736633427e+00
1.306193320280393344e+01
1.194164264288369282e+01
1.178062436274634450e+01
1.094004191971426110e+01
1.311058116710494836e+01
1.002925341359354938e+01
1.183454054540639433e+01
1.046415791390898242e+01
1.266602473693425601e+01
8.884866446580955923e+00
1.178062436274634450e+01
1.354055000514615159e+01
1.571650316319191809e+01
1.611647812414279102e+01
1.058513485680245481e+01
9.304852983362556174e+00
1.188821220645068522e+01
7.046725639945927711e+00
1.306193320280393344e+01
1.021790793990058255e+01
8.812923024107547576e+00
1.276615297284584649e+01
9.640875829802336483e+00
1.156244577056221523e+01
1.501210842680413826e+01
9.373021315815206478e+00
1.427299292922216978e+01
1.413855043925722121e+01
1.215301555949299761e+01
1.427299292922216978e+01
1.172646028567007725e+01
1.311058116710494836e+01
1.040314189572019821e+01
1.117038385124011413e+01
8.136857890256438353e+00
8.136857890256438353e+00
1.368087033328175828e+01
1.363425735166143049e+01
8.214724333230154940e+00
1.413855043925722121e+01
1.381976597885341995e+01
1.058513485680245481e+01
1.178062436274634450e+01
1.386575534383213970e+01
6.383076486422923246e+00
7.653039857325811823e+00
1.128379167095512514e+01
1.251433034574463399e+01
1.368087033328175828e+01
9.836981518731869656e+00
1.194164264288369282e+01
9.965574970333758387e+00
9.507891862878782518e+00
1.377362305878664728e+01
9.901487006738307173e+00
9.640875829802336483e+00
4.787307364817191768e+00
9.507891862878782518e+00
