1.440618081907316395e+01
1.266602473693425601e+01
1.117038385124011413e+01
8.136857890256438353e+00
1.117038385124011413e+01
8.214724333230154940e+00
1.117038385124011413e+01
1.058513485680245481e+01
1.105581278308273596e+01
9.965574970333758387e+00
1.547155565579009817e+01
7.817640190446718762e+00
1.058513485680245481e+01
1.172646028567007725e+01
7.312732791431452384e+00
6.482044814428574497e+00
8.884866446580955923e+00
9.965574970333758387e+00
7.898654169668588132e+00
1.021790793990058255e+01
8.593479713983121826e+00
1.418350619798065715e+01
9.574614729634383536e+00
1.058513485680245481e+01
1.111324596323282954e+01
7.484820637019110379e+00
9.373021315815206478e+00
1.046415791390898242e+01
1.058513485680245481e+01
1.117038385124011413e+01
1.427299292922216978e+01
8.136857890256438353e+00
1.058513485680245481e+01
9.901487006738307173e+00
1.070474469691662733e+01
5.046265044040320724e+00
8.291859587312051971e+00
1.117038385124011413e+01
8.884866446580955923e+00
1.256509862862843541e+01
9.965574970333758387e+00
9.507891862878782518e+00
1.391159267660409604e+01
8.291859587312051971e+00
8.740387444736633427e+00
7.817640190446718762e+00
1.094004191971426110e+01
1.122723095552866468e+01
3.568248232305542444e+00
3.908820095223359381e+00
9.640875829802336483e+00
3.191538243211461623e+00
9.507891862878782518e+00
1.241217083805063837e+01
8.740387444736633427e+00
8.740387444736633427e+00
1.199483507827737583e+01
4.068428945128219176e+00
1.296408962885714899e+01
1.261566261010080048e+01
9.027033336764100468e+00
9.027033336764100468e+00
8.593479713983121826e+00
9.373021315815206478e+00
7.312732791431452384e+00
8.740387444736633427e+00
1.070474469691662733e+01
1.188821220645068522e+01
1.117038385124011413e+01
1.046415791390898242e+01
6.955796338302048021e+00
1.167204486311898926e+01
9.965574970333758387e+00
1.099807968464679142e+01
5.411516379806009525e+00
9.965574970333758387e+00
6.863662517577697741e+00
1.236077446474206631e+01
7.312732791431452384e+00
4.652426491681278087e+00
1.128379167095512514e+01
8.368283871884004910e+00
1.183454054540639433e+01
1.418350619798065715e+01
6.383076486422923246e+00
1.418350619798065715e+01
1.052482020710848865e+01
8.136857890256438353e+00
9.027033336764100468e+00
1.094004191971426110e+01
1.241217083805063837e+01
9.373021315815206478e+00
6.863662517577697741e+00
5.970821321441846408e+00
8.593479713983121826e+00
4.918490759365934828e+00
1.111324596323282954e+01
8.136857890256438353e+00
7.484820637019110379e+00
9.304852983362556174e+00
1.117038385124011413e+01
8.740387444736633427e+00
1.368087033328175828e+01
8.058239062071395509e+00
1.296408962885714899e+01
1.335116235624909109e+01
1.105581278308273596e+01
1.210051848659980855e+01
1.094004191971426110e+01
7.484820637019110379e+00
1.188821220645068522e+01
1.058513485680245481e+01
1.058513485680245481e+01
7.898654169668588132e+00
8.740387444736633427e+00
8.740387444736633427e+00
1.183454054540639433e+01
1.330339418036568588e+01
7.735777827895049086e+00
8.136857890256438353e+00
1.296408962885714899e+01
1.058513485680245481e+01
1.215301555949299761e+01
1.117038385124011413e+01
1.215301555949299761e+01
8.136857890256438353e+00
9.373021315815206478e+00
1.058513485680245481e+01
1.178062436274634450e+01
1.009253008808064145e+01
1.210051848659980855e+01
1.178062436274634450e+01
9.507891862878782518e+00
4.513516668382050234e+00
6.675581178124545545e+00
9.373021315815206478e+00
2.763953195770683990e+00
1.296408962885714899e+01
9.097283682934460103e+00
8.136857890256438353e+00
9.965574970333758387e+00
4.513516668382050234e+00
9.027033336764100468e+00
7.046725639945927711e+00
