1.547155565579009817e+01
1.583755632390385770e+01
1.172646028567007725e+01
1.225733520300188317e+01
1.117038385124011413e+01
1.058513485680245481e+01
1.117038385124011413e+01
1.058513485680245481e+01
1.854116169711310036e+01
1.034176589165282145e+01
1.225733520300188317e+01
8.444016491289504600e+00
9.965574970333758387e+00
1.368087033328175828e+01
8.740387444736633427e+00
1.654528640181426269e+01
8.214724333230154940e+00
1.058513485680245481e+01
1.210051848659980855e+01
8.444016491289504600e+00
1.117038385124011413e+01
1.194164264288369282e+01
1.755346033766304004e+01
1.241217083805063837e+01
1.058513485680245481e+01
8.136857890256438353e+00
1.178062436274634450e+01
7.653039857325811823e+00
1.286550196516137312e+01
9.574614729634383536e+00
1.427299292922216978e+01
1.094004191971426110e+01
9.965574970333758387e+00
1.547155565579009817e+01
1.178062436274634450e+01
1.167204486311898926e+01
9.373021315815206478e+00
2.763953195770683990e+00
1.440618081907316395e+01
1.058513485680245481e+01
8.593479713983121826e+00
1.301310337505149661e+01
8.884866446580955923e+00
1.595769121605730767e+01
1.445030398768713376e+01
5.411516379806009525e+00
8.136857890256438353e+00
9.236181543108379799e+00
8.593479713983121826e+00
1.391159267660409604e+01
1.194164264288369282e+01
1.134007028277388685e+01
1.094004191971426110e+01
1.339876023397903637e+01
9.965574970333758387e+00
1.188821220645068522e+01
9.836981518731869656e+00
1.251433034574463399e+01
9.304852983362556174e+00
1.156244577056221523e+01
1.453814859003845150e+01
1.607692842495848140e+01
1.677456227108388731e+01
1.021790793990058255e+01
8.593479713983121826e+00
1.194164264288369282e+01
1.335116235624909109e+01
1.058513485680245481e+01
8.444016491289504600e+00
1.306193320280393344e+01
8.667244841319218907e+00
1.145179781116143225e+01
1.547155565579009817e+01
9.097283682934460103e+00
1.436192209445157708e+01
1.436192209445157708e+01
1.296408962885714899e+01
1.445030398768713376e+01
1.172646028567007725e+01
1.315904928495908166e+01
1.009253008808064145e+01
1.088169461344923583e+01
4.787307364817191768e+00
6.383076486422923246e+00
1.436192209445157708e+01
1.422831991532699902e+01
8.740387444736633427e+00
1.436192209445157708e+01
1.436192209445157708e+01
1.034176589165282145e+01
1.178062436274634450e+01
1.427299292922216978e+01
1.236077446474206631e+01
1.368087033328175828e+01
1.400281721259029588e+01
9.236181543108379799e+00
1.236077446474206631e+01
1.034176589165282145e+01
9.965574970333758387e+00
1.431752655671925822e+01
9.965574970333758387e+00
8.812923024107547576e+00
9.373021315815206478e+00
