1.547155565579009817e+01
1.583755632390385770e+01
1.172646028567007725e+01
1.225733520300188317e+01
1.117038385124011413e+01
1.058513485680245481e+01
1.117038385124011413e+01
1.058513485680245481e+01
1.854116169711310036e+01
1.034176589165282145e+01
1.225733520300188317e+01
8.368283871884004910e+00
9.965574970333758387e+00
1.372732503515539548e+01
8.593479713983121826e+00
1.658371917462410394e+01
8.136857890256438353e+00
1.058513485680245481e+01
1.215301555949299761e+01
8.444016491289504600e+00
1.117038385124011413e+01
1.204779266504070279e+01
1.755346033766304004e+01
1.251433034574463399e+01
1.058513485680245481e+01
8.136857890256438353e+00
1.178062436274634450e+01
7.569397566060480642e+00
1.286550196516137312e+01
9.574614729634383536e+00
1.449429283826230197e+01
1.099807968464679142e+01
9.965574970333758387e+00
1.547155565579009817e+01
1.178062436274634450e+01
1.167204486311898926e+01
9.373021315815206478e+00
1.449429283826230197e+01
1.058513485680245481e+01
8.740387444736633427e+00
1.306193320280393344e+01
8.667244841319218907e+00
1.603728119216292924e+01
1.445030398768713376e+01
4.918490759365934828e+00
8.136857890256438353e+00
9.236181543108379799e+00
8.444016491289504600e+00
1.391159267660409604e+01
1.194164264288369282e+01
1.134007028277388685e+01
1.094004191971426110e+01
1.344618962205996482e+01
9.965574970333758387e+00
1.188821220645068522e+01
9.836981518731869656e+00
1.251433034574463399e+01
9.304852983362556174e+00
1.156244577056221523e+01
1.453814859003845150e+01
1.607692842495848140e+01
1.688803298257900920e+01
1.021790793990058255e+01
8.593479713983121826e+00
1.194164264288369282e+01
1.335116235624909109e+01
1.058513485680245481e+01
8.291859587312051971e+00
1.306193320280393344e+01
8.593479713983121826e+00
1.145179781116143225e+01
1.547155565579009817e+01
9.027033336764100468e+00
1.436192209445157708e+01
1.436192209445157708e+01
1.311058116710494836e+01
1.445030398768713376e+01
1.178062436274634450e+01
1.320733953636073110e+01
1.002925341359354938e+01
1.082303275961201905e+01
3.385137501286537898e+00
5.753627391751591880e+00
1.436192209445157708e+01
1.422831991532699902e+01
8.812923024107547576e+00
1.436192209445157708e+01
1.449429283826230197e+01
1.034176589165282145e+01
1.178062436274634450e+01
1.427299292922216978e+01
1.236077446474206631e+01
1.368087033328175828e+01
1.400281721259029588e+01
9.236181543108379799e+00
1.236077446474206631e+01
1.040314189572019821e+01
9.965574970333758387e+00
1.431752655671925822e+01
9.965574970333758387e+00
8.740387444736633427e+00
9.373021315815206478e+00
