1.422831991532699902e+01
1.526443044094783019e+01
1.156244577056221523e+01
4.068428945128219176e+00
1.178062436274634450e+01
1.117038385124011413e+01
6.282549314314217703e+00
1.088169461344923583e+01
1.117038385124011413e+01
1.058513485680245481e+01
1.729772508200899850e+01
1.058513485680245481e+01
1.215301555949299761e+01
4.787307364817191768e+00
5.753627391751591880e+00
8.740387444736633427e+00
9.965574970333758387e+00
5.970821321441846408e+00
1.161737456321036532e+01
8.884866446580955923e+00
1.543035303761632804e+01
9.166995688475081394e+00
1.058513485680245481e+01
1.178062436274634450e+01
9.097283682934460103e+00
1.117038385124011413e+01
1.161737456321036532e+01
1.178062436274634450e+01
1.591774699517169012e+01
6.863662517577697741e+00
1.058513485680245481e+01
9.373021315815206478e+00
1.178062436274634450e+01
8.136857890256438353e+00
1.215301555949299761e+01
8.740387444736633427e+00
1.339876023397903637e+01
1.058513485680245481e+01
9.507891862878782518e+00
1.484151074652385738e+01
7.046725639945927711e+00
7.136496464611084889e+00
6.863662517577697741e+00
1.178062436274634450e+01
1.167204486311898926e+01
9.373021315815206478e+00
1.058513485680245481e+01
1.368087033328175828e+01
8.136857890256438353e+00
1.261566261010080048e+01
9.373021315815206478e+00
1.475547227809780537e+01
1.372732503515539548e+01
8.519075891779829490e+00
8.593479713983121826e+00
9.373021315815206478e+00
8.740387444736633427e+00
1.296408962885714899e+01
1.199483507827737583e+01
1.178062436274634450e+01
1.105581278308273596e+01
1.306193320280393344e+01
1.002925341359354938e+01
1.188821220645068522e+01
1.052482020710848865e+01
1.271618740744904485e+01
8.740387444736633427e+00
1.178062436274634450e+01
1.339876023397903637e+01
1.571650316319191809e+01
1.607692842495848140e+01
1.058513485680245481e+01
9.304852983362556174e+00
1.194164264288369282e+01
7.225151993843566878e+00
1.296408962885714899e+01
1.009253008808064145e+01
8.593479713983121826e+00
1.266602473693425601e+01
9.706684619910241452e+00
2.763953195770683990e+00
1.156244577056221523e+01
1.496964127403822076e+01
9.373021315815206478e+00
1.422831991532699902e+01
1.413855043925722121e+01
1.194164264288369282e+01
1.400281721259029588e+01
1.172646028567007725e+01
1.301310337505149661e+01
1.040314189572019821e+01
1.117038385124011413e+01
8.136857890256438353e+00
8.291859587312051971e+00
1.358748446131948917e+01
1.368087033328175828e+01
8.136857890256438353e+00
1.400281721259029588e+01
1.372732503515539548e+01
1.058513485680245481e+01
1.172646028567007725e+01
1.391159267660409604e+01
6.675581178124545545e+00
7.898654169668588132e+00
1.117038385124011413e+01
1.251433034574463399e+01
1.368087033328175828e+01
9.836981518731869656e+00
1.178062436274634450e+01
9.965574970333758387e+00
9.507891862878782518e+00
1.377362305878664728e+01
9.772050238058398008e+00
9.836981518731869656e+00
5.753627391751591880e+00
9.507891862878782518e+00
