1.575695754970980111e+01
1.607692842495848140e+01
1.172646028567007725e+01
1.225733520300188317e+01
1.117038385124011413e+01
1.028002345391383443e+01
1.117038385124011413e+01
1.058513485680245481e+01
1.888139487765259261e+01
1.028002345391383443e+01
1.225733520300188317e+01
8.136857890256438353e+00
9.836981518731869656e+00
1.391159267660409604e+01
1.692568750643268771e+01
7.735777827895049086e+00
6.955796338302048021e+00
1.058513485680245481e+01
1.271618740744904485e+01
7.484820637019110379e+00
1.117038385124011413e+01
1.819456736586892021e+01
1.204779266504070279e+01
1.286550196516137312e+01
1.058513485680245481e+01
7.653039857325811823e+00
1.178062436274634450e+01
1.296408962885714899e+01
6.383076486422923246e+00
9.373021315815206478e+00
1.479855404066383784e+01
1.099807968464679142e+01
1.002925341359354938e+01
1.623454913941802857e+01
1.145179781116143225e+01
1.167204486311898926e+01
9.373021315815206478e+00
1.466892917224166482e+01
1.058513485680245481e+01
9.097283682934460103e+00
1.306193320280393344e+01
8.136857890256438353e+00
1.650676414605009157e+01
1.462546558286290477e+01
7.898654169668588132e+00
9.027033336764100468e+00
1.458187244392064308e+01
8.136857890256438353e+00
1.188821220645068522e+01
1.134007028277388685e+01
1.094004191971426110e+01
1.368087033328175828e+01
9.965574970333758387e+00
1.199483507827737583e+01
9.772050238058398008e+00
1.241217083805063837e+01
1.156244577056221523e+01
8.740387444736633427e+00
1.475547227809780537e+01
1.650676414605009157e+01
1.751715531361111644e+01
1.002925341359354938e+01
8.136857890256438353e+00
1.194164264288369282e+01
1.339876023397903637e+01
1.058513485680245481e+01
8.136857890256438353e+00
1.325545386523797831e+01
7.484820637019110379e+00
1.150725478350318376e+01
1.579730833933717626e+01
8.667244841319218907e+00
1.436192209445157708e+01
1.458187244392064308e+01
1.358748446131948917e+01
1.479855404066383784e+01
1.215301555949299761e+01
1.344618962205996482e+01
9.440697438826296306e+00
1.082303275961201905e+01
1.492705330360461602e+01
1.427299292922216978e+01
8.444016491289504600e+00
1.453814859003845150e+01
1.505445578434700415e+01
1.046415791390898242e+01
1.178062436274634450e+01
1.431752655671925822e+01
1.236077446474206631e+01
1.377362305878664728e+01
1.404820733880128181e+01
1.266602473693425601e+01
8.740387444736633427e+00
1.034176589165282145e+01
9.901487006738307173e+00
1.445030398768713376e+01
9.965574970333758387e+00
7.978845608028653835e+00
9.236181543108379799e+00
