1.479855404066383784e+01
1.296408962885714899e+01
1.117038385124011413e+01
7.136496464611084889e+00
1.139607097042601680e+01
7.978845608028653835e+00
1.117038385124011413e+01
1.094004191971426110e+01
1.117038385124011413e+01
9.965574970333758387e+00
1.654528640181426269e+01
6.863662517577697741e+00
1.058513485680245481e+01
1.210051848659980855e+01
7.225151993843566878e+00
8.740387444736633427e+00
9.965574970333758387e+00
7.312732791431452384e+00
1.070474469691662733e+01
8.740387444736633427e+00
1.513879513212096128e+01
9.373021315815206478e+00
1.058513485680245481e+01
1.178062436274634450e+01
9.373021315815206478e+00
5.170882945826410726e+00
1.094004191971426110e+01
1.070474469691662733e+01
1.145179781116143225e+01
1.492705330360461602e+01
8.058239062071395509e+00
1.058513485680245481e+01
9.772050238058398008e+00
1.117038385124011413e+01
8.291859587312051971e+00
1.194164264288369282e+01
8.740387444736633427e+00
1.311058116710494836e+01
1.058513485680245481e+01
9.507891862878782518e+00
1.427299292922216978e+01
8.136857890256438353e+00
8.136857890256438353e+00
7.653039857325811823e+00
1.178062436274634450e+01
1.134007028277388685e+01
9.373021315815206478e+00
1.002925341359354938e+01
1.339876023397903637e+01
8.291859587312051971e+00
1.261566261010080048e+01
8.884866446580955923e+00
1.386575534383213970e+01
1.339876023397903637e+01
8.956231982162769611e+00
8.740387444736633427e+00
8.740387444736633427e+00
9.373021315815206478e+00
5.970821321441846408e+00
8.884866446580955923e+00
1.167204486311898926e+01
1.236077446474206631e+01
1.145179781116143225e+01
1.058513485680245481e+01
1.225733520300188317e+01
4.222008245644752300e+00
1.009253008808064145e+01
1.167204486311898926e+01
1.052482020710848865e+01
4.652426491681278087e+00
1.236077446474206631e+01
5.753627391751591880e+00
1.161737456321036532e+01
8.593479713983121826e+00
1.271618740744904485e+01
1.509668435477122017e+01
1.547155565579009817e+01
1.058513485680245481e+01
8.136857890256438353e+00
9.373021315815206478e+00
1.172646028567007725e+01
1.276615297284584649e+01
9.507891862878782518e+00
8.740387444736633427e+00
2.985410660720923204e+00
1.134007028277388685e+01
7.046725639945927711e+00
5.970821321441846408e+00
9.507891862878782518e+00
1.117038385124011413e+01
1.462546558286290477e+01
9.027033336764100468e+00
1.344618962205996482e+01
6.955796338302048021e+00
1.372732503515539548e+01
1.145179781116143225e+01
1.286550196516137312e+01
1.117038385124011413e+01
6.180387232371033157e+00
1.236077446474206631e+01
1.046415791390898242e+01
1.070474469691662733e+01
8.444016491289504600e+00
6.383076486422923246e+00
8.444016491289504600e+00
1.251433034574463399e+01
1.344618962205996482e+01
5.170882945826410726e+00
8.136857890256438353e+00
1.363425735166143049e+01
1.058513485680245481e+01
1.286550196516137312e+01
1.134007028277388685e+01
1.296408962885714899e+01
7.898654169668588132e+00
8.812923024107547576e+00
1.058513485680245481e+01
1.210051848659980855e+01
1.325545386523797831e+01
9.965574970333758387e+00
1.178062436274634450e+01
9.965574970333758387e+00
9.373021315815206478e+00
1.368087033328175828e+01
1.128379167095512559e+00
9.373021315815206478e+00
7.898654169668588132e+00
1.002925341359354938e+01
9.304852983362556174e+00
5.753627391751591880e+00
