1.261566261010080048e+01
1.400281721259029588e+01
1.117038385124011413e+01
8.136857890256438353e+00
1.117038385124011413e+01
8.291859587312051971e+00
1.117038385124011413e+01
1.058513485680245481e+01
1.105581278308273596e+01
9.965574970333758387e+00
1.530607971465162365e+01
7.817640190446718762e+00
1.058513485680245481e+01
1.161737456321036532e+01
6.770275002573075795e+00
7.312732791431452384e+00
8.956231982162769611e+00
3.568248232305542444e+00
9.965574970333758387e+00
7.898654169668588132e+00
1.021790793990058255e+01
8.593479713983121826e+00
1.409345127989185542e+01
9.574614729634383536e+00
1.058513485680245481e+01
1.105581278308273596e+01
7.484820637019110379e+00
9.373021315815206478e+00
1.034176589165282145e+01
1.058513485680245481e+01
1.117038385124011413e+01
1.391159267660409604e+01
8.136857890256438353e+00
1.058513485680245481e+01
9.965574970333758387e+00
1.070474469691662733e+01
5.292567428401227403e+00
8.291859587312051971e+00
1.105581278308273596e+01
8.884866446580955923e+00
1.251433034574463399e+01
9.965574970333758387e+00
9.507891862878782518e+00
1.381976597885341995e+01
8.291859587312051971e+00
8.740387444736633427e+00
7.569397566060480642e+00
3.742410318509555189e+00
1.082303275961201905e+01
4.787307364817191768e+00
1.117038385124011413e+01
3.191538243211461623e+00
4.370193722368316713e+00
9.640875829802336483e+00
4.068428945128219176e+00
9.574614729634383536e+00
8.740387444736633427e+00
1.236077446474206631e+01
8.740387444736633427e+00
1.172646028567007725e+01
4.787307364817191768e+00
1.276615297284584649e+01
1.256509862862843541e+01
9.027033336764100468e+00
9.027033336764100468e+00
8.593479713983121826e+00
9.440697438826296306e+00
7.312732791431452384e+00
8.740387444736633427e+00
1.070474469691662733e+01
1.183454054540639433e+01
1.117038385124011413e+01
1.046415791390898242e+01
6.863662517577697741e+00
1.161737456321036532e+01
9.965574970333758387e+00
5.753627391751591880e+00
1.094004191971426110e+01
9.965574970333758387e+00
6.863662517577697741e+00
1.225733520300188317e+01
7.484820637019110379e+00
5.170882945826410726e+00
1.122723095552866468e+01
8.444016491289504600e+00
1.150725478350318376e+01
3.568248232305542444e+00
1.413855043925722121e+01
6.675581178124545545e+00
1.409345127989185542e+01
1.040314189572019821e+01
8.136857890256438353e+00
9.027033336764100468e+00
1.064510777218481152e+01
1.236077446474206631e+01
9.373021315815206478e+00
7.046725639945927711e+00
6.383076486422923246e+00
8.593479713983121826e+00
2.763953195770683990e+00
5.411516379806009525e+00
1.099807968464679142e+01
8.136857890256438353e+00
7.399277020331918919e+00
9.236181543108379799e+00
1.117038385124011413e+01
8.740387444736633427e+00
1.354055000514615159e+01
8.136857890256438353e+00
1.296408962885714899e+01
1.325545386523797831e+01
1.094004191971426110e+01
1.210051848659980855e+01
1.082303275961201905e+01
7.653039857325811823e+00
1.183454054540639433e+01
1.058513485680245481e+01
1.058513485680245481e+01
8.136857890256438353e+00
8.740387444736633427e+00
8.740387444736633427e+00
1.183454054540639433e+01
1.325545386523797831e+01
7.735777827895049086e+00
8.136857890256438353e+00
1.296408962885714899e+01
1.058513485680245481e+01
1.215301555949299761e+01
1.117038385124011413e+01
1.199483507827737583e+01
8.136857890256438353e+00
9.373021315815206478e+00
1.058513485680245481e+01
1.172646028567007725e+01
1.009253008808064145e+01
1.172646028567007725e+01
1.178062436274634450e+01
9.236181543108379799e+00
4.918490759365934828e+00
6.863662517577697741e+00
9.373021315815206478e+00
3.742410318509555189e+00
1.291488987023529766e+01
9.097283682934460103e+00
8.136857890256438353e+00
5.046265044040320724e+00
9.965574970333758387e+00
8.812923024107547576e+00
7.046725639945927711e+00
