1.409345127989185542e+01
1.518078909665319287e+01
1.150725478350318376e+01
4.370193722368316713e+00
1.178062436274634450e+01
6.482044814428574497e+00
1.117038385124011413e+01
1.088169461344923583e+01
1.117038385124011413e+01
1.046415791390898242e+01
1.718695942796624365e+01
1.058513485680245481e+01
1.215301555949299761e+01
5.170882945826410726e+00
5.753627391751591880e+00
8.740387444736633427e+00
9.965574970333758387e+00
6.180387232371033157e+00
1.145179781116143225e+01
8.740387444736633427e+00
1.538904010394216471e+01
9.166995688475081394e+00
1.058513485680245481e+01
1.178062436274634450e+01
9.097283682934460103e+00
1.117038385124011413e+01
1.156244577056221523e+01
1.178062436274634450e+01
1.583755632390385770e+01
6.863662517577697741e+00
1.058513485680245481e+01
9.373021315815206478e+00
1.178062436274634450e+01
8.136857890256438353e+00
1.215301555949299761e+01
8.740387444736633427e+00
1.339876023397903637e+01
1.058513485680245481e+01
9.507891862878782518e+00
1.479855404066383784e+01
7.225151993843566878e+00
7.312732791431452384e+00
7.225151993843566878e+00
1.178062436274634450e+01
1.167204486311898926e+01
9.373021315815206478e+00
1.046415791390898242e+01
1.363425735166143049e+01
8.136857890256438353e+00
1.261566261010080048e+01
9.373021315815206478e+00
1.471226436021925466e+01
1.372732503515539548e+01
8.667244841319218907e+00
8.740387444736633427e+00
9.373021315815206478e+00
8.740387444736633427e+00
1.296408962885714899e+01
1.199483507827737583e+01
1.172646028567007725e+01
1.105581278308273596e+01
1.306193320280393344e+01
1.009253008808064145e+01
1.199483507827737583e+01
1.052482020710848865e+01
1.271618740744904485e+01
8.812923024107547576e+00
1.178062436274634450e+01
1.330339418036568588e+01
1.567594437773643001e+01
1.607692842495848140e+01
1.058513485680245481e+01
7.484820637019110379e+00
9.304852983362556174e+00
1.188821220645068522e+01
1.296408962885714899e+01
9.965574970333758387e+00
8.444016491289504600e+00
1.266602473693425601e+01
9.706684619910241452e+00
3.908820095223359381e+00
1.156244577056221523e+01
1.496964127403822076e+01
9.373021315815206478e+00
1.418350619798065715e+01
3.385137501286537898e+00
1.413855043925722121e+01
1.178062436274634450e+01
1.386575534383213970e+01
1.172646028567007725e+01
1.301310337505149661e+01
1.040314189572019821e+01
1.117038385124011413e+01
8.136857890256438353e+00
8.444016491289504600e+00
1.358748446131948917e+01
1.363425735166143049e+01
8.136857890256438353e+00
1.395727947504383337e+01
1.372732503515539548e+01
1.058513485680245481e+01
1.161737456321036532e+01
1.391159267660409604e+01
6.863662517577697741e+00
8.136857890256438353e+00
1.117038385124011413e+01
1.246335526484300615e+01
1.368087033328175828e+01
9.836981518731869656e+00
1.178062436274634450e+01
9.965574970333758387e+00
9.507891862878782518e+00
1.377362305878664728e+01
9.772050238058398008e+00
9.901487006738307173e+00
5.753627391751591880e+00
9.574614729634383536e+00
