1.449429283826230197e+01
1.271618740744904485e+01
1.117038385124011413e+01
8.136857890256438353e+00
1.117038385124011413e+01
8.214724333230154940e+00
1.117038385124011413e+01
1.058513485680245481e+01
1.117038385124011413e+01
9.965574970333758387e+00
1.551264883747923129e+01
7.817640190446718762e+00
1.058513485680245481e+01
1.204779266504070279e+01
7.225151993843566878e+00
6.383076486422923246e+00
8.884866446580955923e+00
9.965574970333758387e+00
7.817640190446718762e+00
1.028002345391383443e+01
8.593479713983121826e+00
1.418350619798065715e+01
9.574614729634383536e+00
1.058513485680245481e+01
1.117038385124011413e+01
7.312732791431452384e+00
9.373021315815206478e+00
1.052482020710848865e+01
1.058513485680245481e+01
1.117038385124011413e+01
1.440618081907316395e+01
8.136857890256438353e+00
1.058513485680245481e+01
9.901487006738307173e+00
1.076405121554611632e+01
4.513516668382050234e+00
8.291859587312051971e+00
1.117038385124011413e+01
8.884866446580955923e+00
1.281592373849173683e+01
1.028002345391383443e+01
9.507891862878782518e+00
1.400281721259029588e+01
8.136857890256438353e+00
8.740387444736633427e+00
8.058239062071395509e+00
1.145179781116143225e+01
1.111324596323282954e+01
2.523132522020160362e+00
9.574614729634383536e+00
9.965574970333758387e+00
1.271618740744904485e+01
8.740387444736633427e+00
1.225733520300188317e+01
8.884866446580955923e+00
2.985410660720923204e+00
1.320733953636073110e+01
1.271618740744904485e+01
9.027033336764100468e+00
9.027033336764100468e+00
8.667244841319218907e+00
9.373021315815206478e+00
7.225151993843566878e+00
8.740387444736633427e+00
1.088169461344923583e+01
1.204779266504070279e+01
1.117038385124011413e+01
1.052482020710848865e+01
6.863662517577697741e+00
1.167204486311898926e+01
9.965574970333758387e+00
1.099807968464679142e+01
5.170882945826410726e+00
9.965574970333758387e+00
6.863662517577697741e+00
1.236077446474206631e+01
7.225151993843566878e+00
1.139607097042601680e+01
8.291859587312051971e+00
3.908820095223359381e+00
1.210051848659980855e+01
1.422831991532699902e+01
6.383076486422923246e+00
1.436192209445157708e+01
1.058513485680245481e+01
8.136857890256438353e+00
9.027033336764100468e+00
1.145179781116143225e+01
1.246335526484300615e+01
9.373021315815206478e+00
6.863662517577697741e+00
5.527906391541367981e+00
8.593479713983121826e+00
1.117038385124011413e+01
4.370193722368316713e+00
7.978845608028653835e+00
7.399277020331918919e+00
9.373021315815206478e+00
1.117038385124011413e+01
8.740387444736633427e+00
1.381976597885341995e+01
7.978845608028653835e+00
1.296408962885714899e+01
1.335116235624909109e+01
1.105581278308273596e+01
1.241217083805063837e+01
1.094004191971426110e+01
7.312732791431452384e+00
1.194164264288369282e+01
1.058513485680245481e+01
1.058513485680245481e+01
7.898654169668588132e+00
8.740387444736633427e+00
8.740387444736633427e+00
1.210051848659980855e+01
1.339876023397903637e+01
7.484820637019110379e+00
8.136857890256438353e+00
1.296408962885714899e+01
1.058513485680245481e+01
1.225733520300188317e+01
1.117038385124011413e+01
1.225733520300188317e+01
8.136857890256438353e+00
9.373021315815206478e+00
1.058513485680245481e+01
1.183454054540639433e+01
1.009253008808064145e+01
1.246335526484300615e+01
1.178062436274634450e+01
9.772050238058398008e+00
6.482044814428574497e+00
9.373021315815206478e+00
3.568248232305542444e+00
1.296408962885714899e+01
9.097283682934460103e+00
8.136857890256438353e+00
9.965574970333758387e+00
3.908820095223359381e+00
9.027033336764100468e+00
7.136496464611084889e+00
