1.479855404066383784e+01
1.296408962885714899e+01
1.117038385124011413e+01
6.955796338302048021e+00
1.145179781116143225e+01
7.978845608028653835e+00
1.117038385124011413e+01
1.088169461344923583e+01
1.117038385124011413e+01
9.965574970333758387e+00
1.666031874701878124e+01
6.863662517577697741e+00
1.058513485680245481e+01
1.210051848659980855e+01
7.225151993843566878e+00
8.740387444736633427e+00
9.965574970333758387e+00
7.312732791431452384e+00
1.082303275961201905e+01
8.740387444736633427e+00
1.513879513212096128e+01
9.373021315815206478e+00
1.058513485680245481e+01
1.178062436274634450e+01
9.373021315815206478e+00
4.513516668382050234e+00
1.105581278308273596e+01
1.070474469691662733e+01
1.150725478350318376e+01
1.496964127403822076e+01
7.898654169668588132e+00
1.058513485680245481e+01
9.574614729634383536e+00
1.128379167095512514e+01
8.291859587312051971e+00
1.199483507827737583e+01
8.740387444736633427e+00
1.315904928495908166e+01
1.058513485680245481e+01
9.507891862878782518e+00
1.431752655671925822e+01
8.136857890256438353e+00
8.136857890256438353e+00
7.569397566060480642e+00
1.178062436274634450e+01
1.134007028277388685e+01
9.373021315815206478e+00
1.015541250385961369e+01
1.339876023397903637e+01
8.291859587312051971e+00
1.266602473693425601e+01
8.884866446580955923e+00
1.391159267660409604e+01
1.339876023397903637e+01
8.884866446580955923e+00
8.812923024107547576e+00
8.740387444736633427e+00
9.373021315815206478e+00
5.641895835477562571e+00
8.884866446580955923e+00
1.167204486311898926e+01
1.236077446474206631e+01
1.156244577056221523e+01
1.064510777218481152e+01
1.225733520300188317e+01
3.191538243211461623e+00
1.009253008808064145e+01
1.172646028567007725e+01
1.052482020710848865e+01
3.742410318509555189e+00
1.241217083805063837e+01
4.918490759365934828e+00
1.161737456321036532e+01
8.593479713983121826e+00
1.281592373849173683e+01
1.518078909665319287e+01
1.559451034962034477e+01
1.058513485680245481e+01
8.136857890256438353e+00
9.373021315815206478e+00
1.178062436274634450e+01
1.276615297284584649e+01
9.574614729634383536e+00
8.740387444736633427e+00
1.145179781116143225e+01
6.863662517577697741e+00
9.772050238058398008e+00
5.753627391751591880e+00
1.117038385124011413e+01
1.466892917224166482e+01
9.027033336764100468e+00
1.354055000514615159e+01
6.955796338302048021e+00
1.377362305878664728e+01
1.150725478350318376e+01
1.286550196516137312e+01
1.117038385124011413e+01
5.970821321441846408e+00
1.236077446474206631e+01
1.046415791390898242e+01
1.070474469691662733e+01
8.444016491289504600e+00
6.076507779746498805e+00
8.444016491289504600e+00
1.256509862862843541e+01
1.344618962205996482e+01
4.787307364817191768e+00
8.136857890256438353e+00
1.368087033328175828e+01
1.058513485680245481e+01
1.286550196516137312e+01
1.145179781116143225e+01
1.311058116710494836e+01
7.735777827895049086e+00
8.812923024107547576e+00
1.058513485680245481e+01
1.215301555949299761e+01
1.335116235624909109e+01
9.965574970333758387e+00
1.178062436274634450e+01
9.965574970333758387e+00
9.373021315815206478e+00
1.368087033328175828e+01
9.304852983362556174e+00
7.735777827895049086e+00
1.021790793990058255e+01
9.440697438826296306e+00
5.527906391541367981e+00
