1.363425735166143049e+01
1.484151074652385738e+01
1.145179781116143225e+01
6.282549314314217703e+00
1.178062436274634450e+01
7.312732791431452384e+00
1.117038385124011413e+01
1.088169461344923583e+01
1.117038385124011413e+01
1.009253008808064145e+01
1.711271735549580697e+01
1.058513485680245481e+01
6.076507779746498805e+00
1.215301555949299761e+01
6.675581178124545545e+00
8.740387444736633427e+00
9.965574970333758387e+00
6.482044814428574497e+00
1.117038385124011413e+01
8.740387444736633427e+00
1.534761596392107741e+01
9.373021315815206478e+00
1.058513485680245481e+01
1.178062436274634450e+01
9.236181543108379799e+00
1.117038385124011413e+01
1.139607097042601680e+01
1.178062436274634450e+01
1.543035303761632804e+01
7.312732791431452384e+00
1.058513485680245481e+01
9.373021315815206478e+00
1.167204486311898926e+01
8.136857890256438353e+00
1.204779266504070279e+01
8.740387444736633427e+00
1.325545386523797831e+01
1.058513485680245481e+01
9.507891862878782518e+00
1.445030398768713376e+01
7.817640190446718762e+00
7.978845608028653835e+00
7.484820637019110379e+00
1.178062436274634450e+01
1.145179781116143225e+01
9.373021315815206478e+00
1.034176589165282145e+01
1.358748446131948917e+01
8.136857890256438353e+00
1.261566261010080048e+01
9.304852983362556174e+00
1.445030398768713376e+01
1.363425735166143049e+01
8.740387444736633427e+00
8.740387444736633427e+00
9.507891862878782518e+00
9.027033336764100468e+00
1.199483507827737583e+01
1.261566261010080048e+01
1.161737456321036532e+01
1.094004191971426110e+01
1.291488987023529766e+01
1.009253008808064145e+01
1.183454054540639433e+01
1.052482020710848865e+01
1.261566261010080048e+01
9.027033336764100468e+00
1.167204486311898926e+01
1.311058116710494836e+01
1.543035303761632804e+01
1.603728119216292924e+01
1.058513485680245481e+01
7.978845608028653835e+00
9.304852983362556174e+00
1.188821220645068522e+01
1.276615297284584649e+01
9.640875829802336483e+00
8.444016491289504600e+00
1.225733520300188317e+01
6.076507779746498805e+00
9.836981518731869656e+00
1.134007028277388685e+01
1.475547227809780537e+01
9.236181543108379799e+00
1.404820733880128181e+01
5.753627391751591880e+00
1.395727947504383337e+01
1.178062436274634450e+01
1.354055000514615159e+01
1.156244577056221523e+01
1.251433034574463399e+01
1.046415791390898242e+01
1.094004191971426110e+01
8.136857890256438353e+00
4.513516668382050234e+00
8.368283871884004910e+00
1.325545386523797831e+01
1.349345229721172146e+01
8.136857890256438353e+00
1.381976597885341995e+01
1.335116235624909109e+01
1.058513485680245481e+01
1.156244577056221523e+01
1.354055000514615159e+01
7.225151993843566878e+00
8.812923024107547576e+00
1.088169461344923583e+01
1.220528683538465842e+01
1.363425735166143049e+01
9.965574970333758387e+00
1.178062436274634450e+01
9.965574970333758387e+00
9.507891862878782518e+00
1.368087033328175828e+01
9.706684619910241452e+00
1.002925341359354938e+01
6.955796338302048021e+00
9.574614729634383536e+00
