1.475547227809780537e+01
1.296408962885714899e+01
1.117038385124011413e+01
7.569397566060480642e+00
1.122723095552866468e+01
7.817640190446718762e+00
1.117038385124011413e+01
1.094004191971426110e+01
1.117038385124011413e+01
9.965574970333758387e+00
1.607692842495848140e+01
7.046725639945927711e+00
1.058513485680245481e+01
1.210051848659980855e+01
7.484820637019110379e+00
4.222008245644752300e+00
8.740387444736633427e+00
9.965574970333758387e+00
7.312732791431452384e+00
1.058513485680245481e+01
8.884866446580955923e+00
1.513879513212096128e+01
9.373021315815206478e+00
1.058513485680245481e+01
1.178062436274634450e+01
9.373021315815206478e+00
5.753627391751591880e+00
1.088169461344923583e+01
1.070474469691662733e+01
1.134007028277388685e+01
1.488434347843123184e+01
8.136857890256438353e+00
1.058513485680245481e+01
9.772050238058398008e+00
1.117038385124011413e+01
8.444016491289504600e+00
1.188821220645068522e+01
8.740387444736633427e+00
1.301310337505149661e+01
1.046415791390898242e+01
9.507891862878782518e+00
1.418350619798065715e+01
8.136857890256438353e+00
8.136857890256438353e+00
8.058239062071395509e+00
1.167204486311898926e+01
1.134007028277388685e+01
9.373021315815206478e+00
1.002925341359354938e+01
1.330339418036568588e+01
8.519075891779829490e+00
1.266602473693425601e+01
8.884866446580955923e+00
1.377362305878664728e+01
1.339876023397903637e+01
9.097283682934460103e+00
8.740387444736633427e+00
8.740387444736633427e+00
9.373021315815206478e+00
6.282549314314217703e+00
8.740387444736633427e+00
1.167204486311898926e+01
1.236077446474206631e+01
1.134007028277388685e+01
1.058513485680245481e+01
1.210051848659980855e+01
5.170882945826410726e+00
1.009253008808064145e+01
1.156244577056221523e+01
1.052482020710848865e+01
5.292567428401227403e+00
1.236077446474206631e+01
5.753627391751591880e+00
1.150725478350318376e+01
8.444016491289504600e+00
1.266602473693425601e+01
1.496964127403822076e+01
1.509668435477122017e+01
1.058513485680245481e+01
8.136857890256438353e+00
9.373021315815206478e+00
1.167204486311898926e+01
1.276615297284584649e+01
9.507891862878782518e+00
8.740387444736633427e+00
4.513516668382050234e+00
1.117038385124011413e+01
7.225151993843566878e+00
6.482044814428574497e+00
9.507891862878782518e+00
1.117038385124011413e+01
1.440618081907316395e+01
8.956231982162769611e+00
7.225151993843566878e+00
1.335116235624909109e+01
1.368087033328175828e+01
1.128379167095512514e+01
1.281592373849173683e+01
1.117038385124011413e+01
6.482044814428574497e+00
1.236077446474206631e+01
1.046415791390898242e+01
1.070474469691662733e+01
8.593479713983121826e+00
6.863662517577697741e+00
8.593479713983121826e+00
1.236077446474206631e+01
1.344618962205996482e+01
6.076507779746498805e+00
8.136857890256438353e+00
1.344618962205996482e+01
1.058513485680245481e+01
1.261566261010080048e+01
1.134007028277388685e+01
1.286550196516137312e+01
7.978845608028653835e+00
9.373021315815206478e+00
1.058513485680245481e+01
1.204779266504070279e+01
1.320733953636073110e+01
9.965574970333758387e+00
1.178062436274634450e+01
9.965574970333758387e+00
9.373021315815206478e+00
4.222008245644752300e+00
1.354055000514615159e+01
9.236181543108379799e+00
8.136857890256438353e+00
1.002925341359354938e+01
9.304852983362556174e+00
5.753627391751591880e+00
