1.427299292922216978e+01
1.526443044094783019e+01
1.161737456321036532e+01
1.128379167095512559e+00
1.178062436274634450e+01
1.117038385124011413e+01
6.180387232371033157e+00
1.082303275961201905e+01
1.117038385124011413e+01
1.058513485680245481e+01
1.737117647432762624e+01
1.058513485680245481e+01
1.215301555949299761e+01
4.068428945128219176e+00
5.753627391751591880e+00
8.740387444736633427e+00
9.965574970333758387e+00
5.527906391541367981e+00
1.167204486311898926e+01
8.812923024107547576e+00
1.551264883747923129e+01
9.166995688475081394e+00
1.058513485680245481e+01
1.178062436274634450e+01
9.027033336764100468e+00
1.117038385124011413e+01
1.167204486311898926e+01
1.178062436274634450e+01
1.603728119216292924e+01
6.863662517577697741e+00
1.058513485680245481e+01
9.373021315815206478e+00
1.178062436274634450e+01
8.136857890256438353e+00
1.215301555949299761e+01
8.740387444736633427e+00
1.339876023397903637e+01
1.058513485680245481e+01
9.507891862878782518e+00
1.488434347843123184e+01
6.863662517577697741e+00
7.046725639945927711e+00
6.863662517577697741e+00
1.178062436274634450e+01
1.167204486311898926e+01
9.373021315815206478e+00
1.058513485680245481e+01
1.368087033328175828e+01
8.136857890256438353e+00
1.261566261010080048e+01
9.373021315815206478e+00
1.479855404066383784e+01
1.381976597885341995e+01
8.291859587312051971e+00
8.593479713983121826e+00
9.373021315815206478e+00
8.740387444736633427e+00
1.306193320280393344e+01
1.194164264288369282e+01
1.178062436274634450e+01
1.105581278308273596e+01
1.311058116710494836e+01
1.002925341359354938e+01
1.183454054540639433e+01
1.052482020710848865e+01
1.271618740744904485e+01
8.884866446580955923e+00
1.178062436274634450e+01
1.349345229721172146e+01
1.571650316319191809e+01
1.607692842495848140e+01
1.058513485680245481e+01
9.304852983362556174e+00
1.188821220645068522e+01
7.225151993843566878e+00
1.306193320280393344e+01
1.021790793990058255e+01
8.884866446580955923e+00
1.276615297284584649e+01
9.640875829802336483e+00
1.156244577056221523e+01
1.496964127403822076e+01
9.373021315815206478e+00
1.427299292922216978e+01
1.413855043925722121e+01
1.210051848659980855e+01
1.422831991532699902e+01
1.172646028567007725e+01
1.306193320280393344e+01
1.040314189572019821e+01
1.117038385124011413e+01
8.136857890256438353e+00
8.291859587312051971e+00
1.363425735166143049e+01
1.368087033328175828e+01
8.136857890256438353e+00
1.413855043925722121e+01
1.381976597885341995e+01
1.058513485680245481e+01
1.178062436274634450e+01
1.391159267660409604e+01
6.579524642479540830e+00
7.653039857325811823e+00
1.117038385124011413e+01
1.251433034574463399e+01
1.368087033328175828e+01
9.836981518731869656e+00
1.183454054540639433e+01
9.965574970333758387e+00
9.507891862878782518e+00
1.377362305878664728e+01
9.836981518731869656e+00
9.772050238058398008e+00
5.527906391541367981e+00
9.507891862878782518e+00
