1.599753570059363028e+01
1.627371578051287671e+01
1.178062436274634450e+01
1.220528683538465842e+01
1.111324596323282954e+01
9.965574970333758387e+00
1.117038385124011413e+01
1.058513485680245481e+01
1.904923279949933956e+01
1.015541250385961369e+01
1.225733520300188317e+01
7.898654169668588132e+00
9.772050238058398008e+00
1.404820733880128181e+01
1.711271735549580697e+01
6.675581178124545545e+00
1.058513485680245481e+01
1.315904928495908166e+01
5.170882945826410726e+00
7.225151993843566878e+00
1.117038385124011413e+01
1.860970596672511235e+01
1.210051848659980855e+01
1.315904928495908166e+01
1.058513485680245481e+01
6.863662517577697741e+00
1.167204486311898926e+01
1.281592373849173683e+01
4.652426491681278087e+00
9.373021315815206478e+00
1.488434347843123184e+01
1.094004191971426110e+01
1.021790793990058255e+01
1.654528640181426269e+01
1.145179781116143225e+01
1.167204486311898926e+01
9.236181543108379799e+00
1.479855404066383784e+01
1.058513485680245481e+01
8.740387444736633427e+00
1.311058116710494836e+01
7.136496464611084889e+00
1.673656774376800982e+01
1.484151074652385738e+01
8.740387444736633427e+00
7.225151993843566878e+00
1.484151074652385738e+01
8.136857890256438353e+00
1.183454054540639433e+01
1.122723095552866468e+01
1.094004191971426110e+01
1.377362305878664728e+01
9.965574970333758387e+00
1.199483507827737583e+01
9.373021315815206478e+00
1.241217083805063837e+01
1.156244577056221523e+01
8.136857890256438353e+00
1.484151074652385738e+01
1.685029431422315938e+01
1.769793569896924623e+01
9.706684619910241452e+00
1.183454054540639433e+01
7.569397566060480642e+00
1.358748446131948917e+01
1.034176589165282145e+01
7.399277020331918919e+00
1.325545386523797831e+01
6.282549314314217703e+00
1.150725478350318376e+01
1.595769121605730767e+01
8.136857890256438353e+00
1.445030398768713376e+01
1.475547227809780537e+01
1.358748446131948917e+01
1.492705330360461602e+01
1.215301555949299761e+01
1.349345229721172146e+01
9.236181543108379799e+00
1.082303275961201905e+01
1.522266721510391640e+01
1.427299292922216978e+01
8.058239062071395509e+00
1.484151074652385738e+01
1.534761596392107741e+01
1.040314189572019821e+01
1.178062436274634450e+01
1.445030398768713376e+01
1.236077446474206631e+01
1.381976597885341995e+01
1.413855043925722121e+01
1.276615297284584649e+01
8.368283871884004910e+00
1.034176589165282145e+01
9.772050238058398008e+00
1.440618081907316395e+01
9.836981518731869656e+00
7.046725639945927711e+00
9.027033336764100468e+00
