1.445030398768713376e+01
1.526443044094783019e+01
1.167204486311898926e+01
1.183454054540639433e+01
1.117038385124011413e+01
5.527906391541367981e+00
1.082303275961201905e+01
1.117038385124011413e+01
1.070474469691662733e+01
1.762584604821509515e+01
1.058513485680245481e+01
1.215301555949299761e+01
4.787307364817191768e+00
8.740387444736633427e+00
9.965574970333758387e+00
1.194164264288369282e+01
5.170882945826410726e+00
8.740387444736633427e+00
1.551264883747923129e+01
9.166995688475081394e+00
1.058513485680245481e+01
1.178062436274634450e+01
9.027033336764100468e+00
1.117038385124011413e+01
1.167204486311898926e+01
1.178062436274634450e+01
1.619528777809902209e+01
6.282549314314217703e+00
1.058513485680245481e+01
9.166995688475081394e+00
1.178062436274634450e+01
8.136857890256438353e+00
1.225733520300188317e+01
8.740387444736633427e+00
1.349345229721172146e+01
1.058513485680245481e+01
9.507891862878782518e+00
1.492705330360461602e+01
6.863662517577697741e+00
6.863662517577697741e+00
6.955796338302048021e+00
1.178062436274634450e+01
1.167204486311898926e+01
9.373021315815206478e+00
7.225151993843566878e+00
1.058513485680245481e+01
1.368087033328175828e+01
8.136857890256438353e+00
1.261566261010080048e+01
9.373021315815206478e+00
1.488434347843123184e+01
1.391159267660409604e+01
7.978845608028653835e+00
8.444016491289504600e+00
9.373021315815206478e+00
8.740387444736633427e+00
1.306193320280393344e+01
1.188821220645068522e+01
1.178062436274634450e+01
1.105581278308273596e+01
1.315904928495908166e+01
9.965574970333758387e+00
1.183454054540639433e+01
1.046415791390898242e+01
1.266602473693425601e+01
8.884866446580955923e+00
1.178062436274634450e+01
1.354055000514615159e+01
1.583755632390385770e+01
1.611647812414279102e+01
1.058513485680245481e+01
9.236181543108379799e+00
1.188821220645068522e+01
6.863662517577697741e+00
1.306193320280393344e+01
1.015541250385961369e+01
8.740387444736633427e+00
1.281592373849173683e+01
9.507891862878782518e+00
1.150725478350318376e+01
1.501210842680413826e+01
9.373021315815206478e+00
1.427299292922216978e+01
1.413855043925722121e+01
1.215301555949299761e+01
1.431752655671925822e+01
1.172646028567007725e+01
1.306193320280393344e+01
1.040314189572019821e+01
1.117038385124011413e+01
8.058239062071395509e+00
8.136857890256438353e+00
1.368087033328175828e+01
1.368087033328175828e+01
8.291859587312051971e+00
1.413855043925722121e+01
1.386575534383213970e+01
1.058513485680245481e+01
1.178062436274634450e+01
1.400281721259029588e+01
5.863230142835038627e+00
1.134007028277388685e+01
7.399277020331918919e+00
1.251433034574463399e+01
1.368087033328175828e+01
9.836981518731869656e+00
1.194164264288369282e+01
9.965574970333758387e+00
9.574614729634383536e+00
1.377362305878664728e+01
1.002925341359354938e+01
9.640875829802336483e+00
4.513516668382050234e+00
9.507891862878782518e+00
