1.458187244392064308e+01
1.271618740744904485e+01
1.117038385124011413e+01
8.136857890256438353e+00
1.117038385124011413e+01
8.058239062071395509e+00
1.117038385124011413e+01
1.058513485680245481e+01
1.117038385124011413e+01
9.965574970333758387e+00
1.559451034962034477e+01
7.569397566060480642e+00
1.058513485680245481e+01
1.204779266504070279e+01
7.225151993843566878e+00
6.383076486422923246e+00
8.884866446580955923e+00
9.965574970333758387e+00
7.817640190446718762e+00
1.034176589165282145e+01
8.593479713983121826e+00
1.427299292922216978e+01
9.574614729634383536e+00
1.058513485680245481e+01
1.128379167095512514e+01
6.955796338302048021e+00
9.373021315815206478e+00
1.052482020710848865e+01
1.058513485680245481e+01
1.117038385124011413e+01
1.445030398768713376e+01
8.136857890256438353e+00
1.058513485680245481e+01
9.901487006738307173e+00
1.088169461344923583e+01
4.068428945128219176e+00
8.368283871884004910e+00
1.150725478350318376e+01
8.884866446580955923e+00
1.286550196516137312e+01
1.040314189572019821e+01
9.507891862878782518e+00
1.400281721259029588e+01
8.136857890256438353e+00
8.740387444736633427e+00
8.058239062071395509e+00
1.145179781116143225e+01
1.122723095552866468e+01
9.507891862878782518e+00
1.021790793990058255e+01
1.291488987023529766e+01
8.740387444736633427e+00
1.251433034574463399e+01
9.027033336764100468e+00
1.335116235624909109e+01
1.286550196516137312e+01
9.097283682934460103e+00
8.956231982162769611e+00
8.884866446580955923e+00
9.373021315815206478e+00
7.136496464611084889e+00
8.740387444736633427e+00
1.099807968464679142e+01
1.210051848659980855e+01
1.117038385124011413e+01
1.058513485680245481e+01
6.770275002573075795e+00
1.167204486311898926e+01
9.965574970333758387e+00
1.105581278308273596e+01
5.170882945826410726e+00
9.965574970333758387e+00
6.863662517577697741e+00
1.236077446474206631e+01
7.225151993843566878e+00
1.139607097042601680e+01
8.291859587312051971e+00
2.985410660720923204e+00
1.225733520300188317e+01
1.436192209445157708e+01
6.076507779746498805e+00
1.453814859003845150e+01
1.058513485680245481e+01
8.136857890256438353e+00
9.027033336764100468e+00
1.150725478350318376e+01
1.246335526484300615e+01
9.373021315815206478e+00
6.482044814428574497e+00
8.593479713983121826e+00
5.046265044040320724e+00
1.117038385124011413e+01
3.742410318509555189e+00
7.898654169668588132e+00
7.312732791431452384e+00
9.373021315815206478e+00
1.117038385124011413e+01
8.740387444736633427e+00
1.381976597885341995e+01
7.978845608028653835e+00
1.296408962885714899e+01
1.335116235624909109e+01
1.111324596323282954e+01
1.241217083805063837e+01
1.094004191971426110e+01
7.312732791431452384e+00
1.199483507827737583e+01
1.052482020710848865e+01
1.058513485680245481e+01
7.735777827895049086e+00
8.740387444736633427e+00
8.740387444736633427e+00
1.215301555949299761e+01
1.339876023397903637e+01
7.225151993843566878e+00
8.136857890256438353e+00
1.296408962885714899e+01
1.058513485680245481e+01
1.225733520300188317e+01
1.117038385124011413e+01
1.236077446474206631e+01
8.136857890256438353e+00
9.373021315815206478e+00
1.058513485680245481e+01
1.188821220645068522e+01
1.009253008808064145e+01
1.271618740744904485e+01
1.178062436274634450e+01
9.772050238058398008e+00
6.383076486422923246e+00
9.373021315815206478e+00
1.330339418036568588e+01
9.097283682934460103e+00
8.136857890256438353e+00
9.965574970333758387e+00
9.166995688475081394e+00
7.046725639945927711e+00
