1.225733520300188317e+01
1.306193320280393344e+01
1.105581278308273596e+01
8.136857890256438353e+00
1.105581278308273596e+01
8.444016491289504600e+00
1.117038385124011413e+01
1.058513485680245481e+01
4.370193722368316713e+00
1.058513485680245481e+01
9.965574970333758387e+00
1.440618081907316395e+01
7.569397566060480642e+00
1.046415791390898242e+01
1.088169461344923583e+01
6.863662517577697741e+00
7.399277020331918919e+00
8.956231982162769611e+00
5.641895835477562571e+00
9.965574970333758387e+00
7.312732791431452384e+00
4.918490759365934828e+00
1.021790793990058255e+01
4.513516668382050234e+00
8.444016491289504600e+00
5.170882945826410726e+00
9.507891862878782518e+00
4.222008245644752300e+00
1.320733953636073110e+01
1.040314189572019821e+01
1.070474469691662733e+01
7.484820637019110379e+00
9.097283682934460103e+00
9.965574970333758387e+00
1.034176589165282145e+01
1.117038385124011413e+01
8.291859587312051971e+00
1.058513485680245481e+01
9.772050238058398008e+00
1.330339418036568588e+01
1.058513485680245481e+01
6.383076486422923246e+00
8.291859587312051971e+00
1.058513485680245481e+01
9.027033336764100468e+00
1.215301555949299761e+01
9.574614729634383536e+00
9.507891862878782518e+00
1.339876023397903637e+01
8.136857890256438353e+00
8.884866446580955923e+00
7.569397566060480642e+00
6.076507779746498805e+00
6.383076486422923246e+00
1.070474469691662733e+01
5.863230142835038627e+00
1.070474469691662733e+01
5.753627391751591880e+00
9.640875829802336483e+00
4.513516668382050234e+00
6.076507779746498805e+00
8.740387444736633427e+00
8.740387444736633427e+00
1.167204486311898926e+01
8.593479713983121826e+00
6.180387232371033157e+00
1.105581278308273596e+01
1.246335526484300615e+01
1.178062436274634450e+01
8.812923024107547576e+00
8.956231982162769611e+00
8.444016491289504600e+00
9.706684619910241452e+00
7.735777827895049086e+00
8.740387444736633427e+00
1.046415791390898242e+01
1.117038385124011413e+01
1.117038385124011413e+01
1.021790793990058255e+01
7.225151993843566878e+00
1.099807968464679142e+01
9.965574970333758387e+00
6.579524642479540830e+00
1.070474469691662733e+01
9.772050238058398008e+00
7.569397566060480642e+00
1.215301555949299761e+01
7.898654169668588132e+00
6.180387232371033157e+00
1.070474469691662733e+01
8.740387444736633427e+00
5.753627391751591880e+00
1.117038385124011413e+01
3.568248232305542444e+00
1.349345229721172146e+01
7.225151993843566878e+00
8.136857890256438353e+00
8.740387444736633427e+00
1.372732503515539548e+01
1.009253008808064145e+01
9.965574970333758387e+00
1.230916348999737586e+01
9.373021315815206478e+00
5.753627391751591880e+00
7.046725639945927711e+00
7.399277020331918919e+00
8.519075891779829490e+00
6.579524642479540830e+00
1.064510777218481152e+01
8.136857890256438353e+00
7.569397566060480642e+00
9.236181543108379799e+00
1.105581278308273596e+01
8.740387444736633427e+00
1.296408962885714899e+01
8.136857890256438353e+00
1.276615297284584649e+01
1.315904928495908166e+01
1.058513485680245481e+01
1.070474469691662733e+01
1.178062436274634450e+01
8.058239062071395509e+00
1.167204486311898926e+01
1.046415791390898242e+01
1.058513485680245481e+01
8.136857890256438353e+00
8.740387444736633427e+00
8.740387444736633427e+00
1.134007028277388685e+01
1.315904928495908166e+01
8.291859587312051971e+00
8.291859587312051971e+00
1.271618740744904485e+01
1.058513485680245481e+01
1.172646028567007725e+01
1.117038385124011413e+01
1.128379167095512514e+01
8.136857890256438353e+00
2.985410660720923204e+00
9.507891862878782518e+00
1.058513485680245481e+01
1.150725478350318376e+01
9.772050238058398008e+00
1.070474469691662733e+01
5.292567428401227403e+00
1.128379167095512514e+01
6.579524642479540830e+00
7.399277020331918919e+00
8.884866446580955923e+00
9.373021315815206478e+00
5.170882945826410726e+00
1.246335526484300615e+01
9.097283682934460103e+00
6.579524642479540830e+00
8.136857890256438353e+00
9.772050238058398008e+00
8.667244841319218907e+00
2.763953195770683990e+00
7.136496464611084889e+00
5.170882945826410726e+00
