1.599753570059363028e+01
1.619528777809902209e+01
1.178062436274634450e+01
1.220528683538465842e+01
1.111324596323282954e+01
1.009253008808064145e+01
1.117038385124011413e+01
1.058513485680245481e+01
1.898227571077954323e+01
1.015541250385961369e+01
1.225733520300188317e+01
7.817640190446718762e+00
9.772050238058398008e+00
1.404820733880128181e+01
1.707547527140466670e+01
7.136496464611084889e+00
5.527906391541367981e+00
1.058513485680245481e+01
1.306193320280393344e+01
7.225151993843566878e+00
1.117038385124011413e+01
1.854116169711310036e+01
1.210051848659980855e+01
1.301310337505149661e+01
1.058513485680245481e+01
7.046725639945927711e+00
1.167204486311898926e+01
1.281592373849173683e+01
5.170882945826410726e+00
9.373021315815206478e+00
1.488434347843123184e+01
1.094004191971426110e+01
1.021790793990058255e+01
1.650676414605009157e+01
1.145179781116143225e+01
1.161737456321036532e+01
9.236181543108379799e+00
1.479855404066383784e+01
1.058513485680245481e+01
8.740387444736633427e+00
1.311058116710494836e+01
7.312732791431452384e+00
1.669848676668040710e+01
1.479855404066383784e+01
8.740387444736633427e+00
7.225151993843566878e+00
1.484151074652385738e+01
8.136857890256438353e+00
1.183454054540639433e+01
1.128379167095512514e+01
1.094004191971426110e+01
1.377362305878664728e+01
9.965574970333758387e+00
1.199483507827737583e+01
9.373021315815206478e+00
1.241217083805063837e+01
1.156244577056221523e+01
8.136857890256438353e+00
1.484151074652385738e+01
1.677456227108388731e+01
1.762584604821509515e+01
9.640875829802336483e+00
1.183454054540639433e+01
7.653039857325811823e+00
1.354055000514615159e+01
1.040314189572019821e+01
7.569397566060480642e+00
1.325545386523797831e+01
6.675581178124545545e+00
1.150725478350318376e+01
1.595769121605730767e+01
8.368283871884004910e+00
1.440618081907316395e+01
1.475547227809780537e+01
1.358748446131948917e+01
1.492705330360461602e+01
1.215301555949299761e+01
1.339876023397903637e+01
9.373021315815206478e+00
1.082303275961201905e+01
1.522266721510391640e+01
1.427299292922216978e+01
8.136857890256438353e+00
1.479855404066383784e+01
1.534761596392107741e+01
1.040314189572019821e+01
1.178062436274634450e+01
1.440618081907316395e+01
1.236077446474206631e+01
1.381976597885341995e+01
1.413855043925722121e+01
1.276615297284584649e+01
8.444016491289504600e+00
1.034176589165282145e+01
9.772050238058398008e+00
1.445030398768713376e+01
9.901487006738307173e+00
7.136496464611084889e+00
9.027033336764100468e+00
