1.579730833933717626e+01
1.607692842495848140e+01
1.178062436274634450e+01
1.225733520300188317e+01
1.117038385124011413e+01
1.028002345391383443e+01
1.117038385124011413e+01
1.058513485680245481e+01
1.888139487765259261e+01
1.028002345391383443e+01
1.225733520300188317e+01
8.058239062071395509e+00
9.772050238058398008e+00
1.395727947504383337e+01
1.696325844612841038e+01
7.569397566060480642e+00
6.863662517577697741e+00
1.058513485680245481e+01
1.271618740744904485e+01
7.484820637019110379e+00
1.117038385124011413e+01
1.836868202552426155e+01
1.204779266504070279e+01
1.296408962885714899e+01
1.058513485680245481e+01
7.484820637019110379e+00
1.178062436274634450e+01
1.291488987023529766e+01
6.180387232371033157e+00
9.373021315815206478e+00
1.484151074652385738e+01
1.099807968464679142e+01
1.009253008808064145e+01
1.627371578051287671e+01
1.145179781116143225e+01
1.161737456321036532e+01
9.373021315815206478e+00
1.466892917224166482e+01
1.058513485680245481e+01
9.097283682934460103e+00
1.306193320280393344e+01
8.136857890256438353e+00
1.650676414605009157e+01
1.471226436021925466e+01
7.735777827895049086e+00
9.027033336764100468e+00
1.458187244392064308e+01
8.136857890256438353e+00
1.183454054540639433e+01
1.134007028277388685e+01
1.094004191971426110e+01
1.372732503515539548e+01
9.965574970333758387e+00
1.199483507827737583e+01
9.772050238058398008e+00
1.241217083805063837e+01
1.156244577056221523e+01
8.593479713983121826e+00
1.475547227809780537e+01
1.658371917462410394e+01
1.751715531361111644e+01
1.002925341359354938e+01
8.136857890256438353e+00
1.194164264288369282e+01
1.339876023397903637e+01
1.058513485680245481e+01
7.978845608028653835e+00
1.325545386523797831e+01
7.312732791431452384e+00
1.150725478350318376e+01
1.583755632390385770e+01
8.593479713983121826e+00
1.436192209445157708e+01
1.458187244392064308e+01
1.358748446131948917e+01
1.484151074652385738e+01
1.215301555949299761e+01
1.344618962205996482e+01
9.373021315815206478e+00
1.082303275961201905e+01
1.501210842680413826e+01
1.427299292922216978e+01
8.368283871884004910e+00
1.453814859003845150e+01
1.509668435477122017e+01
1.046415791390898242e+01
1.178062436274634450e+01
1.436192209445157708e+01
1.236077446474206631e+01
1.377362305878664728e+01
1.404820733880128181e+01
1.266602473693425601e+01
8.740387444736633427e+00
1.034176589165282145e+01
9.901487006738307173e+00
1.445030398768713376e+01
9.965574970333758387e+00
7.735777827895049086e+00
9.166995688475081394e+00
