1.479855404066383784e+01
1.325545386523797831e+01
1.117038385124011413e+01
6.675581178124545545e+00
1.161737456321036532e+01
7.735777827895049086e+00
1.117038385124011413e+01
1.088169461344923583e+01
1.117038385124011413e+01
1.002925341359354938e+01
1.696325844612841038e+01
1.058513485680245481e+01
6.482044814428574497e+00
1.210051848659980855e+01
7.046725639945927711e+00
8.740387444736633427e+00
9.965574970333758387e+00
6.863662517577697741e+00
1.099807968464679142e+01
8.740387444736633427e+00
1.522266721510391640e+01
9.373021315815206478e+00
1.058513485680245481e+01
1.178062436274634450e+01
9.236181543108379799e+00
1.117038385124011413e+01
1.128379167095512514e+01
1.161737456321036532e+01
1.518078909665319287e+01
7.653039857325811823e+00
1.058513485680245481e+01
9.373021315815206478e+00
1.167204486311898926e+01
8.136857890256438353e+00
1.204779266504070279e+01
8.740387444736633427e+00
1.315904928495908166e+01
1.058513485680245481e+01
9.507891862878782518e+00
1.436192209445157708e+01
7.978845608028653835e+00
8.136857890256438353e+00
7.484820637019110379e+00
1.178062436274634450e+01
1.134007028277388685e+01
9.373021315815206478e+00
1.028002345391383443e+01
1.349345229721172146e+01
8.136857890256438353e+00
1.261566261010080048e+01
9.027033336764100468e+00
1.427299292922216978e+01
1.363425735166143049e+01
8.884866446580955923e+00
8.884866446580955923e+00
8.740387444736633427e+00
9.440697438826296306e+00
4.370193722368316713e+00
9.027033336764100468e+00
1.178062436274634450e+01
1.251433034574463399e+01
1.161737456321036532e+01
1.094004191971426110e+01
1.261566261010080048e+01
1.021790793990058255e+01
1.172646028567007725e+01
1.052482020710848865e+01
1.261566261010080048e+01
9.027033336764100468e+00
1.167204486311898926e+01
1.306193320280393344e+01
1.522266721510391640e+01
1.579730833933717626e+01
1.058513485680245481e+01
8.136857890256438353e+00
9.304852983362556174e+00
1.178062436274634450e+01
1.276615297284584649e+01
9.574614729634383536e+00
8.593479713983121826e+00
1.194164264288369282e+01
6.675581178124545545e+00
9.836981518731869656e+00
4.370193722368316713e+00
1.117038385124011413e+01
1.471226436021925466e+01
9.027033336764100468e+00
1.395727947504383337e+01
6.383076486422923246e+00
1.386575534383213970e+01
1.178062436274634450e+01
1.311058116710494836e+01
1.122723095552866468e+01
1.236077446474206631e+01
4.370193722368316713e+00
1.046415791390898242e+01
1.082303275961201905e+01
8.136857890256438353e+00
5.641895835477562571e+00
8.444016491289504600e+00
1.315904928495908166e+01
1.349345229721172146e+01
8.136857890256438353e+00
1.377362305878664728e+01
1.058513485680245481e+01
1.315904928495908166e+01
1.156244577056221523e+01
1.344618962205996482e+01
7.484820637019110379e+00
8.812923024107547576e+00
1.070474469691662733e+01
1.215301555949299761e+01
1.363425735166143049e+01
9.965574970333758387e+00
1.178062436274634450e+01
9.965574970333758387e+00
9.507891862878782518e+00
1.368087033328175828e+01
9.507891862878782518e+00
7.225151993843566878e+00
1.015541250385961369e+01
9.440697438826296306e+00
3.908820095223359381e+00
