1.505445578434700415e+01
1.543035303761632804e+01
1.178062436274634450e+01
1.215301555949299761e+01
1.117038385124011413e+01
1.082303275961201905e+01
3.385137501286537898e+00
1.117038385124011413e+01
1.058513485680245481e+01
1.784124116152771222e+01
1.046415791390898242e+01
1.220528683538465842e+01
8.740387444736633427e+00
9.965574970333758387e+00
1.286550196516137312e+01
2.985410660720923204e+00
8.884866446580955923e+00
1.559451034962034477e+01
8.740387444736633427e+00
1.058513485680245481e+01
1.178062436274634450e+01
9.027033336764100468e+00
1.117038385124011413e+01
1.167204486311898926e+01
1.178062436274634450e+01
1.650676414605009157e+01
1.058513485680245481e+01
9.027033336764100468e+00
5.170882945826410726e+00
1.178062436274634450e+01
7.978845608028653835e+00
1.236077446474206631e+01
8.884866446580955923e+00
1.368087033328175828e+01
1.058513485680245481e+01
9.507891862878782518e+00
1.518078909665319287e+01
5.970821321441846408e+00
6.180387232371033157e+00
6.180387232371033157e+00
1.178062436274634450e+01
1.167204486311898926e+01
9.373021315815206478e+00
6.482044814428574497e+00
1.058513485680245481e+01
1.386575534383213970e+01
8.291859587312051971e+00
1.276615297284584649e+01
9.236181543108379799e+00
1.496964127403822076e+01
1.395727947504383337e+01
7.312732791431452384e+00
8.368283871884004910e+00
9.373021315815206478e+00
8.740387444736633427e+00
1.325545386523797831e+01
1.194164264288369282e+01
1.178062436274634450e+01
1.099807968464679142e+01
1.325545386523797831e+01
9.965574970333758387e+00
1.183454054540639433e+01
1.034176589165282145e+01
1.261566261010080048e+01
8.884866446580955923e+00
1.178062436274634450e+01
1.377362305878664728e+01
1.595769121605730767e+01
1.615593100600235843e+01
1.040314189572019821e+01
9.027033336764100468e+00
1.194164264288369282e+01
6.076507779746498805e+00
1.315904928495908166e+01
1.002925341359354938e+01
8.740387444736633427e+00
1.291488987023529766e+01
9.236181543108379799e+00
1.145179781116143225e+01
1.509668435477122017e+01
9.373021315815206478e+00
1.431752655671925822e+01
1.413855043925722121e+01
1.236077446474206631e+01
1.427299292922216978e+01
1.172646028567007725e+01
1.301310337505149661e+01
1.021790793990058255e+01
1.117038385124011413e+01
7.399277020331918919e+00
8.136857890256438353e+00
1.381976597885341995e+01
1.381976597885341995e+01
8.368283871884004910e+00
1.436192209445157708e+01
1.391159267660409604e+01
1.052482020710848865e+01
1.178062436274634450e+01
1.409345127989185542e+01
4.918490759365934828e+00
1.215301555949299761e+01
6.579524642479540830e+00
1.271618740744904485e+01
1.386575534383213970e+01
9.706684619910241452e+00
1.215301555949299761e+01
9.836981518731869656e+00
9.965574970333758387e+00
1.386575534383213970e+01
1.002925341359354938e+01
9.574614729634383536e+00
9.373021315815206478e+00
