1.377362305878664728e+01
1.505445578434700415e+01
1.150725478350318376e+01
5.863230142835038627e+00
1.178062436274634450e+01
7.046725639945927711e+00
1.117038385124011413e+01
1.088169461344923583e+01
1.117038385124011413e+01
1.021790793990058255e+01
1.711271735549580697e+01
1.058513485680245481e+01
5.753627391751591880e+00
1.215301555949299761e+01
6.482044814428574497e+00
8.740387444736633427e+00
9.965574970333758387e+00
6.383076486422923246e+00
1.117038385124011413e+01
8.740387444736633427e+00
1.538904010394216471e+01
9.373021315815206478e+00
1.058513485680245481e+01
1.178062436274634450e+01
9.166995688475081394e+00
1.117038385124011413e+01
1.145179781116143225e+01
1.178062436274634450e+01
1.567594437773643001e+01
7.225151993843566878e+00
1.058513485680245481e+01
9.373021315815206478e+00
1.167204486311898926e+01
8.136857890256438353e+00
1.210051848659980855e+01
8.740387444736633427e+00
1.335116235624909109e+01
1.058513485680245481e+01
9.507891862878782518e+00
1.453814859003845150e+01
7.399277020331918919e+00
7.735777827895049086e+00
7.225151993843566878e+00
1.178062436274634450e+01
1.150725478350318376e+01
9.373021315815206478e+00
1.034176589165282145e+01
1.358748446131948917e+01
8.136857890256438353e+00
1.261566261010080048e+01
9.373021315815206478e+00
1.453814859003845150e+01
1.368087033328175828e+01
8.740387444736633427e+00
8.740387444736633427e+00
9.507891862878782518e+00
9.027033336764100468e+00
1.276615297284584649e+01
1.199483507827737583e+01
1.161737456321036532e+01
1.099807968464679142e+01
1.306193320280393344e+01
1.009253008808064145e+01
1.199483507827737583e+01
1.052482020710848865e+01
1.266602473693425601e+01
8.884866446580955923e+00
1.172646028567007725e+01
1.315904928495908166e+01
1.559451034962034477e+01
1.603728119216292924e+01
1.058513485680245481e+01
7.817640190446718762e+00
9.304852983362556174e+00
1.194164264288369282e+01
1.281592373849173683e+01
9.706684619910241452e+00
8.444016491289504600e+00
1.246335526484300615e+01
5.641895835477562571e+00
9.836981518731869656e+00
1.150725478350318376e+01
1.492705330360461602e+01
9.373021315815206478e+00
1.409345127989185542e+01
5.292567428401227403e+00
1.404820733880128181e+01
1.178062436274634450e+01
1.377362305878664728e+01
1.167204486311898926e+01
1.276615297284584649e+01
1.046415791390898242e+01
1.105581278308273596e+01
8.136857890256438353e+00
8.368283871884004910e+00
1.335116235624909109e+01
1.354055000514615159e+01
8.136857890256438353e+00
1.391159267660409604e+01
1.358748446131948917e+01
1.058513485680245481e+01
1.156244577056221523e+01
1.377362305878664728e+01
7.225151993843566878e+00
8.291859587312051971e+00
1.099807968464679142e+01
1.225733520300188317e+01
1.372732503515539548e+01
9.965574970333758387e+00
1.178062436274634450e+01
9.965574970333758387e+00
9.507891862878782518e+00
1.372732503515539548e+01
9.772050238058398008e+00
9.965574970333758387e+00
6.863662517577697741e+00
9.772050238058398008e+00
