1.538904010394216471e+01
1.575695754970980111e+01
1.172646028567007725e+01
1.225733520300188317e+01
1.117038385124011413e+01
1.070474469691662733e+01
1.117038385124011413e+01
1.058513485680245481e+01
1.843786751347043307e+01
1.034176589165282145e+01
1.225733520300188317e+01
8.444016491289504600e+00
9.965574970333758387e+00
1.363425735166143049e+01
8.740387444736633427e+00
1.635176762293251684e+01
8.444016491289504600e+00
1.058513485680245481e+01
1.188821220645068522e+01
8.667244841319218907e+00
1.117038385124011413e+01
1.183454054540639433e+01
1.740778594902202769e+01
1.225733520300188317e+01
1.058513485680245481e+01
8.291859587312051971e+00
1.178062436274634450e+01
7.653039857325811823e+00
1.271618740744904485e+01
9.507891862878782518e+00
1.409345127989185542e+01
1.094004191971426110e+01
9.836981518731869656e+00
1.547155565579009817e+01
3.908820095223359381e+00
2.985410660720923204e+00
1.172646028567007725e+01
1.167204486311898926e+01
9.373021315815206478e+00
4.370193722368316713e+00
1.418350619798065715e+01
1.058513485680245481e+01
8.519075891779829490e+00
1.296408962885714899e+01
8.956231982162769611e+00
1.575695754970980111e+01
1.431752655671925822e+01
6.076507779746498805e+00
8.136857890256438353e+00
9.236181543108379799e+00
8.667244841319218907e+00
1.372732503515539548e+01
1.194164264288369282e+01
1.145179781116143225e+01
1.094004191971426110e+01
1.339876023397903637e+01
9.965574970333758387e+00
1.188821220645068522e+01
1.002925341359354938e+01
1.251433034574463399e+01
9.304852983362556174e+00
1.161737456321036532e+01
1.436192209445157708e+01
1.603728119216292924e+01
1.669848676668040710e+01
1.021790793990058255e+01
8.740387444736633427e+00
1.194164264288369282e+01
1.335116235624909109e+01
1.058513485680245481e+01
8.444016491289504600e+00
1.301310337505149661e+01
8.884866446580955923e+00
1.145179781116143225e+01
1.538904010394216471e+01
9.097283682934460103e+00
1.436192209445157708e+01
1.431752655671925822e+01
1.276615297284584649e+01
1.440618081907316395e+01
1.172646028567007725e+01
1.311058116710494836e+01
1.015541250385961369e+01
1.094004191971426110e+01
5.292567428401227403e+00
6.955796338302048021e+00
1.427299292922216978e+01
1.413855043925722121e+01
8.740387444736633427e+00
1.431752655671925822e+01
1.431752655671925822e+01
1.034176589165282145e+01
1.178062436274634450e+01
1.427299292922216978e+01
1.236077446474206631e+01
1.358748446131948917e+01
1.395727947504383337e+01
9.236181543108379799e+00
1.236077446474206631e+01
1.034176589165282145e+01
9.965574970333758387e+00
1.427299292922216978e+01
9.965574970333758387e+00
9.166995688475081394e+00
9.373021315815206478e+00
