1.518078909665319287e+01
1.555363345008750464e+01
1.178062436274634450e+01
1.220528683538465842e+01
1.117038385124011413e+01
1.082303275961201905e+01
1.117038385124011413e+01
1.058513485680245481e+01
1.812445316531431061e+01
1.046415791390898242e+01
1.220528683538465842e+01
8.740387444736633427e+00
9.965574970333758387e+00
1.315904928495908166e+01
9.027033336764100468e+00
1.571650316319191809e+01
8.740387444736633427e+00
1.058513485680245481e+01
1.178062436274634450e+01
8.884866446580955923e+00
1.117038385124011413e+01
1.167204486311898926e+01
1.178062436274634450e+01
1.677456227108388731e+01
1.058513485680245481e+01
8.956231982162769611e+00
4.513516668382050234e+00
1.178062436274634450e+01
7.898654169668588132e+00
1.236077446474206631e+01
8.884866446580955923e+00
1.381976597885341995e+01
1.058513485680245481e+01
9.574614729634383536e+00
1.522266721510391640e+01
5.292567428401227403e+00
5.641895835477562571e+00
5.970821321441846408e+00
1.178062436274634450e+01
1.167204486311898926e+01
9.373021315815206478e+00
6.383076486422923246e+00
1.058513485680245481e+01
1.386575534383213970e+01
8.291859587312051971e+00
1.276615297284584649e+01
9.236181543108379799e+00
1.518078909665319287e+01
1.409345127989185542e+01
7.225151993843566878e+00
8.136857890256438353e+00
9.373021315815206478e+00
8.740387444736633427e+00
1.325545386523797831e+01
1.194164264288369282e+01
1.172646028567007725e+01
1.099807968464679142e+01
1.325545386523797831e+01
9.965574970333758387e+00
1.183454054540639433e+01
1.028002345391383443e+01
1.261566261010080048e+01
8.884866446580955923e+00
1.167204486311898926e+01
1.381976597885341995e+01
1.599753570059363028e+01
1.615593100600235843e+01
1.034176589165282145e+01
9.027033336764100468e+00
1.194164264288369282e+01
5.411516379806009525e+00
1.315904928495908166e+01
1.028002345391383443e+01
8.740387444736633427e+00
1.296408962885714899e+01
9.236181543108379799e+00
1.145179781116143225e+01
1.518078909665319287e+01
9.373021315815206478e+00
1.436192209445157708e+01
1.427299292922216978e+01
1.251433034574463399e+01
1.431752655671925822e+01
1.172646028567007725e+01
1.306193320280393344e+01
1.021790793990058255e+01
1.117038385124011413e+01
7.136496464611084889e+00
7.898654169668588132e+00
1.386575534383213970e+01
1.381976597885341995e+01
8.444016491289504600e+00
1.436192209445157708e+01
1.400281721259029588e+01
1.046415791390898242e+01
1.178062436274634450e+01
1.413855043925722121e+01
2.985410660720923204e+00
1.225733520300188317e+01
6.076507779746498805e+00
1.291488987023529766e+01
1.395727947504383337e+01
9.640875829802336483e+00
1.220528683538465842e+01
1.009253008808064145e+01
9.965574970333758387e+00
1.386575534383213970e+01
1.009253008808064145e+01
9.373021315815206478e+00
9.373021315815206478e+00
