1.479855404066383784e+01
1.296408962885714899e+01
1.117038385124011413e+01
7.399277020331918919e+00
1.134007028277388685e+01
7.817640190446718762e+00
1.117038385124011413e+01
1.094004191971426110e+01
1.117038385124011413e+01
9.965574970333758387e+00
1.623454913941802857e+01
7.046725639945927711e+00
1.058513485680245481e+01
1.210051848659980855e+01
7.399277020331918919e+00
2.985410660720923204e+00
8.740387444736633427e+00
9.965574970333758387e+00
7.312732791431452384e+00
1.058513485680245481e+01
8.740387444736633427e+00
1.518078909665319287e+01
9.373021315815206478e+00
1.058513485680245481e+01
1.178062436274634450e+01
9.373021315815206478e+00
5.753627391751591880e+00
1.094004191971426110e+01
1.070474469691662733e+01
1.134007028277388685e+01
1.492705330360461602e+01
8.136857890256438353e+00
1.058513485680245481e+01
9.772050238058398008e+00
1.117038385124011413e+01
8.368283871884004910e+00
1.188821220645068522e+01
8.740387444736633427e+00
1.306193320280393344e+01
1.052482020710848865e+01
9.507891862878782518e+00
1.422831991532699902e+01
8.136857890256438353e+00
8.136857890256438353e+00
7.898654169668588132e+00
1.172646028567007725e+01
1.134007028277388685e+01
9.373021315815206478e+00
1.002925341359354938e+01
1.339876023397903637e+01
8.291859587312051971e+00
1.261566261010080048e+01
8.812923024107547576e+00
1.386575534383213970e+01
1.339876023397903637e+01
9.097283682934460103e+00
8.740387444736633427e+00
8.740387444736633427e+00
9.373021315815206478e+00
6.180387232371033157e+00
8.740387444736633427e+00
1.167204486311898926e+01
1.236077446474206631e+01
1.145179781116143225e+01
1.058513485680245481e+01
1.215301555949299761e+01
4.652426491681278087e+00
1.009253008808064145e+01
1.161737456321036532e+01
1.052482020710848865e+01
5.170882945826410726e+00
1.236077446474206631e+01
5.753627391751591880e+00
1.161737456321036532e+01
8.519075891779829490e+00
1.271618740744904485e+01
1.505445578434700415e+01
1.538904010394216471e+01
1.058513485680245481e+01
8.136857890256438353e+00
9.507891862878782518e+00
1.172646028567007725e+01
1.276615297284584649e+01
9.507891862878782518e+00
8.740387444736633427e+00
4.222008245644752300e+00
1.122723095552866468e+01
7.225151993843566878e+00
6.076507779746498805e+00
9.507891862878782518e+00
1.117038385124011413e+01
1.453814859003845150e+01
9.027033336764100468e+00
1.344618962205996482e+01
7.046725639945927711e+00
1.368087033328175828e+01
1.134007028277388685e+01
1.286550196516137312e+01
1.117038385124011413e+01
6.282549314314217703e+00
1.236077446474206631e+01
1.046415791390898242e+01
1.070474469691662733e+01
8.593479713983121826e+00
6.675581178124545545e+00
8.444016491289504600e+00
1.236077446474206631e+01
1.344618962205996482e+01
5.292567428401227403e+00
8.136857890256438353e+00
1.354055000514615159e+01
1.058513485680245481e+01
1.271618740744904485e+01
1.134007028277388685e+01
1.296408962885714899e+01
7.978845608028653835e+00
9.236181543108379799e+00
1.058513485680245481e+01
1.204779266504070279e+01
1.320733953636073110e+01
9.901487006738307173e+00
1.178062436274634450e+01
9.965574970333758387e+00
9.373021315815206478e+00
3.742410318509555189e+00
1.358748446131948917e+01
9.304852983362556174e+00
7.898654169668588132e+00
1.002925341359354938e+01
9.304852983362556174e+00
5.753627391751591880e+00
