1.555363345008750464e+01
1.599753570059363028e+01
1.172646028567007725e+01
1.225733520300188317e+01
1.117038385124011413e+01
1.028002345391383443e+01
1.117038385124011413e+01
1.058513485680245481e+01
1.871205159254777683e+01
1.028002345391383443e+01
1.225733520300188317e+01
8.136857890256438353e+00
9.901487006738307173e+00
1.386575534383213970e+01
1.673656774376800982e+01
7.978845608028653835e+00
7.312732791431452384e+00
1.058513485680245481e+01
1.256509862862843541e+01
7.898654169668588132e+00
1.117038385124011413e+01
1.204779266504070279e+01
1.794796937867891984e+01
1.276615297284584649e+01
1.058513485680245481e+01
7.898654169668588132e+00
1.178062436274634450e+01
6.863662517577697741e+00
1.296408962885714899e+01
9.373021315815206478e+00
1.475547227809780537e+01
1.099807968464679142e+01
1.002925341359354938e+01
1.603728119216292924e+01
1.145179781116143225e+01
1.167204486311898926e+01
9.373021315815206478e+00
1.462546558286290477e+01
1.058513485680245481e+01
9.236181543108379799e+00
1.306193320280393344e+01
8.136857890256438353e+00
1.639065416446577927e+01
1.462546558286290477e+01
7.978845608028653835e+00
9.166995688475081394e+00
1.458187244392064308e+01
8.136857890256438353e+00
1.188821220645068522e+01
1.134007028277388685e+01
1.094004191971426110e+01
1.358748446131948917e+01
9.965574970333758387e+00
1.199483507827737583e+01
9.836981518731869656e+00
1.241217083805063837e+01
1.156244577056221523e+01
8.740387444736633427e+00
1.471226436021925466e+01
1.635176762293251684e+01
1.748077488947326685e+01
1.002925341359354938e+01
8.136857890256438353e+00
1.194164264288369282e+01
1.339876023397903637e+01
1.058513485680245481e+01
8.136857890256438353e+00
1.325545386523797831e+01
7.653039857325811823e+00
1.145179781116143225e+01
1.571650316319191809e+01
8.667244841319218907e+00
1.436192209445157708e+01
1.436192209445157708e+01
1.349345229721172146e+01
1.479855404066383784e+01
1.210051848659980855e+01
1.335116235624909109e+01
9.706684619910241452e+00
1.082303275961201905e+01
1.484151074652385738e+01
2.763953195770683990e+00
1.427299292922216978e+01
8.444016491289504600e+00
1.445030398768713376e+01
1.479855404066383784e+01
1.040314189572019821e+01
1.178062436274634450e+01
1.431752655671925822e+01
1.236077446474206631e+01
1.377362305878664728e+01
1.404820733880128181e+01
9.027033336764100468e+00
1.266602473693425601e+01
1.034176589165282145e+01
9.901487006738307173e+00
1.445030398768713376e+01
9.965574970333758387e+00
8.214724333230154940e+00
9.236181543108379799e+00
