1.518078909665319287e+01
1.559451034962034477e+01
1.178062436274634450e+01
1.225733520300188317e+01
1.117038385124011413e+01
1.082303275961201905e+01
1.117038385124011413e+01
1.058513485680245481e+01
1.822952333923949553e+01
1.040314189572019821e+01
1.220528683538465842e+01
8.740387444736633427e+00
9.965574970333758387e+00
1.325545386523797831e+01
8.884866446580955923e+00
1.587770228520368221e+01
8.740387444736633427e+00
1.058513485680245481e+01
1.178062436274634450e+01
8.740387444736633427e+00
1.117038385124011413e+01
1.167204486311898926e+01
1.178062436274634450e+01
1.692568750643268771e+01
1.058513485680245481e+01
8.884866446580955923e+00
3.908820095223359381e+00
1.178062436274634450e+01
7.898654169668588132e+00
1.246335526484300615e+01
8.884866446580955923e+00
1.381976597885341995e+01
1.058513485680245481e+01
9.574614729634383536e+00
1.522266721510391640e+01
5.170882945826410726e+00
5.863230142835038627e+00
5.411516379806009525e+00
1.178062436274634450e+01
1.167204486311898926e+01
9.373021315815206478e+00
6.180387232371033157e+00
1.058513485680245481e+01
1.386575534383213970e+01
8.291859587312051971e+00
1.276615297284584649e+01
9.097283682934460103e+00
1.534761596392107741e+01
1.413855043925722121e+01
7.046725639945927711e+00
8.136857890256438353e+00
9.373021315815206478e+00
8.740387444736633427e+00
1.325545386523797831e+01
1.194164264288369282e+01
1.172646028567007725e+01
1.099807968464679142e+01
1.325545386523797831e+01
9.965574970333758387e+00
1.183454054540639433e+01
1.028002345391383443e+01
1.261566261010080048e+01
8.956231982162769611e+00
1.167204486311898926e+01
1.381976597885341995e+01
1.603728119216292924e+01
1.615593100600235843e+01
1.034176589165282145e+01
8.884866446580955923e+00
1.194164264288369282e+01
5.046265044040320724e+00
1.325545386523797831e+01
1.034176589165282145e+01
8.740387444736633427e+00
1.301310337505149661e+01
9.097283682934460103e+00
1.145179781116143225e+01
1.530607971465162365e+01
9.373021315815206478e+00
1.436192209445157708e+01
1.427299292922216978e+01
1.261566261010080048e+01
1.431752655671925822e+01
1.172646028567007725e+01
1.306193320280393344e+01
1.015541250385961369e+01
1.117038385124011413e+01
6.955796338302048021e+00
7.653039857325811823e+00
1.391159267660409604e+01
1.381976597885341995e+01
8.740387444736633427e+00
1.436192209445157708e+01
1.409345127989185542e+01
1.046415791390898242e+01
1.178062436274634450e+01
1.418350619798065715e+01
1.225733520300188317e+01
5.863230142835038627e+00
1.301310337505149661e+01
1.395727947504383337e+01
9.440697438826296306e+00
1.236077446474206631e+01
1.009253008808064145e+01
9.965574970333758387e+00
1.391159267660409604e+01
1.002925341359354938e+01
9.304852983362556174e+00
9.373021315815206478e+00
