1.534761596392107741e+01
1.567594437773643001e+01
1.172646028567007725e+01
1.225733520300188317e+01
1.117038385124011413e+01
1.076405121554611632e+01
1.117038385124011413e+01
1.058513485680245481e+01
1.836868202552426155e+01
1.040314189572019821e+01
1.220528683538465842e+01
8.593479713983121826e+00
9.965574970333758387e+00
1.335116235624909109e+01
8.740387444736633427e+00
1.623454913941802857e+01
8.667244841319218907e+00
1.058513485680245481e+01
1.178062436274634450e+01
8.740387444736633427e+00
1.117038385124011413e+01
1.178062436274634450e+01
1.733448968263843781e+01
1.199483507827737583e+01
1.058513485680245481e+01
8.444016491289504600e+00
1.178062436274634450e+01
7.817640190446718762e+00
1.266602473693425601e+01
9.166995688475081394e+00
1.391159267660409604e+01
1.094004191971426110e+01
9.640875829802336483e+00
1.538904010394216471e+01
3.385137501286537898e+00
4.652426491681278087e+00
4.787307364817191768e+00
1.178062436274634450e+01
1.167204486311898926e+01
9.373021315815206478e+00
5.170882945826410726e+00
1.058513485680245481e+01
1.391159267660409604e+01
8.444016491289504600e+00
1.276615297284584649e+01
9.027033336764100468e+00
1.559451034962034477e+01
1.436192209445157708e+01
6.863662517577697741e+00
8.136857890256438353e+00
9.373021315815206478e+00
8.740387444736633427e+00
1.354055000514615159e+01
1.194164264288369282e+01
1.156244577056221523e+01
1.099807968464679142e+01
1.335116235624909109e+01
9.965574970333758387e+00
1.183454054540639433e+01
1.021790793990058255e+01
1.261566261010080048e+01
9.097283682934460103e+00
1.161737456321036532e+01
1.422831991532699902e+01
1.603728119216292924e+01
1.662206308517478703e+01
1.028002345391383443e+01
8.740387444736633427e+00
1.194164264288369282e+01
1.335116235624909109e+01
1.046415791390898242e+01
8.593479713983121826e+00
1.301310337505149661e+01
9.097283682934460103e+00
1.145179781116143225e+01
1.534761596392107741e+01
9.166995688475081394e+00
1.436192209445157708e+01
1.431752655671925822e+01
1.276615297284584649e+01
1.436192209445157708e+01
1.172646028567007725e+01
1.306193320280393344e+01
1.015541250385961369e+01
1.105581278308273596e+01
6.282549314314217703e+00
7.046725639945927711e+00
1.413855043925722121e+01
1.395727947504383337e+01
8.740387444736633427e+00
1.431752655671925822e+01
1.427299292922216978e+01
1.034176589165282145e+01
1.178062436274634450e+01
1.427299292922216978e+01
1.236077446474206631e+01
1.325545386523797831e+01
4.068428945128219176e+00
1.395727947504383337e+01
9.236181543108379799e+00
1.236077446474206631e+01
1.028002345391383443e+01
9.965574970333758387e+00
1.413855043925722121e+01
9.965574970333758387e+00
9.166995688475081394e+00
9.373021315815206478e+00
