1.599753570059363028e+01
1.642944866646030988e+01
1.178062436274634450e+01
1.220528683538465842e+01
1.105581278308273596e+01
9.965574970333758387e+00
1.117038385124011413e+01
1.058513485680245481e+01
1.908262324195121096e+01
1.015541250385961369e+01
1.225733520300188317e+01
7.898654169668588132e+00
9.772050238058398008e+00
1.404820733880128181e+01
1.718695942796624365e+01
6.383076486422923246e+00
1.058513485680245481e+01
1.320733953636073110e+01
3.908820095223359381e+00
7.136496464611084889e+00
1.117038385124011413e+01
1.904923279949933956e+01
1.210051848659980855e+01
1.335116235624909109e+01
1.058513485680245481e+01
6.863662517577697741e+00
1.161737456321036532e+01
1.276615297284584649e+01
9.373021315815206478e+00
2.523132522020160362e+00
1.488434347843123184e+01
1.082303275961201905e+01
1.046415791390898242e+01
1.662206308517478703e+01
1.134007028277388685e+01
1.167204486311898926e+01
9.236181543108379799e+00
1.479855404066383784e+01
1.058513485680245481e+01
8.740387444736633427e+00
1.311058116710494836e+01
6.863662517577697741e+00
1.681247093473193388e+01
1.488434347843123184e+01
8.444016491289504600e+00
7.225151993843566878e+00
1.484151074652385738e+01
8.136857890256438353e+00
1.178062436274634450e+01
1.111324596323282954e+01
1.094004191971426110e+01
1.395727947504383337e+01
9.965574970333758387e+00
1.199483507827737583e+01
9.304852983362556174e+00
1.241217083805063837e+01
1.156244577056221523e+01
8.136857890256438353e+00
1.492705330360461602e+01
1.681247093473193388e+01
1.780552292517845459e+01
9.507891862878782518e+00
1.183454054540639433e+01
7.225151993843566878e+00
1.363425735166143049e+01
1.034176589165282145e+01
7.225151993843566878e+00
1.330339418036568588e+01
5.753627391751591880e+00
1.139607097042601680e+01
1.599753570059363028e+01
8.136857890256438353e+00
1.449429283826230197e+01
1.479855404066383784e+01
1.363425735166143049e+01
1.501210842680413826e+01
1.215301555949299761e+01
1.354055000514615159e+01
9.097283682934460103e+00
1.082303275961201905e+01
1.522266721510391640e+01
1.427299292922216978e+01
1.501210842680413826e+01
7.735777827895049086e+00
1.538904010394216471e+01
1.040314189572019821e+01
1.178062436274634450e+01
1.445030398768713376e+01
1.236077446474206631e+01
1.381976597885341995e+01
1.413855043925722121e+01
1.276615297284584649e+01
8.136857890256438353e+00
1.034176589165282145e+01
9.772050238058398008e+00
1.440618081907316395e+01
9.772050238058398008e+00
6.282549314314217703e+00
8.956231982162769611e+00
