1.475547227809780537e+01
1.526443044094783019e+01
1.167204486311898926e+01
1.194164264288369282e+01
1.117038385124011413e+01
5.170882945826410726e+00
1.082303275961201905e+01
1.117038385124011413e+01
1.070474469691662733e+01
1.766192765414112031e+01
1.052482020710848865e+01
1.215301555949299761e+01
4.513516668382050234e+00
8.740387444736633427e+00
9.965574970333758387e+00
1.220528683538465842e+01
5.170882945826410726e+00
8.884866446580955923e+00
1.551264883747923129e+01
8.956231982162769611e+00
1.058513485680245481e+01
1.178062436274634450e+01
9.027033336764100468e+00
1.117038385124011413e+01
1.167204486311898926e+01
1.178062436274634450e+01
1.631278838364701755e+01
5.753627391751591880e+00
1.058513485680245481e+01
9.166995688475081394e+00
1.178062436274634450e+01
8.136857890256438353e+00
1.225733520300188317e+01
8.812923024107547576e+00
1.358748446131948917e+01
1.058513485680245481e+01
9.507891862878782518e+00
1.488434347843123184e+01
6.863662517577697741e+00
6.863662517577697741e+00
6.863662517577697741e+00
1.178062436274634450e+01
1.167204486311898926e+01
9.373021315815206478e+00
7.225151993843566878e+00
1.058513485680245481e+01
1.377362305878664728e+01
8.136857890256438353e+00
1.266602473693425601e+01
9.373021315815206478e+00
1.496964127403822076e+01
1.395727947504383337e+01
7.898654169668588132e+00
8.444016491289504600e+00
9.373021315815206478e+00
8.740387444736633427e+00
1.311058116710494836e+01
1.188821220645068522e+01
1.178062436274634450e+01
1.105581278308273596e+01
1.320733953636073110e+01
9.965574970333758387e+00
1.183454054540639433e+01
1.046415791390898242e+01
1.266602473693425601e+01
8.884866446580955923e+00
1.178062436274634450e+01
1.358748446131948917e+01
1.583755632390385770e+01
1.615593100600235843e+01
1.058513485680245481e+01
9.236181543108379799e+00
1.188821220645068522e+01
6.770275002573075795e+00
1.306193320280393344e+01
1.009253008808064145e+01
8.740387444736633427e+00
1.291488987023529766e+01
9.373021315815206478e+00
1.145179781116143225e+01
1.501210842680413826e+01
9.373021315815206478e+00
1.427299292922216978e+01
1.413855043925722121e+01
1.225733520300188317e+01
1.427299292922216978e+01
1.172646028567007725e+01
1.301310337505149661e+01
1.034176589165282145e+01
1.117038385124011413e+01
7.898654169668588132e+00
8.136857890256438353e+00
1.368087033328175828e+01
1.368087033328175828e+01
8.291859587312051971e+00
1.413855043925722121e+01
1.386575534383213970e+01
1.058513485680245481e+01
1.178062436274634450e+01
1.395727947504383337e+01
5.753627391751591880e+00
1.161737456321036532e+01
7.225151993843566878e+00
1.251433034574463399e+01
1.377362305878664728e+01
9.836981518731869656e+00
1.204779266504070279e+01
9.965574970333758387e+00
9.574614729634383536e+00
1.386575534383213970e+01
1.002925341359354938e+01
9.640875829802336483e+00
3.908820095223359381e+00
9.373021315815206478e+00
