1.599753570059363028e+01
1.631278838364701755e+01
1.178062436274634450e+01
1.220528683538465842e+01
1.105581278308273596e+01
9.965574970333758387e+00
1.117038385124011413e+01
1.058513485680245481e+01
1.908262324195121096e+01
1.015541250385961369e+01
1.225733520300188317e+01
7.898654169668588132e+00
9.772050238058398008e+00
1.404820733880128181e+01
1.718695942796624365e+01
6.579524642479540830e+00
1.058513485680245481e+01
1.315904928495908166e+01
4.513516668382050234e+00
7.225151993843566878e+00
1.117038385124011413e+01
1.881384047546846006e+01
1.210051848659980855e+01
1.325545386523797831e+01
1.058513485680245481e+01
6.863662517577697741e+00
1.161737456321036532e+01
1.276615297284584649e+01
4.222008245644752300e+00
9.373021315815206478e+00
1.488434347843123184e+01
1.094004191971426110e+01
1.034176589165282145e+01
1.658371917462410394e+01
1.139607097042601680e+01
1.167204486311898926e+01
9.236181543108379799e+00
1.479855404066383784e+01
1.058513485680245481e+01
8.740387444736633427e+00
1.311058116710494836e+01
6.863662517577697741e+00
1.677456227108388731e+01
1.488434347843123184e+01
8.519075891779829490e+00
7.225151993843566878e+00
1.484151074652385738e+01
8.136857890256438353e+00
1.183454054540639433e+01
1.117038385124011413e+01
1.094004191971426110e+01
1.391159267660409604e+01
9.965574970333758387e+00
1.199483507827737583e+01
9.373021315815206478e+00
1.241217083805063837e+01
1.156244577056221523e+01
8.136857890256438353e+00
1.488434347843123184e+01
1.685029431422315938e+01
1.776973289316191185e+01
9.574614729634383536e+00
1.183454054540639433e+01
7.312732791431452384e+00
1.363425735166143049e+01
1.034176589165282145e+01
7.225151993843566878e+00
1.325545386523797831e+01
5.970821321441846408e+00
1.145179781116143225e+01
1.595769121605730767e+01
8.136857890256438353e+00
1.449429283826230197e+01
1.484151074652385738e+01
1.358748446131948917e+01
1.496964127403822076e+01
1.215301555949299761e+01
1.354055000514615159e+01
9.166995688475081394e+00
1.082303275961201905e+01
1.522266721510391640e+01
1.427299292922216978e+01
7.898654169668588132e+00
1.496964127403822076e+01
1.538904010394216471e+01
1.040314189572019821e+01
1.178062436274634450e+01
1.445030398768713376e+01
1.236077446474206631e+01
1.381976597885341995e+01
1.413855043925722121e+01
1.276615297284584649e+01
8.136857890256438353e+00
1.034176589165282145e+01
9.772050238058398008e+00
1.440618081907316395e+01
9.772050238058398008e+00
6.955796338302048021e+00
8.956231982162769611e+00
