1.547155565579009817e+01
1.587770228520368221e+01
1.172646028567007725e+01
1.225733520300188317e+01
1.117038385124011413e+01
1.046415791390898242e+01
1.117038385124011413e+01
1.058513485680245481e+01
1.860970596672511235e+01
1.034176589165282145e+01
1.225733520300188317e+01
8.136857890256438353e+00
9.965574970333758387e+00
1.386575534383213970e+01
1.658371917462410394e+01
8.444016491289504600e+00
7.898654169668588132e+00
1.058513485680245481e+01
1.236077446474206631e+01
8.136857890256438353e+00
1.117038385124011413e+01
1.204779266504070279e+01
1.780552292517845459e+01
1.256509862862843541e+01
1.058513485680245481e+01
8.136857890256438353e+00
1.178062436274634450e+01
7.312732791431452384e+00
1.296408962885714899e+01
9.373021315815206478e+00
1.466892917224166482e+01
1.099807968464679142e+01
9.965574970333758387e+00
1.551264883747923129e+01
1.178062436274634450e+01
1.167204486311898926e+01
9.373021315815206478e+00
1.458187244392064308e+01
1.058513485680245481e+01
8.884866446580955923e+00
1.306193320280393344e+01
8.444016491289504600e+00
1.603728119216292924e+01
1.445030398768713376e+01
3.385137501286537898e+00
8.136857890256438353e+00
9.166995688475081394e+00
8.444016491289504600e+00
1.400281721259029588e+01
1.194164264288369282e+01
1.134007028277388685e+01
1.094004191971426110e+01
1.354055000514615159e+01
9.965574970333758387e+00
1.194164264288369282e+01
9.836981518731869656e+00
1.251433034574463399e+01
9.166995688475081394e+00
1.156244577056221523e+01
1.462546558286290477e+01
1.611647812414279102e+01
1.707547527140466670e+01
1.015541250385961369e+01
8.444016491289504600e+00
1.194164264288369282e+01
1.335116235624909109e+01
1.058513485680245481e+01
8.136857890256438353e+00
1.311058116710494836e+01
8.368283871884004910e+00
1.145179781116143225e+01
1.551264883747923129e+01
9.027033336764100468e+00
1.440618081907316395e+01
1.436192209445157708e+01
1.354055000514615159e+01
1.462546558286290477e+01
1.188821220645068522e+01
1.325545386523797831e+01
9.901487006738307173e+00
1.082303275961201905e+01
5.753627391751591880e+00
1.458187244392064308e+01
1.422831991532699902e+01
8.812923024107547576e+00
1.436192209445157708e+01
1.449429283826230197e+01
1.034176589165282145e+01
1.178062436274634450e+01
1.431752655671925822e+01
1.236077446474206631e+01
1.377362305878664728e+01
1.404820733880128181e+01
9.097283682934460103e+00
1.256509862862843541e+01
1.040314189572019821e+01
9.901487006738307173e+00
1.436192209445157708e+01
9.965574970333758387e+00
8.667244841319218907e+00
9.373021315815206478e+00
