1.496964127403822076e+01
1.534761596392107741e+01
1.172646028567007725e+01
1.215301555949299761e+01
1.117038385124011413e+01
4.222008245644752300e+00
1.082303275961201905e+01
1.117038385124011413e+01
1.058513485680245481e+01
1.780552292517845459e+01
1.046415791390898242e+01
1.215301555949299761e+01
2.763953195770683990e+00
8.740387444736633427e+00
9.965574970333758387e+00
1.266602473693425601e+01
4.222008245644752300e+00
8.740387444736633427e+00
1.551264883747923129e+01
8.740387444736633427e+00
1.058513485680245481e+01
1.178062436274634450e+01
9.027033336764100468e+00
1.117038385124011413e+01
1.167204486311898926e+01
1.178062436274634450e+01
1.642944866646030988e+01
5.753627391751591880e+00
1.058513485680245481e+01
9.027033336764100468e+00
1.178062436274634450e+01
7.978845608028653835e+00
1.230916348999737586e+01
8.884866446580955923e+00
1.363425735166143049e+01
1.058513485680245481e+01
9.507891862878782518e+00
1.509668435477122017e+01
6.282549314314217703e+00
6.482044814428574497e+00
6.282549314314217703e+00
1.178062436274634450e+01
1.167204486311898926e+01
9.373021315815206478e+00
6.770275002573075795e+00
1.058513485680245481e+01
1.386575534383213970e+01
8.136857890256438353e+00
1.276615297284584649e+01
9.373021315815206478e+00
1.496964127403822076e+01
1.395727947504383337e+01
7.817640190446718762e+00
8.444016491289504600e+00
9.373021315815206478e+00
8.740387444736633427e+00
1.315904928495908166e+01
1.194164264288369282e+01
1.178062436274634450e+01
1.099807968464679142e+01
1.325545386523797831e+01
9.965574970333758387e+00
1.183454054540639433e+01
1.034176589165282145e+01
1.261566261010080048e+01
8.884866446580955923e+00
1.178062436274634450e+01
1.377362305878664728e+01
1.595769121605730767e+01
1.615593100600235843e+01
1.052482020710848865e+01
9.097283682934460103e+00
1.194164264288369282e+01
6.282549314314217703e+00
1.315904928495908166e+01
1.009253008808064145e+01
8.740387444736633427e+00
1.291488987023529766e+01
9.304852983362556174e+00
1.145179781116143225e+01
1.505445578434700415e+01
9.373021315815206478e+00
1.431752655671925822e+01
1.413855043925722121e+01
1.236077446474206631e+01
1.427299292922216978e+01
1.172646028567007725e+01
1.301310337505149661e+01
1.028002345391383443e+01
1.117038385124011413e+01
7.653039857325811823e+00
8.136857890256438353e+00
1.372732503515539548e+01
1.372732503515539548e+01
8.291859587312051971e+00
1.427299292922216978e+01
1.391159267660409604e+01
1.052482020710848865e+01
1.178062436274634450e+01
1.409345127989185542e+01
5.411516379806009525e+00
1.204779266504070279e+01
6.955796338302048021e+00
1.266602473693425601e+01
1.386575534383213970e+01
9.706684619910241452e+00
1.215301555949299761e+01
9.706684619910241452e+00
9.965574970333758387e+00
1.386575534383213970e+01
1.002925341359354938e+01
9.574614729634383536e+00
9.373021315815206478e+00
