1.471226436021925466e+01
1.296408962885714899e+01
1.117038385124011413e+01
7.653039857325811823e+00
1.117038385124011413e+01
7.817640190446718762e+00
1.117038385124011413e+01
1.094004191971426110e+01
1.117038385124011413e+01
9.965574970333758387e+00
1.599753570059363028e+01
7.225151993843566878e+00
1.058513485680245481e+01
1.210051848659980855e+01
7.484820637019110379e+00
4.513516668382050234e+00
8.740387444736633427e+00
9.965574970333758387e+00
7.399277020331918919e+00
1.058513485680245481e+01
8.812923024107547576e+00
1.501210842680413826e+01
9.373021315815206478e+00
1.058513485680245481e+01
1.167204486311898926e+01
9.373021315815206478e+00
5.970821321441846408e+00
1.088169461344923583e+01
1.070474469691662733e+01
1.117038385124011413e+01
1.488434347843123184e+01
8.136857890256438353e+00
1.058513485680245481e+01
9.836981518731869656e+00
1.117038385124011413e+01
8.444016491289504600e+00
1.183454054540639433e+01
8.740387444736633427e+00
1.301310337505149661e+01
1.046415791390898242e+01
9.507891862878782518e+00
1.418350619798065715e+01
8.136857890256438353e+00
8.136857890256438353e+00
8.058239062071395509e+00
1.167204486311898926e+01
1.134007028277388685e+01
9.373021315815206478e+00
1.002925341359354938e+01
1.320733953636073110e+01
8.593479713983121826e+00
1.266602473693425601e+01
8.884866446580955923e+00
1.377362305878664728e+01
1.330339418036568588e+01
9.166995688475081394e+00
8.740387444736633427e+00
8.740387444736633427e+00
9.373021315815206478e+00
6.675581178124545545e+00
8.740387444736633427e+00
1.167204486311898926e+01
1.236077446474206631e+01
1.122723095552866468e+01
1.058513485680245481e+01
1.194164264288369282e+01
5.527906391541367981e+00
1.009253008808064145e+01
1.128379167095512514e+01
1.052482020710848865e+01
5.527906391541367981e+00
1.236077446474206631e+01
6.282549314314217703e+00
1.150725478350318376e+01
8.444016491289504600e+00
1.261566261010080048e+01
1.488434347843123184e+01
3.908820095223359381e+00
1.505445578434700415e+01
1.058513485680245481e+01
8.136857890256438353e+00
9.304852983362556174e+00
1.161737456321036532e+01
1.276615297284584649e+01
9.507891862878782518e+00
8.740387444736633427e+00
5.046265044040320724e+00
1.117038385124011413e+01
7.225151993843566878e+00
6.579524642479540830e+00
9.507891862878782518e+00
1.117038385124011413e+01
1.436192209445157708e+01
8.884866446580955923e+00
7.484820637019110379e+00
1.325545386523797831e+01
1.358748446131948917e+01
1.117038385124011413e+01
1.261566261010080048e+01
1.117038385124011413e+01
6.863662517577697741e+00
1.230916348999737586e+01
1.046415791390898242e+01
1.058513485680245481e+01
7.046725639945927711e+00
8.593479713983121826e+00
8.593479713983121826e+00
1.236077446474206631e+01
1.344618962205996482e+01
6.282549314314217703e+00
8.136857890256438353e+00
1.344618962205996482e+01
1.058513485680245481e+01
1.256509862862843541e+01
1.134007028277388685e+01
1.276615297284584649e+01
8.136857890256438353e+00
9.373021315815206478e+00
1.058513485680245481e+01
1.204779266504070279e+01
1.009253008808064145e+01
1.315904928495908166e+01
1.178062436274634450e+01
9.965574970333758387e+00
9.373021315815206478e+00
4.918490759365934828e+00
1.349345229721172146e+01
9.166995688475081394e+00
8.136857890256438353e+00
9.965574970333758387e+00
9.304852983362556174e+00
6.383076486422923246e+00
