1.349345229721172146e+01
1.484151074652385738e+01
1.134007028277388685e+01
6.383076486422923246e+00
1.167204486311898926e+01
7.484820637019110379e+00
1.117038385124011413e+01
1.088169461344923583e+01
1.117038385124011413e+01
1.009253008808064145e+01
1.707547527140466670e+01
1.058513485680245481e+01
6.383076486422923246e+00
1.215301555949299761e+01
6.863662517577697741e+00
8.740387444736633427e+00
9.965574970333758387e+00
6.770275002573075795e+00
1.117038385124011413e+01
8.740387444736633427e+00
1.530607971465162365e+01
9.373021315815206478e+00
1.058513485680245481e+01
1.178062436274634450e+01
9.236181543108379799e+00
1.117038385124011413e+01
1.139607097042601680e+01
1.172646028567007725e+01
1.534761596392107741e+01
7.399277020331918919e+00
1.058513485680245481e+01
9.373021315815206478e+00
1.167204486311898926e+01
8.136857890256438353e+00
1.204779266504070279e+01
8.740387444736633427e+00
1.325545386523797831e+01
1.058513485680245481e+01
9.507891862878782518e+00
1.436192209445157708e+01
7.817640190446718762e+00
8.136857890256438353e+00
7.484820637019110379e+00
1.178062436274634450e+01
1.145179781116143225e+01
9.373021315815206478e+00
1.034176589165282145e+01
1.349345229721172146e+01
8.136857890256438353e+00
1.261566261010080048e+01
9.166995688475081394e+00
1.436192209445157708e+01
1.363425735166143049e+01
8.740387444736633427e+00
8.740387444736633427e+00
9.507891862878782518e+00
3.908820095223359381e+00
9.027033336764100468e+00
1.199483507827737583e+01
1.261566261010080048e+01
1.167204486311898926e+01
1.094004191971426110e+01
1.271618740744904485e+01
1.009253008808064145e+01
1.172646028567007725e+01
1.052482020710848865e+01
1.261566261010080048e+01
9.097283682934460103e+00
1.167204486311898926e+01
1.306193320280393344e+01
1.534761596392107741e+01
1.603728119216292924e+01
1.058513485680245481e+01
7.978845608028653835e+00
9.304852983362556174e+00
1.178062436274634450e+01
1.276615297284584649e+01
9.640875829802336483e+00
8.519075891779829490e+00
1.194164264288369282e+01
6.383076486422923246e+00
9.836981518731869656e+00
1.128379167095512514e+01
3.568248232305542444e+00
1.471226436021925466e+01
9.236181543108379799e+00
1.404820733880128181e+01
5.753627391751591880e+00
1.386575534383213970e+01
1.178062436274634450e+01
1.330339418036568588e+01
1.145179781116143225e+01
1.241217083805063837e+01
3.742410318509555189e+00
1.046415791390898242e+01
1.082303275961201905e+01
8.136857890256438353e+00
4.918490759365934828e+00
8.444016491289504600e+00
1.320733953636073110e+01
1.349345229721172146e+01
8.136857890256438353e+00
1.381976597885341995e+01
1.325545386523797831e+01
1.058513485680245481e+01
1.156244577056221523e+01
1.349345229721172146e+01
7.225151993843566878e+00
8.812923024107547576e+00
1.070474469691662733e+01
1.215301555949299761e+01
1.363425735166143049e+01
9.965574970333758387e+00
1.178062436274634450e+01
9.965574970333758387e+00
9.507891862878782518e+00
1.368087033328175828e+01
9.507891862878782518e+00
7.136496464611084889e+00
1.002925341359354938e+01
9.440697438826296306e+00
2.523132522020160362e+00
