1.391159267660409604e+01
1.505445578434700415e+01
1.150725478350318376e+01
5.292567428401227403e+00
1.178062436274634450e+01
6.863662517577697741e+00
1.117038385124011413e+01
1.094004191971426110e+01
1.117038385124011413e+01
1.034176589165282145e+01
1.711271735549580697e+01
1.058513485680245481e+01
5.753627391751591880e+00
1.215301555949299761e+01
6.383076486422923246e+00
8.740387444736633427e+00
9.965574970333758387e+00
6.383076486422923246e+00
1.117038385124011413e+01
8.740387444736633427e+00
1.538904010394216471e+01
9.373021315815206478e+00
1.058513485680245481e+01
1.178062436274634450e+01
9.166995688475081394e+00
1.117038385124011413e+01
1.145179781116143225e+01
1.178062436274634450e+01
1.563528038089343752e+01
7.046725639945927711e+00
1.058513485680245481e+01
9.373021315815206478e+00
1.167204486311898926e+01
8.136857890256438353e+00
1.215301555949299761e+01
8.740387444736633427e+00
1.335116235624909109e+01
1.058513485680245481e+01
9.507891862878782518e+00
1.453814859003845150e+01
7.399277020331918919e+00
7.653039857325811823e+00
7.225151993843566878e+00
1.178062436274634450e+01
1.156244577056221523e+01
9.373021315815206478e+00
1.034176589165282145e+01
1.358748446131948917e+01
8.136857890256438353e+00
1.261566261010080048e+01
9.373021315815206478e+00
1.458187244392064308e+01
1.368087033328175828e+01
8.740387444736633427e+00
8.740387444736633427e+00
9.373021315815206478e+00
8.740387444736633427e+00
1.286550196516137312e+01
1.199483507827737583e+01
1.172646028567007725e+01
1.099807968464679142e+01
1.301310337505149661e+01
1.009253008808064145e+01
1.199483507827737583e+01
1.052482020710848865e+01
1.266602473693425601e+01
8.884866446580955923e+00
1.172646028567007725e+01
1.320733953636073110e+01
1.555363345008750464e+01
1.607692842495848140e+01
1.058513485680245481e+01
7.653039857325811823e+00
9.304852983362556174e+00
1.194164264288369282e+01
1.281592373849173683e+01
9.836981518731869656e+00
8.444016491289504600e+00
1.256509862862843541e+01
9.772050238058398008e+00
5.046265044040320724e+00
1.150725478350318376e+01
1.496964127403822076e+01
9.373021315815206478e+00
1.418350619798065715e+01
4.652426491681278087e+00
1.404820733880128181e+01
1.178062436274634450e+01
1.377362305878664728e+01
1.167204486311898926e+01
1.281592373849173683e+01
1.046415791390898242e+01
1.111324596323282954e+01
8.136857890256438353e+00
8.444016491289504600e+00
1.339876023397903637e+01
1.358748446131948917e+01
8.136857890256438353e+00
1.395727947504383337e+01
1.368087033328175828e+01
1.058513485680245481e+01
1.156244577056221523e+01
1.377362305878664728e+01
7.136496464611084889e+00
8.214724333230154940e+00
1.105581278308273596e+01
1.225733520300188317e+01
1.368087033328175828e+01
9.965574970333758387e+00
1.178062436274634450e+01
9.965574970333758387e+00
9.507891862878782518e+00
1.372732503515539548e+01
9.772050238058398008e+00
9.965574970333758387e+00
6.482044814428574497e+00
9.772050238058398008e+00
