1.070474469691662733e+01
1.046415791390898242e+01
1.225733520300188317e+01
6.955796338302048021e+00
6.955796338302048021e+00
3.568248232305542444e+00
1.462546558286290477e+01
1.449429283826230197e+01
1.386575534383213970e+01
1.891508160359295942e+01
1.591774699517169012e+01
1.204779266504070279e+01
1.117038385124011413e+01
1.046415791390898242e+01
1.505445578434700415e+01
4.068428945128219176e+00
1.409345127989185542e+01
1.427299292922216978e+01
1.266602473693425601e+01
1.199483507827737583e+01
1.850679436136249834e+01
1.194164264288369282e+01
1.492705330360461602e+01
1.339876023397903637e+01
1.034176589165282145e+01
7.978845608028653835e+00
1.052482020710848865e+01
1.538904010394216471e+01
9.965574970333758387e+00
1.431752655671925822e+01
1.479855404066383784e+01
8.291859587312051971e+00
1.276615297284584649e+01
1.395727947504383337e+01
1.296408962885714899e+01
1.349345229721172146e+01
1.377362305878664728e+01
1.301310337505149661e+01
1.436192209445157708e+01
1.225733520300188317e+01
1.256509862862843541e+01
5.753627391751591880e+00
1.178062436274634450e+01
1.058513485680245481e+01
8.291859587312051971e+00
1.762584604821509515e+01
1.194164264288369282e+01
1.547155565579009817e+01
1.251433034574463399e+01
1.658371917462410394e+01
1.462546558286290477e+01
1.427299292922216978e+01
9.901487006738307173e+00
1.009253008808064145e+01
1.466892917224166482e+01
1.134007028277388685e+01
1.599753570059363028e+01
9.373021315815206478e+00
1.220528683538465842e+01
9.772050238058398008e+00
1.639065416446577927e+01
1.296408962885714899e+01
7.735777827895049086e+00
1.603728119216292924e+01
1.488434347843123184e+01
1.161737456321036532e+01
1.400281721259029588e+01
7.978845608028653835e+00
1.301310337505149661e+01
7.225151993843566878e+00
1.551264883747923129e+01
1.225733520300188317e+01
1.058513485680245481e+01
1.178062436274634450e+01
1.276615297284584649e+01
1.381976597885341995e+01
1.296408962885714899e+01
1.266602473693425601e+01
1.009253008808064145e+01
1.654528640181426269e+01
1.122723095552866468e+01
5.170882945826410726e+00
1.296408962885714899e+01
1.563528038089343752e+01
1.246335526484300615e+01
7.136496464611084889e+00
1.711271735549580697e+01
1.099807968464679142e+01
1.505445578434700415e+01
1.471226436021925466e+01
1.306193320280393344e+01
2.985410660720923204e+00
