7.046725639945927711e+00
1.076405121554611632e+01
1.246335526484300615e+01
1.070474469691662733e+01
1.236077446474206631e+01
9.772050238058398008e+00
9.574614729634383536e+00
8.444016491289504600e+00
1.427299292922216978e+01
1.339876023397903637e+01
1.296408962885714899e+01
1.654528640181426269e+01
1.404820733880128181e+01
1.215301555949299761e+01
7.136496464611084889e+00
1.058513485680245481e+01
1.082303275961201905e+01
8.740387444736633427e+00
1.311058116710494836e+01
4.068428945128219176e+00
7.898654169668588132e+00
1.372732503515539548e+01
1.409345127989185542e+01
1.251433034574463399e+01
5.170882945826410726e+00
4.787307364817191768e+00
1.199483507827737583e+01
1.696325844612841038e+01
1.199483507827737583e+01
1.395727947504383337e+01
1.251433034574463399e+01
1.058513485680245481e+01
9.574614729634383536e+00
1.117038385124011413e+01
1.466892917224166482e+01
1.009253008808064145e+01
1.395727947504383337e+01
1.431752655671925822e+01
9.772050238058398008e+00
6.770275002573075795e+00
1.236077446474206631e+01
1.349345229721172146e+01
1.246335526484300615e+01
1.156244577056221523e+01
6.955796338302048021e+00
1.363425735166143049e+01
1.413855043925722121e+01
1.188821220645068522e+01
1.128379167095512514e+01
7.569397566060480642e+00
9.574614729634383536e+00
1.286550196516137312e+01
1.134007028277388685e+01
1.088169461344923583e+01
9.836981518731869656e+00
1.627371578051287671e+01
1.117038385124011413e+01
7.136496464611084889e+00
1.286550196516137312e+01
1.471226436021925466e+01
1.509668435477122017e+01
1.354055000514615159e+01
1.381976597885341995e+01
8.136857890256438353e+00
1.058513485680245481e+01
1.088169461344923583e+01
1.167204486311898926e+01
1.386575534383213970e+01
9.901487006738307173e+00
1.492705330360461602e+01
1.230916348999737586e+01
8.740387444736633427e+00
9.373021315815206478e+00
1.409345127989185542e+01
6.076507779746498805e+00
7.978845608028653835e+00
9.706684619910241452e+00
1.296408962885714899e+01
1.567594437773643001e+01
1.178062436274634450e+01
1.296408962885714899e+01
1.301310337505149661e+01
9.373021315815206478e+00
1.271618740744904485e+01
9.373021315815206478e+00
1.391159267660409604e+01
1.178062436274634450e+01
1.058513485680245481e+01
8.444016491289504600e+00
1.183454054540639433e+01
1.296408962885714899e+01
1.266602473693425601e+01
1.286550196516137312e+01
1.134007028277388685e+01
9.965574970333758387e+00
1.471226436021925466e+01
1.099807968464679142e+01
8.136857890256438353e+00
1.276615297284584649e+01
7.484820637019110379e+00
7.136496464611084889e+00
7.817640190446718762e+00
1.488434347843123184e+01
8.444016491289504600e+00
8.136857890256438353e+00
1.178062436274634450e+01
1.453814859003845150e+01
9.965574970333758387e+00
1.436192209445157708e+01
1.422831991532699902e+01
1.286550196516137312e+01
8.593479713983121826e+00
9.373021315815206478e+00
