1.094004191971426110e+01
4.652426491681278087e+00
1.286550196516137312e+01
1.070474469691662733e+01
1.230916348999737586e+01
9.236181543108379799e+00
8.740387444736633427e+00
7.978845608028653835e+00
1.427299292922216978e+01
1.354055000514615159e+01
1.296408962885714899e+01
1.751715531361111644e+01
1.492705330360461602e+01
1.210051848659980855e+01
5.970821321441846408e+00
1.058513485680245481e+01
1.058513485680245481e+01
8.136857890256438353e+00
1.413855043925722121e+01
6.863662517577697741e+00
1.381976597885341995e+01
1.418350619798065715e+01
1.251433034574463399e+01
1.199483507827737583e+01
1.737117647432762624e+01
1.225733520300188317e+01
1.339876023397903637e+01
1.436192209445157708e+01
1.046415791390898242e+01
9.373021315815206478e+00
1.117038385124011413e+01
1.492705330360461602e+01
1.009253008808064145e+01
1.418350619798065715e+01
1.453814859003845150e+01
9.373021315815206478e+00
1.236077446474206631e+01
2.985410660720923204e+00
1.354055000514615159e+01
1.266602473693425601e+01
1.251433034574463399e+01
4.222008245644752300e+00
1.368087033328175828e+01
1.427299292922216978e+01
1.236077446474206631e+01
1.183454054540639433e+01
9.027033336764100468e+00
5.292567428401227403e+00
1.276615297284584649e+01
1.150725478350318376e+01
1.082303275961201905e+01
9.373021315815206478e+00
1.666031874701878124e+01
1.122723095552866468e+01
4.068428945128219176e+00
1.286550196516137312e+01
1.492705330360461602e+01
1.555363345008750464e+01
1.381976597885341995e+01
1.395727947504383337e+01
6.675581178124545545e+00
1.046415791390898242e+01
1.070474469691662733e+01
1.145179781116143225e+01
1.413855043925722121e+01
9.772050238058398008e+00
1.547155565579009817e+01
1.220528683538465842e+01
9.574614729634383536e+00
7.653039857325811823e+00
1.466892917224166482e+01
6.955796338302048021e+00
9.373021315815206478e+00
1.296408962885714899e+01
1.595769121605730767e+01
1.358748446131948917e+01
1.178062436274634450e+01
1.363425735166143049e+01
9.236181543108379799e+00
1.276615297284584649e+01
9.097283682934460103e+00
1.422831991532699902e+01
1.199483507827737583e+01
1.058513485680245481e+01
7.817640190446718762e+00
1.178062436274634450e+01
1.281592373849173683e+01
1.306193320280393344e+01
1.296408962885714899e+01
1.167204486311898926e+01
9.965574970333758387e+00
1.526443044094783019e+01
1.094004191971426110e+01
7.898654169668588132e+00
1.291488987023529766e+01
6.863662517577697741e+00
5.641895835477562571e+00
1.496964127403822076e+01
6.675581178124545545e+00
7.978845608028653835e+00
7.898654169668588132e+00
1.178062436274634450e+01
1.501210842680413826e+01
9.965574970333758387e+00
1.475547227809780537e+01
1.431752655671925822e+01
1.286550196516137312e+01
8.136857890256438353e+00
8.740387444736633427e+00
