1.046415791390898242e+01
1.105581278308273596e+01
1.178062436274634450e+01
1.210051848659980855e+01
9.965574970333758387e+00
9.965574970333758387e+00
5.753627391751591880e+00
9.027033336764100468e+00
1.404820733880128181e+01
1.306193320280393344e+01
1.296408962885714899e+01
1.534761596392107741e+01
1.276615297284584649e+01
1.204779266504070279e+01
7.817640190446718762e+00
1.058513485680245481e+01
1.094004191971426110e+01
8.740387444736633427e+00
1.178062436274634450e+01
6.383076486422923246e+00
9.373021315815206478e+00
1.377362305878664728e+01
1.339876023397903637e+01
1.256509862862843541e+01
7.225151993843566878e+00
4.918490759365934828e+00
5.292567428401227403e+00
7.225151993843566878e+00
1.178062436274634450e+01
3.568248232305542444e+00
1.646815177937675045e+01
1.117038385124011413e+01
1.330339418036568588e+01
1.178062436274634450e+01
1.058513485680245481e+01
9.965574970333758387e+00
1.070474469691662733e+01
1.409345127989185542e+01
9.901487006738307173e+00
1.363425735166143049e+01
1.301310337505149661e+01
1.002925341359354938e+01
3.908820095223359381e+00
8.368283871884004910e+00
1.204779266504070279e+01
1.325545386523797831e+01
1.230916348999737586e+01
1.064510777218481152e+01
8.136857890256438353e+00
1.301310337505149661e+01
1.372732503515539548e+01
1.178062436274634450e+01
1.064510777218481152e+01
8.136857890256438353e+00
9.965574970333758387e+00
1.276615297284584649e+01
1.117038385124011413e+01
1.094004191971426110e+01
9.965574970333758387e+00
5.292567428401227403e+00
1.530607971465162365e+01
7.136496464611084889e+00
8.444016491289504600e+00
1.021790793990058255e+01
1.276615297284584649e+01
1.436192209445157708e+01
1.246335526484300615e+01
1.358748446131948917e+01
6.955796338302048021e+00
1.354055000514615159e+01
8.593479713983121826e+00
1.058513485680245481e+01
1.111324596323282954e+01
1.178062436274634450e+01
1.291488987023529766e+01
9.836981518731869656e+00
1.418350619798065715e+01
1.236077446474206631e+01
8.884866446580955923e+00
9.373021315815206478e+00
1.330339418036568588e+01
6.482044814428574497e+00
8.136857890256438353e+00
8.740387444736633427e+00
9.965574970333758387e+00
1.286550196516137312e+01
1.509668435477122017e+01
1.105581278308273596e+01
1.236077446474206631e+01
1.256509862862843541e+01
9.373021315815206478e+00
1.215301555949299761e+01
9.373021315815206478e+00
1.311058116710494836e+01
1.117038385124011413e+01
1.058513485680245481e+01
9.373021315815206478e+00
1.183454054540639433e+01
1.296408962885714899e+01
7.569397566060480642e+00
4.918490759365934828e+00
1.266602473693425601e+01
1.167204486311898926e+01
1.117038385124011413e+01
9.965574970333758387e+00
1.372732503515539548e+01
1.105581278308273596e+01
8.740387444736633427e+00
1.261566261010080048e+01
8.740387444736633427e+00
8.136857890256438353e+00
8.740387444736633427e+00
1.422831991532699902e+01
9.373021315815206478e+00
8.136857890256438353e+00
1.178062436274634450e+01
1.381976597885341995e+01
4.513516668382050234e+00
9.965574970333758387e+00
1.418350619798065715e+01
1.404820733880128181e+01
7.136496464611084889e+00
1.172646028567007725e+01
8.884866446580955923e+00
5.863230142835038627e+00
9.373021315815206478e+00
