1.391159267660409604e+01
1.070474469691662733e+01
1.058513485680245481e+01
1.220528683538465842e+01
7.484820637019110379e+00
7.484820637019110379e+00
5.292567428401227403e+00
1.445030398768713376e+01
1.453814859003845150e+01
1.377362305878664728e+01
1.877997214831907158e+01
1.575695754970980111e+01
1.204779266504070279e+01
1.076405121554611632e+01
1.052482020710848865e+01
1.505445578434700415e+01
5.753627391751591880e+00
1.404820733880128181e+01
1.422831991532699902e+01
1.266602473693425601e+01
1.199483507827737583e+01
1.840330728156092377e+01
1.194164264288369282e+01
1.488434347843123184e+01
1.344618962205996482e+01
1.034176589165282145e+01
8.444016491289504600e+00
1.070474469691662733e+01
1.534761596392107741e+01
1.002925341359354938e+01
1.427299292922216978e+01
1.479855404066383784e+01
8.667244841319218907e+00
1.261566261010080048e+01
1.386575534383213970e+01
1.296408962885714899e+01
1.344618962205996482e+01
1.377362305878664728e+01
1.291488987023529766e+01
1.436192209445157708e+01
1.225733520300188317e+01
1.256509862862843541e+01
6.955796338302048021e+00
1.161737456321036532e+01
1.052482020710848865e+01
8.812923024107547576e+00
1.751715531361111644e+01
1.199483507827737583e+01
1.538904010394216471e+01
1.256509862862843541e+01
1.650676414605009157e+01
1.453814859003845150e+01
1.427299292922216978e+01
9.965574970333758387e+00
1.046415791390898242e+01
1.466892917224166482e+01
1.134007028277388685e+01
1.599753570059363028e+01
9.373021315815206478e+00
1.225733520300188317e+01
9.772050238058398008e+00
1.623454913941802857e+01
1.296408962885714899e+01
8.291859587312051971e+00
1.603728119216292924e+01
1.479855404066383784e+01
1.167204486311898926e+01
1.395727947504383337e+01
8.291859587312051971e+00
1.306193320280393344e+01
7.484820637019110379e+00
1.538904010394216471e+01
1.215301555949299761e+01
1.058513485680245481e+01
1.178062436274634450e+01
1.276615297284584649e+01
1.372732503515539548e+01
1.296408962885714899e+01
1.261566261010080048e+01
9.965574970333758387e+00
1.627371578051287671e+01
1.122723095552866468e+01
5.641895835477562571e+00
1.296408962885714899e+01
1.551264883747923129e+01
1.246335526484300615e+01
7.225151993843566878e+00
4.222008245644752300e+00
1.669848676668040710e+01
1.070474469691662733e+01
1.505445578434700415e+01
1.458187244392064308e+01
1.306193320280393344e+01
5.046265044040320724e+00
5.292567428401227403e+00
