1.058513485680245481e+01
1.111324596323282954e+01
1.194164264288369282e+01
1.225733520300188317e+01
9.965574970333758387e+00
9.965574970333758387e+00
8.740387444736633427e+00
1.418350619798065715e+01
1.325545386523797831e+01
1.296408962885714899e+01
1.611647812414279102e+01
1.335116235624909109e+01
1.215301555949299761e+01
7.569397566060480642e+00
1.058513485680245481e+01
1.088169461344923583e+01
8.740387444736633427e+00
1.266602473693425601e+01
6.383076486422923246e+00
9.027033336764100468e+00
1.372732503515539548e+01
1.386575534383213970e+01
1.246335526484300615e+01
6.770275002573075795e+00
6.863662517577697741e+00
1.194164264288369282e+01
1.666031874701878124e+01
1.161737456321036532e+01
1.372732503515539548e+01
1.204779266504070279e+01
1.058513485680245481e+01
9.965574970333758387e+00
1.099807968464679142e+01
1.431752655671925822e+01
1.046415791390898242e+01
1.368087033328175828e+01
1.339876023397903637e+01
9.965574970333758387e+00
7.735777827895049086e+00
1.230916348999737586e+01
1.335116235624909109e+01
1.241217083805063837e+01
1.070474469691662733e+01
7.978845608028653835e+00
1.325545386523797831e+01
1.381976597885341995e+01
1.178062436274634450e+01
1.094004191971426110e+01
8.136857890256438353e+00
9.965574970333758387e+00
1.276615297284584649e+01
1.117038385124011413e+01
1.094004191971426110e+01
9.965574970333758387e+00
1.547155565579009817e+01
5.753627391751591880e+00
1.099807968464679142e+01
8.136857890256438353e+00
1.281592373849173683e+01
1.445030398768713376e+01
1.409345127989185542e+01
1.281592373849173683e+01
1.372732503515539548e+01
5.753627391751591880e+00
8.136857890256438353e+00
1.058513485680245481e+01
1.111324596323282954e+01
1.178062436274634450e+01
1.325545386523797831e+01
9.965574970333758387e+00
1.449429283826230197e+01
1.236077446474206631e+01
8.740387444736633427e+00
9.373021315815206478e+00
1.372732503515539548e+01
5.170882945826410726e+00
7.312732791431452384e+00
8.740387444736633427e+00
9.901487006738307173e+00
1.291488987023529766e+01
1.563528038089343752e+01
1.145179781116143225e+01
1.271618740744904485e+01
1.281592373849173683e+01
9.373021315815206478e+00
1.261566261010080048e+01
9.373021315815206478e+00
1.349345229721172146e+01
1.117038385124011413e+01
1.058513485680245481e+01
9.236181543108379799e+00
1.188821220645068522e+01
1.296408962885714899e+01
6.770275002573075795e+00
1.271618740744904485e+01
1.178062436274634450e+01
1.117038385124011413e+01
9.965574970333758387e+00
1.449429283826230197e+01
1.117038385124011413e+01
8.593479713983121826e+00
1.266602473693425601e+01
8.519075891779829490e+00
7.898654169668588132e+00
8.444016491289504600e+00
1.475547227809780537e+01
9.166995688475081394e+00
8.136857890256438353e+00
1.178062436274634450e+01
1.395727947504383337e+01
9.965574970333758387e+00
1.427299292922216978e+01
1.418350619798065715e+01
1.271618740744904485e+01
6.076507779746498805e+00
9.166995688475081394e+00
9.373021315815206478e+00
