1.058513485680245481e+01
1.105581278308273596e+01
1.178062436274634450e+01
1.215301555949299761e+01
9.965574970333758387e+00
9.965574970333758387e+00
4.787307364817191768e+00
8.884866446580955923e+00
1.409345127989185542e+01
1.315904928495908166e+01
1.296408962885714899e+01
1.559451034962034477e+01
1.301310337505149661e+01
1.215301555949299761e+01
7.653039857325811823e+00
1.058513485680245481e+01
1.094004191971426110e+01
8.740387444736633427e+00
1.210051848659980855e+01
6.383076486422923246e+00
9.373021315815206478e+00
1.372732503515539548e+01
1.377362305878664728e+01
1.256509862862843541e+01
7.225151993843566878e+00
4.068428945128219176e+00
7.225151993843566878e+00
3.568248232305542444e+00
1.178062436274634450e+01
1.650676414605009157e+01
1.145179781116143225e+01
1.344618962205996482e+01
1.178062436274634450e+01
1.058513485680245481e+01
9.965574970333758387e+00
1.082303275961201905e+01
1.427299292922216978e+01
1.034176589165282145e+01
1.358748446131948917e+01
1.301310337505149661e+01
1.002925341359354938e+01
8.291859587312051971e+00
1.215301555949299761e+01
1.325545386523797831e+01
1.246335526484300615e+01
1.070474469691662733e+01
8.136857890256438353e+00
1.306193320280393344e+01
1.377362305878664728e+01
1.178062436274634450e+01
1.076405121554611632e+01
8.136857890256438353e+00
9.965574970333758387e+00
1.276615297284584649e+01
1.117038385124011413e+01
1.094004191971426110e+01
9.965574970333758387e+00
4.222008245644752300e+00
1.534761596392107741e+01
6.770275002573075795e+00
8.291859587312051971e+00
1.046415791390898242e+01
1.276615297284584649e+01
1.436192209445157708e+01
1.261566261010080048e+01
1.377362305878664728e+01
6.579524642479540830e+00
1.372732503515539548e+01
8.444016491289504600e+00
1.058513485680245481e+01
1.111324596323282954e+01
1.178062436274634450e+01
1.315904928495908166e+01
9.706684619910241452e+00
1.431752655671925822e+01
1.236077446474206631e+01
8.740387444736633427e+00
9.373021315815206478e+00
1.339876023397903637e+01
6.383076486422923246e+00
7.898654169668588132e+00
8.740387444736633427e+00
9.901487006738307173e+00
1.281592373849173683e+01
1.526443044094783019e+01
1.122723095552866468e+01
1.251433034574463399e+01
1.266602473693425601e+01
9.373021315815206478e+00
1.225733520300188317e+01
9.373021315815206478e+00
1.315904928495908166e+01
1.117038385124011413e+01
1.058513485680245481e+01
9.373021315815206478e+00
1.183454054540639433e+01
1.296408962885714899e+01
7.136496464611084889e+00
3.568248232305542444e+00
1.271618740744904485e+01
1.178062436274634450e+01
1.117038385124011413e+01
9.965574970333758387e+00
1.381976597885341995e+01
1.111324596323282954e+01
8.740387444736633427e+00
1.251433034574463399e+01
8.740387444736633427e+00
8.136857890256438353e+00
8.740387444736633427e+00
1.445030398768713376e+01
9.236181543108379799e+00
8.136857890256438353e+00
1.178062436274634450e+01
1.381976597885341995e+01
9.965574970333758387e+00
1.418350619798065715e+01
1.404820733880128181e+01
6.863662517577697741e+00
1.204779266504070279e+01
8.812923024107547576e+00
4.918490759365934828e+00
9.373021315815206478e+00
