1.418350619798065715e+01
1.034176589165282145e+01
1.034176589165282145e+01
1.215301555949299761e+01
4.652426491681278087e+00
5.170882945826410726e+00
1.522266721510391640e+01
1.475547227809780537e+01
1.445030398768713376e+01
1.918244584062371416e+01
1.627371578051287671e+01
1.199483507827737583e+01
1.145179781116143225e+01
1.046415791390898242e+01
1.518078909665319287e+01
1.413855043925722121e+01
1.436192209445157708e+01
1.271618740744904485e+01
1.204779266504070279e+01
1.881384047546846006e+01
1.183454054540639433e+01
1.513879513212096128e+01
1.339876023397903637e+01
1.034176589165282145e+01
7.225151993843566878e+00
1.009253008808064145e+01
1.543035303761632804e+01
9.706684619910241452e+00
1.431752655671925822e+01
1.488434347843123184e+01
7.225151993843566878e+00
1.335116235624909109e+01
1.422831991532699902e+01
1.296408962885714899e+01
1.354055000514615159e+01
1.377362305878664728e+01
1.296408962885714899e+01
1.436192209445157708e+01
1.220528683538465842e+01
1.251433034574463399e+01
1.178062436274634450e+01
1.058513485680245481e+01
7.978845608028653835e+00
1.833399137695016279e+01
1.183454054540639433e+01
1.551264883747923129e+01
1.256509862862843541e+01
1.666031874701878124e+01
1.484151074652385738e+01
1.427299292922216978e+01
9.507891862878782518e+00
9.965574970333758387e+00
1.479855404066383784e+01
1.134007028277388685e+01
1.642944866646030988e+01
8.812923024107547576e+00
1.199483507827737583e+01
9.373021315815206478e+00
1.703815178355965898e+01
1.296408962885714899e+01
1.522266721510391640e+01
1.603728119216292924e+01
6.863662517577697741e+00
1.145179781116143225e+01
1.427299292922216978e+01
6.770275002573075795e+00
1.296408962885714899e+01
1.662206308517478703e+01
5.641895835477562571e+00
1.246335526484300615e+01
1.058513485680245481e+01
1.178062436274634450e+01
1.251433034574463399e+01
1.372732503515539548e+01
1.291488987023529766e+01
1.306193320280393344e+01
1.040314189572019821e+01
1.677456227108388731e+01
1.111324596323282954e+01
1.286550196516137312e+01
1.619528777809902209e+01
1.281592373849173683e+01
5.970821321441846408e+00
1.740778594902202769e+01
1.076405121554611632e+01
1.530607971465162365e+01
1.488434347843123184e+01
1.315904928495908166e+01
