1.094004191971426110e+01
1.349345229721172146e+01
1.058513485680245481e+01
1.220528683538465842e+01
8.519075891779829490e+00
8.291859587312051971e+00
6.579524642479540830e+00
1.440618081907316395e+01
1.427299292922216978e+01
1.335116235624909109e+01
1.850679436136249834e+01
1.543035303761632804e+01
1.210051848659980855e+01
1.058513485680245481e+01
1.058513485680245481e+01
1.484151074652385738e+01
7.046725639945927711e+00
1.404820733880128181e+01
1.418350619798065715e+01
1.266602473693425601e+01
1.199483507827737583e+01
1.808929415419343556e+01
1.204779266504070279e+01
1.492705330360461602e+01
1.354055000514615159e+01
1.034176589165282145e+01
8.812923024107547576e+00
1.070474469691662733e+01
1.522266721510391640e+01
1.002925341359354938e+01
1.427299292922216978e+01
1.479855404066383784e+01
9.097283682934460103e+00
1.236077446474206631e+01
1.381976597885341995e+01
1.296408962885714899e+01
1.339876023397903637e+01
1.377362305878664728e+01
1.301310337505149661e+01
1.436192209445157708e+01
1.236077446474206631e+01
7.817640190446718762e+00
1.256509862862843541e+01
1.156244577056221523e+01
1.070474469691662733e+01
9.097283682934460103e+00
1.711271735549580697e+01
1.204779266504070279e+01
1.530607971465162365e+01
1.266602473693425601e+01
1.639065416446577927e+01
1.413855043925722121e+01
1.418350619798065715e+01
1.009253008808064145e+01
1.064510777218481152e+01
1.134007028277388685e+01
1.440618081907316395e+01
1.587770228520368221e+01
9.373021315815206478e+00
1.220528683538465842e+01
9.440697438826296306e+00
5.753627391751591880e+00
1.534761596392107741e+01
8.812923024107547576e+00
1.296408962885714899e+01
1.595769121605730767e+01
1.453814859003845150e+01
1.167204486311898926e+01
1.386575534383213970e+01
8.740387444736633427e+00
1.296408962885714899e+01
8.291859587312051971e+00
1.505445578434700415e+01
1.215301555949299761e+01
1.058513485680245481e+01
1.183454054540639433e+01
5.411516379806009525e+00
1.276615297284584649e+01
1.354055000514615159e+01
1.296408962885714899e+01
1.236077446474206631e+01
9.965574970333758387e+00
1.575695754970980111e+01
1.094004191971426110e+01
6.863662517577697741e+00
1.296408962885714899e+01
1.543035303761632804e+01
7.735777827895049086e+00
6.383076486422923246e+00
1.225733520300188317e+01
1.627371578051287671e+01
1.058513485680245481e+01
1.496964127403822076e+01
1.440618081907316395e+01
1.306193320280393344e+01
6.770275002573075795e+00
7.399277020331918919e+00
