1.058513485680245481e+01
1.111324596323282954e+01
1.183454054540639433e+01
1.225733520300188317e+01
9.965574970333758387e+00
9.965574970333758387e+00
8.740387444736633427e+00
2.256758334191025117e+00
1.409345127989185542e+01
1.325545386523797831e+01
1.296408962885714899e+01
1.583755632390385770e+01
1.315904928495908166e+01
1.220528683538465842e+01
7.569397566060480642e+00
1.058513485680245481e+01
1.088169461344923583e+01
8.740387444736633427e+00
1.256509862862843541e+01
6.579524642479540830e+00
9.166995688475081394e+00
1.372732503515539548e+01
1.381976597885341995e+01
1.246335526484300615e+01
6.863662517577697741e+00
6.863662517577697741e+00
1.194164264288369282e+01
1.666031874701878124e+01
1.161737456321036532e+01
1.377362305878664728e+01
1.194164264288369282e+01
1.058513485680245481e+01
9.965574970333758387e+00
1.099807968464679142e+01
1.431752655671925822e+01
1.046415791390898242e+01
1.368087033328175828e+01
1.335116235624909109e+01
9.965574970333758387e+00
7.978845608028653835e+00
1.230916348999737586e+01
1.335116235624909109e+01
1.236077446474206631e+01
1.070474469691662733e+01
7.978845608028653835e+00
1.325545386523797831e+01
1.381976597885341995e+01
1.178062436274634450e+01
1.094004191971426110e+01
8.136857890256438353e+00
9.965574970333758387e+00
1.271618740744904485e+01
1.117038385124011413e+01
1.094004191971426110e+01
9.965574970333758387e+00
1.547155565579009817e+01
6.076507779746498805e+00
1.099807968464679142e+01
8.136857890256438353e+00
1.281592373849173683e+01
1.440618081907316395e+01
1.395727947504383337e+01
1.276615297284584649e+01
1.372732503515539548e+01
5.753627391751591880e+00
8.291859587312051971e+00
1.058513485680245481e+01
1.111324596323282954e+01
1.178062436274634450e+01
1.325545386523797831e+01
9.836981518731869656e+00
1.436192209445157708e+01
1.236077446474206631e+01
8.740387444736633427e+00
9.373021315815206478e+00
1.368087033328175828e+01
5.863230142835038627e+00
7.569397566060480642e+00
8.740387444736633427e+00
9.901487006738307173e+00
1.291488987023529766e+01
1.559451034962034477e+01
1.145179781116143225e+01
1.266602473693425601e+01
1.276615297284584649e+01
9.373021315815206478e+00
1.256509862862843541e+01
9.373021315815206478e+00
1.344618962205996482e+01
1.117038385124011413e+01
1.058513485680245481e+01
9.304852983362556174e+00
1.183454054540639433e+01
1.296408962885714899e+01
6.955796338302048021e+00
1.271618740744904485e+01
1.178062436274634450e+01
1.117038385124011413e+01
9.965574970333758387e+00
1.436192209445157708e+01
1.117038385124011413e+01
8.593479713983121826e+00
1.256509862862843541e+01
8.667244841319218907e+00
7.978845608028653835e+00
8.519075891779829490e+00
1.471226436021925466e+01
9.166995688475081394e+00
8.136857890256438353e+00
1.178062436274634450e+01
1.395727947504383337e+01
9.965574970333758387e+00
1.427299292922216978e+01
1.409345127989185542e+01
1.256509862862843541e+01
6.180387232371033157e+00
8.956231982162769611e+00
9.373021315815206478e+00
