1.002925341359354938e+01
1.117038385124011413e+01
4.222008245644752300e+00
1.178062436274634450e+01
1.204779266504070279e+01
9.965574970333758387e+00
9.965574970333758387e+00
4.918490759365934828e+00
6.863662517577697741e+00
8.740387444736633427e+00
1.386575534383213970e+01
1.286550196516137312e+01
1.276615297284584649e+01
1.453814859003845150e+01
1.236077446474206631e+01
1.188821220645068522e+01
7.817640190446718762e+00
1.058513485680245481e+01
1.058513485680245481e+01
8.740387444736633427e+00
1.122723095552866468e+01
5.753627391751591880e+00
9.373021315815206478e+00
1.344618962205996482e+01
1.251433034574463399e+01
1.246335526484300615e+01
5.753627391751591880e+00
6.282549314314217703e+00
7.735777827895049086e+00
7.735777827895049086e+00
6.076507779746498805e+00
1.167204486311898926e+01
2.985410660720923204e+00
1.623454913941802857e+01
1.058513485680245481e+01
1.296408962885714899e+01
1.178062436274634450e+01
1.058513485680245481e+01
1.002925341359354938e+01
1.070474469691662733e+01
1.344618962205996482e+01
9.640875829802336483e+00
1.344618962205996482e+01
1.241217083805063837e+01
9.836981518731869656e+00
5.753627391751591880e+00
8.812923024107547576e+00
1.178062436274634450e+01
1.301310337505149661e+01
1.199483507827737583e+01
1.046415791390898242e+01
8.136857890256438353e+00
1.266602473693425601e+01
1.344618962205996482e+01
1.167204486311898926e+01
3.742410318509555189e+00
8.136857890256438353e+00
9.965574970333758387e+00
1.021790793990058255e+01
1.271618740744904485e+01
1.105581278308273596e+01
1.058513485680245481e+01
9.965574970333758387e+00
6.579524642479540830e+00
1.484151074652385738e+01
7.653039857325811823e+00
8.740387444736633427e+00
1.002925341359354938e+01
1.271618740744904485e+01
1.422831991532699902e+01
1.210051848659980855e+01
1.301310337505149661e+01
7.653039857325811823e+00
1.344618962205996482e+01
8.593479713983121826e+00
1.046415791390898242e+01
4.513516668382050234e+00
1.117038385124011413e+01
1.178062436274634450e+01
1.256509862862843541e+01
1.377362305878664728e+01
9.236181543108379799e+00
1.236077446474206631e+01
9.027033336764100468e+00
9.507891862878782518e+00
1.311058116710494836e+01
5.527906391541367981e+00
6.863662517577697741e+00
8.368283871884004910e+00
9.166995688475081394e+00
4.787307364817191768e+00
9.965574970333758387e+00
1.220528683538465842e+01
1.501210842680413826e+01
1.220528683538465842e+01
1.070474469691662733e+01
9.507891862878782518e+00
1.236077446474206631e+01
1.178062436274634450e+01
9.373021315815206478e+00
1.266602473693425601e+01
1.117038385124011413e+01
1.058513485680245481e+01
9.373021315815206478e+00
1.172646028567007725e+01
1.291488987023529766e+01
8.136857890256438353e+00
6.383076486422923246e+00
1.256509862862843541e+01
1.150725478350318376e+01
1.117038385124011413e+01
1.015541250385961369e+01
1.330339418036568588e+01
1.094004191971426110e+01
8.740387444736633427e+00
1.266602473693425601e+01
8.740387444736633427e+00
8.136857890256438353e+00
9.027033336764100468e+00
1.377362305878664728e+01
9.373021315815206478e+00
8.291859587312051971e+00
1.167204486311898926e+01
6.579524642479540830e+00
1.363425735166143049e+01
9.965574970333758387e+00
1.400281721259029588e+01
1.372732503515539548e+01
7.484820637019110379e+00
6.675581178124545545e+00
8.593479713983121826e+00
1.082303275961201905e+01
9.373021315815206478e+00
