7.136496464611084889e+00
9.373021315815206478e+00
1.028002345391383443e+01
6.770275002573075795e+00
3.908820095223359381e+00
1.070474469691662733e+01
1.172646028567007725e+01
9.965574970333758387e+00
7.399277020331918919e+00
5.970821321441846408e+00
7.898654169668588132e+00
9.166995688475081394e+00
8.444016491289504600e+00
4.652426491681278087e+00
6.770275002573075795e+00
1.204779266504070279e+01
1.117038385124011413e+01
1.281592373849173683e+01
1.156244577056221523e+01
1.076405121554611632e+01
1.111324596323282954e+01
7.225151993843566878e+00
1.070474469691662733e+01
9.507891862878782518e+00
6.076507779746498805e+00
8.884866446580955923e+00
7.225151993843566878e+00
1.052482020710848865e+01
6.383076486422923246e+00
4.222008245644752300e+00
6.955796338302048021e+00
9.027033336764100468e+00
1.188821220645068522e+01
7.399277020331918919e+00
6.955796338302048021e+00
1.139607097042601680e+01
7.225151993843566878e+00
8.667244841319218907e+00
8.136857890256438353e+00
1.117038385124011413e+01
7.817640190446718762e+00
6.383076486422923246e+00
1.128379167095512514e+01
1.381976597885341995e+01
1.246335526484300615e+01
1.002925341359354938e+01
1.094004191971426110e+01
1.046415791390898242e+01
9.373021315815206478e+00
6.076507779746498805e+00
1.052482020710848865e+01
1.311058116710494836e+01
9.640875829802336483e+00
7.046725639945927711e+00
1.215301555949299761e+01
3.191538243211461623e+00
6.076507779746498805e+00
1.139607097042601680e+01
7.569397566060480642e+00
9.027033336764100468e+00
4.918490759365934828e+00
8.519075891779829490e+00
1.178062436274634450e+01
1.015541250385961369e+01
5.046265044040320724e+00
1.210051848659980855e+01
1.058513485680245481e+01
8.136857890256438353e+00
1.122723095552866468e+01
1.167204486311898926e+01
1.076405121554611632e+01
7.399277020331918919e+00
8.444016491289504600e+00
9.965574970333758387e+00
9.640875829802336483e+00
1.183454054540639433e+01
9.836981518731869656e+00
6.076507779746498805e+00
7.399277020331918919e+00
4.513516668382050234e+00
9.166995688475081394e+00
9.373021315815206478e+00
7.569397566060480642e+00
7.817640190446718762e+00
1.306193320280393344e+01
1.261566261010080048e+01
7.569397566060480642e+00
6.282549314314217703e+00
8.884866446580955923e+00
8.884866446580955923e+00
1.230916348999737586e+01
1.335116235624909109e+01
6.076507779746498805e+00
1.105581278308273596e+01
1.156244577056221523e+01
7.978845608028653835e+00
7.046725639945927711e+00
1.246335526484300615e+01
8.291859587312051971e+00
9.507891862878782518e+00
6.383076486422923246e+00
1.105581278308273596e+01
1.134007028277388685e+01
1.215301555949299761e+01
1.286550196516137312e+01
1.139607097042601680e+01
7.569397566060480642e+00
8.740387444736633427e+00
9.373021315815206478e+00
4.652426491681278087e+00
6.383076486422923246e+00
6.282549314314217703e+00
7.312732791431452384e+00
5.170882945826410726e+00
1.178062436274634450e+01
7.817640190446718762e+00
8.740387444736633427e+00
9.027033336764100468e+00
8.058239062071395509e+00
6.863662517577697741e+00
9.836981518731869656e+00
1.139607097042601680e+01
1.391159267660409604e+01
1.058513485680245481e+01
1.117038385124011413e+01
9.373021315815206478e+00
1.199483507827737583e+01
1.178062436274634450e+01
9.706684619910241452e+00
1.178062436274634450e+01
1.046415791390898242e+01
9.965574970333758387e+00
5.170882945826410726e+00
9.373021315815206478e+00
1.099807968464679142e+01
1.178062436274634450e+01
8.444016491289504600e+00
8.136857890256438353e+00
1.099807968464679142e+01
1.040314189572019821e+01
1.058513485680245481e+01
6.770275002573075795e+00
9.640875829802336483e+00
7.136496464611084889e+00
9.236181543108379799e+00
1.178062436274634450e+01
8.884866446580955923e+00
6.180387232371033157e+00
6.675581178124545545e+00
6.383076486422923246e+00
1.070474469691662733e+01
8.740387444736633427e+00
8.740387444736633427e+00
6.076507779746498805e+00
8.291859587312051971e+00
1.183454054540639433e+01
3.908820095223359381e+00
9.373021315815206478e+00
8.136857890256438353e+00
1.134007028277388685e+01
7.898654169668588132e+00
1.225733520300188317e+01
9.965574970333758387e+00
1.296408962885714899e+01
1.194164264288369282e+01
8.291859587312051971e+00
7.735777827895049086e+00
8.291859587312051971e+00
1.009253008808064145e+01
9.373021315815206478e+00
