1.094004191971426110e+01
1.296408962885714899e+01
1.070474469691662733e+01
1.220528683538465842e+01
9.097283682934460103e+00
8.740387444736633427e+00
7.484820637019110379e+00
1.427299292922216978e+01
1.391159267660409604e+01
1.315904928495908166e+01
1.787688803255549530e+01
1.526443044094783019e+01
1.210051848659980855e+01
1.058513485680245481e+01
1.058513485680245481e+01
4.222008245644752300e+00
8.136857890256438353e+00
1.431752655671925822e+01
5.641895835477562571e+00
1.395727947504383337e+01
1.418350619798065715e+01
1.256509862862843541e+01
1.199483507827737583e+01
1.758969042850511855e+01
1.204779266504070279e+01
1.462546558286290477e+01
1.344618962205996482e+01
1.040314189572019821e+01
9.166995688475081394e+00
1.099807968464679142e+01
1.518078909665319287e+01
1.009253008808064145e+01
1.431752655671925822e+01
1.479855404066383784e+01
9.373021315815206478e+00
1.236077446474206631e+01
1.358748446131948917e+01
1.276615297284584649e+01
1.330339418036568588e+01
1.372732503515539548e+01
1.301310337505149661e+01
1.436192209445157708e+01
1.225733520300188317e+01
8.593479713983121826e+00
1.276615297284584649e+01
1.156244577056221523e+01
1.088169461344923583e+01
9.304852983362556174e+00
1.681247093473193388e+01
1.128379167095512514e+01
1.522266721510391640e+01
1.286550196516137312e+01
1.619528777809902209e+01
1.391159267660409604e+01
1.413855043925722121e+01
1.034176589165282145e+01
5.753627391751591880e+00
1.070474469691662733e+01
1.134007028277388685e+01
1.427299292922216978e+01
1.555363345008750464e+01
9.373021315815206478e+00
1.220528683538465842e+01
9.373021315815206478e+00
7.225151993843566878e+00
1.488434347843123184e+01
6.076507779746498805e+00
9.166995688475081394e+00
1.296408962885714899e+01
1.595769121605730767e+01
1.395727947504383337e+01
1.178062436274634450e+01
1.372732503515539548e+01
9.166995688475081394e+00
1.281592373849173683e+01
8.740387444736633427e+00
1.436192209445157708e+01
1.210051848659980855e+01
1.058513485680245481e+01
7.046725639945927711e+00
1.178062436274634450e+01
1.276615297284584649e+01
1.330339418036568588e+01
1.296408962885714899e+01
1.204779266504070279e+01
9.965574970333758387e+00
1.534761596392107741e+01
1.094004191971426110e+01
7.735777827895049086e+00
1.296408962885714899e+01
5.753627391751591880e+00
3.385137501286537898e+00
1.522266721510391640e+01
5.292567428401227403e+00
7.735777827895049086e+00
7.312732791431452384e+00
1.178062436274634450e+01
1.563528038089343752e+01
9.965574970333758387e+00
1.484151074652385738e+01
1.436192209445157708e+01
1.301310337505149661e+01
7.817640190446718762e+00
8.368283871884004910e+00
