6.579524642479540830e+00
1.094004191971426110e+01
1.256509862862843541e+01
1.070474469691662733e+01
1.236077446474206631e+01
9.574614729634383536e+00
9.440697438826296306e+00
8.444016491289504600e+00
1.427299292922216978e+01
1.344618962205996482e+01
1.296408962885714899e+01
1.685029431422315938e+01
1.427299292922216978e+01
1.215301555949299761e+01
6.955796338302048021e+00
1.058513485680245481e+01
1.082303275961201905e+01
8.593479713983121826e+00
1.354055000514615159e+01
7.817640190446718762e+00
1.372732503515539548e+01
1.409345127989185542e+01
1.251433034574463399e+01
4.370193722368316713e+00
3.191538243211461623e+00
1.204779266504070279e+01
1.711271735549580697e+01
1.210051848659980855e+01
1.404820733880128181e+01
1.276615297284584649e+01
1.046415791390898242e+01
9.373021315815206478e+00
1.117038385124011413e+01
1.471226436021925466e+01
1.009253008808064145e+01
1.395727947504383337e+01
1.445030398768713376e+01
9.772050238058398008e+00
5.970821321441846408e+00
1.236077446474206631e+01
1.354055000514615159e+01
1.256509862862843541e+01
1.167204486311898926e+01
6.482044814428574497e+00
1.368087033328175828e+01
1.413855043925722121e+01
1.204779266504070279e+01
1.139607097042601680e+01
7.225151993843566878e+00
9.236181543108379799e+00
1.286550196516137312e+01
1.145179781116143225e+01
1.088169461344923583e+01
9.836981518731869656e+00
1.642944866646030988e+01
1.117038385124011413e+01
6.383076486422923246e+00
1.286550196516137312e+01
1.475547227809780537e+01
1.526443044094783019e+01
1.368087033328175828e+01
1.391159267660409604e+01
7.898654169668588132e+00
1.058513485680245481e+01
1.082303275961201905e+01
1.167204486311898926e+01
1.395727947504383337e+01
9.836981518731869656e+00
1.496964127403822076e+01
1.225733520300188317e+01
8.593479713983121826e+00
9.373021315815206478e+00
1.422831991532699902e+01
5.527906391541367981e+00
7.817640190446718762e+00
9.706684619910241452e+00
1.296408962885714899e+01
1.567594437773643001e+01
1.178062436274634450e+01
1.306193320280393344e+01
1.315904928495908166e+01
9.373021315815206478e+00
1.271618740744904485e+01
9.373021315815206478e+00
1.409345127989185542e+01
1.199483507827737583e+01
1.058513485680245481e+01
8.214724333230154940e+00
1.183454054540639433e+01
1.286550196516137312e+01
1.286550196516137312e+01
1.286550196516137312e+01
1.145179781116143225e+01
9.965574970333758387e+00
1.479855404066383784e+01
1.094004191971426110e+01
8.136857890256438353e+00
1.276615297284584649e+01
7.484820637019110379e+00
6.675581178124545545e+00
1.492705330360461602e+01
7.484820637019110379e+00
8.136857890256438353e+00
8.136857890256438353e+00
1.178062436274634450e+01
1.466892917224166482e+01
9.965574970333758387e+00
1.453814859003845150e+01
1.422831991532699902e+01
1.286550196516137312e+01
8.519075891779829490e+00
9.236181543108379799e+00
