7.136496464611084889e+00
9.166995688475081394e+00
1.015541250385961369e+01
6.955796338302048021e+00
4.787307364817191768e+00
1.070474469691662733e+01
1.161737456321036532e+01
9.965574970333758387e+00
7.484820637019110379e+00
6.383076486422923246e+00
7.978845608028653835e+00
8.884866446580955923e+00
8.444016491289504600e+00
5.292567428401227403e+00
6.863662517577697741e+00
1.194164264288369282e+01
1.117038385124011413e+01
1.256509862862843541e+01
1.145179781116143225e+01
1.058513485680245481e+01
1.099807968464679142e+01
2.256758334191025117e+00
7.225151993843566878e+00
1.070474469691662733e+01
9.373021315815206478e+00
6.482044814428574497e+00
8.884866446580955923e+00
1.046415791390898242e+01
6.955796338302048021e+00
4.652426491681278087e+00
6.383076486422923246e+00
6.955796338302048021e+00
9.027033336764100468e+00
1.172646028567007725e+01
7.399277020331918919e+00
6.955796338302048021e+00
1.128379167095512514e+01
7.312732791431452384e+00
8.667244841319218907e+00
8.136857890256438353e+00
1.111324596323282954e+01
7.817640190446718762e+00
6.383076486422923246e+00
1.122723095552866468e+01
1.372732503515539548e+01
1.251433034574463399e+01
1.002925341359354938e+01
1.088169461344923583e+01
1.046415791390898242e+01
9.236181543108379799e+00
6.383076486422923246e+00
1.058513485680245481e+01
1.291488987023529766e+01
9.640875829802336483e+00
7.136496464611084889e+00
1.172646028567007725e+01
4.222008245644752300e+00
6.383076486422923246e+00
1.117038385124011413e+01
7.817640190446718762e+00
9.027033336764100468e+00
5.527906391541367981e+00
8.444016491289504600e+00
1.178062436274634450e+01
1.009253008808064145e+01
5.411516379806009525e+00
1.199483507827737583e+01
1.046415791390898242e+01
8.136857890256438353e+00
1.117038385124011413e+01
1.167204486311898926e+01
1.058513485680245481e+01
7.569397566060480642e+00
8.444016491289504600e+00
9.965574970333758387e+00
9.640875829802336483e+00
1.183454054540639433e+01
9.574614729634383536e+00
6.282549314314217703e+00
4.918490759365934828e+00
7.569397566060480642e+00
9.097283682934460103e+00
9.304852983362556174e+00
7.569397566060480642e+00
7.898654169668588132e+00
1.256509862862843541e+01
1.241217083805063837e+01
7.735777827895049086e+00
6.383076486422923246e+00
8.884866446580955923e+00
8.884866446580955923e+00
1.230916348999737586e+01
1.335116235624909109e+01
6.180387232371033157e+00
3.385137501286537898e+00
1.099807968464679142e+01
1.139607097042601680e+01
7.898654169668588132e+00
7.225151993843566878e+00
1.220528683538465842e+01
8.368283871884004910e+00
9.166995688475081394e+00
6.383076486422923246e+00
1.105581278308273596e+01
1.134007028277388685e+01
1.204779266504070279e+01
1.276615297284584649e+01
7.399277020331918919e+00
8.812923024107547576e+00
9.373021315815206478e+00
1.117038385124011413e+01
5.170882945826410726e+00
6.383076486422923246e+00
6.579524642479540830e+00
7.399277020331918919e+00
5.170882945826410726e+00
1.161737456321036532e+01
7.817640190446718762e+00
8.884866446580955923e+00
8.884866446580955923e+00
8.214724333230154940e+00
6.863662517577697741e+00
9.836981518731869656e+00
1.134007028277388685e+01
1.363425735166143049e+01
1.058513485680245481e+01
1.117038385124011413e+01
9.373021315815206478e+00
1.199483507827737583e+01
1.178062436274634450e+01
9.706684619910241452e+00
1.178062436274634450e+01
1.046415791390898242e+01
9.965574970333758387e+00
5.411516379806009525e+00
9.373021315815206478e+00
1.088169461344923583e+01
1.178062436274634450e+01
8.444016491289504600e+00
8.136857890256438353e+00
1.088169461344923583e+01
1.046415791390898242e+01
1.058513485680245481e+01
6.863662517577697741e+00
9.640875829802336483e+00
7.225151993843566878e+00
9.166995688475081394e+00
1.178062436274634450e+01
9.027033336764100468e+00
6.482044814428574497e+00
6.863662517577697741e+00
6.383076486422923246e+00
1.070474469691662733e+01
8.740387444736633427e+00
8.740387444736633427e+00
6.180387232371033157e+00
8.291859587312051971e+00
1.161737456321036532e+01
4.513516668382050234e+00
9.373021315815206478e+00
8.136857890256438353e+00
1.122723095552866468e+01
7.817640190446718762e+00
1.215301555949299761e+01
9.965574970333758387e+00
1.296408962885714899e+01
1.167204486311898926e+01
8.291859587312051971e+00
7.735777827895049086e+00
8.291859587312051971e+00
1.009253008808064145e+01
9.373021315815206478e+00
