6.383076486422923246e+00
9.640875829802336483e+00
1.070474469691662733e+01
5.292567428401227403e+00
1.145179781116143225e+01
1.199483507827737583e+01
9.965574970333758387e+00
6.180387232371033157e+00
1.009253008808064145e+01
7.399277020331918919e+00
8.519075891779829490e+00
1.291488987023529766e+01
4.370193722368316713e+00
1.281592373849173683e+01
1.251433034574463399e+01
1.363425735166143049e+01
1.215301555949299761e+01
1.183454054540639433e+01
7.569397566060480642e+00
1.058513485680245481e+01
1.021790793990058255e+01
8.740387444736633427e+00
1.099807968464679142e+01
4.918490759365934828e+00
6.383076486422923246e+00
9.507891862878782518e+00
1.296408962885714899e+01
1.225733520300188317e+01
1.178062436274634450e+01
5.970821321441846408e+00
6.076507779746498805e+00
6.955796338302048021e+00
8.214724333230154940e+00
8.136857890256438353e+00
7.136496464611084889e+00
5.292567428401227403e+00
1.161737456321036532e+01
1.509668435477122017e+01
1.028002345391383443e+01
1.296408962885714899e+01
1.167204486311898926e+01
1.058513485680245481e+01
1.009253008808064145e+01
1.058513485680245481e+01
1.339876023397903637e+01
9.507891862878782518e+00
1.330339418036568588e+01
3.385137501286537898e+00
1.236077446474206631e+01
9.304852983362556174e+00
6.955796338302048021e+00
9.097283682934460103e+00
1.178062436274634450e+01
1.156244577056221523e+01
1.021790793990058255e+01
1.296408962885714899e+01
8.291859587312051971e+00
1.188821220645068522e+01
1.291488987023529766e+01
1.134007028277388685e+01
5.863230142835038627e+00
8.136857890256438353e+00
9.965574970333758387e+00
1.009253008808064145e+01
1.236077446474206631e+01
1.058513485680245481e+01
1.015541250385961369e+01
9.965574970333758387e+00
4.370193722368316713e+00
5.527906391541367981e+00
6.863662517577697741e+00
5.753627391751591880e+00
1.436192209445157708e+01
1.335116235624909109e+01
7.484820637019110379e+00
8.740387444736633427e+00
3.385137501286537898e+00
9.507891862878782518e+00
1.246335526484300615e+01
1.391159267660409604e+01
1.178062436274634450e+01
1.261566261010080048e+01
7.653039857325811823e+00
5.527906391541367981e+00
1.320733953636073110e+01
8.444016491289504600e+00
1.009253008808064145e+01
5.753627391751591880e+00
1.111324596323282954e+01
1.167204486311898926e+01
1.236077446474206631e+01
1.330339418036568588e+01
8.956231982162769611e+00
1.225733520300188317e+01
8.956231982162769611e+00
9.373021315815206478e+00
4.068428945128219176e+00
6.383076486422923246e+00
1.230916348999737586e+01
7.225151993843566878e+00
8.667244841319218907e+00
9.304852983362556174e+00
6.383076486422923246e+00
9.965574970333758387e+00
5.170882945826410726e+00
1.178062436274634450e+01
1.488434347843123184e+01
1.204779266504070279e+01
1.070474469691662733e+01
9.440697438826296306e+00
1.236077446474206631e+01
1.178062436274634450e+01
9.373021315815206478e+00
1.215301555949299761e+01
1.099807968464679142e+01
1.028002345391383443e+01
9.373021315815206478e+00
1.150725478350318376e+01
1.256509862862843541e+01
8.291859587312051971e+00
7.312732791431452384e+00
1.220528683538465842e+01
1.099807968464679142e+01
1.099807968464679142e+01
9.706684619910241452e+00
4.513516668382050234e+00
1.296408962885714899e+01
5.046265044040320724e+00
1.040314189572019821e+01
8.740387444736633427e+00
1.194164264288369282e+01
4.513516668382050234e+00
8.740387444736633427e+00
8.136857890256438353e+00
8.519075891779829490e+00
1.344618962205996482e+01
9.373021315815206478e+00
8.593479713983121826e+00
1.161737456321036532e+01
7.312732791431452384e+00
1.311058116710494836e+01
9.965574970333758387e+00
1.354055000514615159e+01
1.281592373849173683e+01
7.817640190446718762e+00
7.399277020331918919e+00
8.593479713983121826e+00
1.058513485680245481e+01
9.373021315815206478e+00
