1.422831991532699902e+01
1.034176589165282145e+01
1.034176589165282145e+01
1.215301555949299761e+01
3.908820095223359381e+00
4.513516668382050234e+00
1.534761596392107741e+01
1.484151074652385738e+01
1.445030398768713376e+01
1.921560480373171131e+01
1.631278838364701755e+01
1.199483507827737583e+01
1.150725478350318376e+01
1.046415791390898242e+01
1.518078909665319287e+01
1.413855043925722121e+01
1.436192209445157708e+01
1.271618740744904485e+01
1.204779266504070279e+01
1.891508160359295942e+01
1.183454054540639433e+01
1.513879513212096128e+01
1.339876023397903637e+01
1.040314189572019821e+01
7.225151993843566878e+00
9.965574970333758387e+00
1.547155565579009817e+01
9.706684619910241452e+00
1.431752655671925822e+01
1.488434347843123184e+01
7.225151993843566878e+00
1.339876023397903637e+01
1.431752655671925822e+01
1.306193320280393344e+01
1.354055000514615159e+01
1.372732503515539548e+01
1.296408962885714899e+01
1.436192209445157708e+01
1.220528683538465842e+01
1.251433034574463399e+01
1.178062436274634450e+01
1.058513485680245481e+01
7.898654169668588132e+00
1.840330728156092377e+01
1.183454054540639433e+01
1.563528038089343752e+01
1.256509862862843541e+01
1.673656774376800982e+01
1.484151074652385738e+01
1.427299292922216978e+01
9.373021315815206478e+00
9.836981518731869656e+00
1.479855404066383784e+01
1.134007028277388685e+01
1.642944866646030988e+01
8.812923024107547576e+00
1.194164264288369282e+01
9.373021315815206478e+00
1.707547527140466670e+01
1.296408962885714899e+01
1.534761596392107741e+01
1.603728119216292924e+01
6.863662517577697741e+00
1.145179781116143225e+01
1.427299292922216978e+01
6.383076486422923246e+00
1.296408962885714899e+01
1.666031874701878124e+01
5.170882945826410726e+00
1.256509862862843541e+01
1.052482020710848865e+01
1.178062436274634450e+01
1.246335526484300615e+01
1.372732503515539548e+01
1.286550196516137312e+01
1.315904928495908166e+01
1.040314189572019821e+01
1.677456227108388731e+01
1.111324596323282954e+01
1.286550196516137312e+01
1.639065416446577927e+01
1.281592373849173683e+01
5.753627391751591880e+00
1.740778594902202769e+01
1.070474469691662733e+01
1.534761596392107741e+01
1.488434347843123184e+01
1.315904928495908166e+01
