1.094004191971426110e+01
1.296408962885714899e+01
1.070474469691662733e+01
1.220528683538465842e+01
8.956231982162769611e+00
8.740387444736633427e+00
7.225151993843566878e+00
1.431752655671925822e+01
1.400281721259029588e+01
1.315904928495908166e+01
1.794796937867891984e+01
1.530607971465162365e+01
1.210051848659980855e+01
1.058513485680245481e+01
1.058513485680245481e+01
3.568248232305542444e+00
7.978845608028653835e+00
1.431752655671925822e+01
5.170882945826410726e+00
1.404820733880128181e+01
1.418350619798065715e+01
1.256509862862843541e+01
1.199483507827737583e+01
1.758969042850511855e+01
1.204779266504070279e+01
1.466892917224166482e+01
1.344618962205996482e+01
1.040314189572019821e+01
9.097283682934460103e+00
1.088169461344923583e+01
1.513879513212096128e+01
1.009253008808064145e+01
1.436192209445157708e+01
1.479855404066383784e+01
9.373021315815206478e+00
1.236077446474206631e+01
1.368087033328175828e+01
1.281592373849173683e+01
1.335116235624909109e+01
1.372732503515539548e+01
1.301310337505149661e+01
1.436192209445157708e+01
1.236077446474206631e+01
8.444016491289504600e+00
1.276615297284584649e+01
1.156244577056221523e+01
1.082303275961201905e+01
9.236181543108379799e+00
1.688803298257900920e+01
1.139607097042601680e+01
1.522266721510391640e+01
1.286550196516137312e+01
1.623454913941802857e+01
1.400281721259029588e+01
1.418350619798065715e+01
1.034176589165282145e+01
5.641895835477562571e+00
1.070474469691662733e+01
1.134007028277388685e+01
1.427299292922216978e+01
1.559451034962034477e+01
9.373021315815206478e+00
1.220528683538465842e+01
9.373021315815206478e+00
6.863662517577697741e+00
1.492705330360461602e+01
5.641895835477562571e+00
9.027033336764100468e+00
1.296408962885714899e+01
1.595769121605730767e+01
1.400281721259029588e+01
1.178062436274634450e+01
1.372732503515539548e+01
9.166995688475081394e+00
1.286550196516137312e+01
8.740387444736633427e+00
1.445030398768713376e+01
1.210051848659980855e+01
1.058513485680245481e+01
6.955796338302048021e+00
1.178062436274634450e+01
1.276615297284584649e+01
1.330339418036568588e+01
1.296408962885714899e+01
1.220528683538465842e+01
9.965574970333758387e+00
1.551264883747923129e+01
1.094004191971426110e+01
7.569397566060480642e+00
1.296408962885714899e+01
5.641895835477562571e+00
1.530607971465162365e+01
5.170882945826410726e+00
7.735777827895049086e+00
7.225151993843566878e+00
1.188821220645068522e+01
1.575695754970980111e+01
1.002925341359354938e+01
1.488434347843123184e+01
1.436192209445157708e+01
1.301310337505149661e+01
7.569397566060480642e+00
8.291859587312051971e+00
