4.787307364817191768e+00
9.965574970333758387e+00
1.111324596323282954e+01
1.178062436274634450e+01
1.199483507827737583e+01
2.985410660720923204e+00
9.965574970333758387e+00
9.965574970333758387e+00
5.411516379806009525e+00
6.863662517577697741e+00
8.593479713983121826e+00
1.372732503515539548e+01
1.286550196516137312e+01
1.271618740744904485e+01
1.449429283826230197e+01
1.236077446474206631e+01
1.188821220645068522e+01
7.817640190446718762e+00
1.058513485680245481e+01
1.058513485680245481e+01
8.740387444736633427e+00
1.117038385124011413e+01
5.970821321441846408e+00
9.373021315815206478e+00
1.330339418036568588e+01
1.241217083805063837e+01
1.230916348999737586e+01
5.753627391751591880e+00
6.282549314314217703e+00
7.898654169668588132e+00
3.908820095223359381e+00
7.817640190446718762e+00
6.383076486422923246e+00
1.167204486311898926e+01
3.742410318509555189e+00
1.607692842495848140e+01
1.058513485680245481e+01
1.296408962885714899e+01
1.178062436274634450e+01
1.058513485680245481e+01
1.002925341359354938e+01
1.058513485680245481e+01
1.344618962205996482e+01
9.640875829802336483e+00
1.344618962205996482e+01
1.236077446474206631e+01
9.836981518731869656e+00
6.076507779746498805e+00
8.956231982162769611e+00
1.178062436274634450e+01
1.188821220645068522e+01
1.046415791390898242e+01
1.296408962885714899e+01
8.214724333230154940e+00
1.236077446474206631e+01
1.325545386523797831e+01
1.167204486311898926e+01
4.513516668382050234e+00
8.291859587312051971e+00
9.965574970333758387e+00
1.021790793990058255e+01
1.266602473693425601e+01
1.105581278308273596e+01
1.040314189572019821e+01
9.965574970333758387e+00
1.954410047611679691e+00
6.675581178124545545e+00
3.568248232305542444e+00
1.479855404066383784e+01
7.484820637019110379e+00
8.740387444736633427e+00
9.772050238058398008e+00
1.271618740744904485e+01
1.413855043925722121e+01
1.210051848659980855e+01
1.296408962885714899e+01
7.735777827895049086e+00
1.339876023397903637e+01
1.128379167095512559e+00
8.444016491289504600e+00
1.040314189572019821e+01
4.918490759365934828e+00
1.117038385124011413e+01
1.178062436274634450e+01
1.251433034574463399e+01
1.368087033328175828e+01
9.236181543108379799e+00
1.236077446474206631e+01
9.027033336764100468e+00
9.507891862878782518e+00
1.291488987023529766e+01
5.753627391751591880e+00
7.046725639945927711e+00
8.444016491289504600e+00
9.166995688475081394e+00
5.046265044040320724e+00
9.965574970333758387e+00
1.210051848659980855e+01
1.496964127403822076e+01
1.215301555949299761e+01
1.070474469691662733e+01
9.507891862878782518e+00
1.236077446474206631e+01
1.178062436274634450e+01
9.373021315815206478e+00
1.236077446474206631e+01
1.111324596323282954e+01
1.058513485680245481e+01
9.373021315815206478e+00
1.172646028567007725e+01
1.286550196516137312e+01
8.136857890256438353e+00
6.770275002573075795e+00
1.256509862862843541e+01
1.145179781116143225e+01
1.117038385124011413e+01
1.015541250385961369e+01
1.330339418036568588e+01
1.088169461344923583e+01
8.740387444736633427e+00
1.261566261010080048e+01
8.740387444736633427e+00
8.136857890256438353e+00
9.097283682934460103e+00
1.377362305878664728e+01
9.373021315815206478e+00
8.444016491289504600e+00
1.167204486311898926e+01
6.675581178124545545e+00
1.363425735166143049e+01
9.965574970333758387e+00
1.395727947504383337e+01
1.358748446131948917e+01
7.484820637019110379e+00
6.863662517577697741e+00
8.593479713983121826e+00
1.070474469691662733e+01
9.373021315815206478e+00
