1.431752655671925822e+01
1.058513485680245481e+01
1.034176589165282145e+01
1.215301555949299761e+01
6.770275002573075795e+00
6.955796338302048021e+00
1.484151074652385738e+01
1.471226436021925466e+01
1.409345127989185542e+01
1.904923279949933956e+01
1.607692842495848140e+01
1.204779266504070279e+01
1.145179781116143225e+01
1.052482020710848865e+01
1.513879513212096128e+01
1.413855043925722121e+01
1.427299292922216978e+01
1.266602473693425601e+01
1.199483507827737583e+01
1.860970596672511235e+01
1.194164264288369282e+01
1.501210842680413826e+01
1.335116235624909109e+01
1.034176589165282145e+01
7.898654169668588132e+00
1.046415791390898242e+01
1.543035303761632804e+01
9.965574970333758387e+00
1.431752655671925822e+01
1.484151074652385738e+01
8.136857890256438353e+00
1.281592373849173683e+01
1.395727947504383337e+01
1.296408962885714899e+01
1.349345229721172146e+01
1.372732503515539548e+01
1.301310337505149661e+01
1.436192209445157708e+01
1.225733520300188317e+01
1.256509862862843541e+01
5.170882945826410726e+00
1.178062436274634450e+01
1.058513485680245481e+01
8.214724333230154940e+00
1.769793569896924623e+01
1.188821220645068522e+01
1.551264883747923129e+01
1.256509862862843541e+01
1.662206308517478703e+01
1.466892917224166482e+01
1.427299292922216978e+01
9.772050238058398008e+00
9.965574970333758387e+00
1.466892917224166482e+01
1.134007028277388685e+01
1.607692842495848140e+01
9.373021315815206478e+00
1.210051848659980855e+01
9.772050238058398008e+00
1.666031874701878124e+01
1.296408962885714899e+01
7.484820637019110379e+00
1.603728119216292924e+01
1.492705330360461602e+01
1.156244577056221523e+01
1.418350619798065715e+01
7.653039857325811823e+00
1.296408962885714899e+01
6.863662517577697741e+00
1.583755632390385770e+01
1.230916348999737586e+01
1.058513485680245481e+01
1.178062436274634450e+01
1.266602473693425601e+01
1.381976597885341995e+01
1.296408962885714899e+01
1.281592373849173683e+01
1.015541250385961369e+01
1.658371917462410394e+01
1.122723095552866468e+01
3.385137501286537898e+00
1.286550196516137312e+01
1.575695754970980111e+01
1.266602473693425601e+01
7.046725639945927711e+00
1.733448968263843781e+01
1.094004191971426110e+01
1.522266721510391640e+01
1.471226436021925466e+01
1.315904928495908166e+01
