1.094004191971426110e+01
5.411516379806009525e+00
1.271618740744904485e+01
1.070474469691662733e+01
1.230916348999737586e+01
9.373021315815206478e+00
8.956231982162769611e+00
8.058239062071395509e+00
1.427299292922216978e+01
1.354055000514615159e+01
1.296408962885714899e+01
1.733448968263843781e+01
1.471226436021925466e+01
1.210051848659980855e+01
6.383076486422923246e+00
1.058513485680245481e+01
1.070474469691662733e+01
8.519075891779829490e+00
1.409345127989185542e+01
7.225151993843566878e+00
1.377362305878664728e+01
1.418350619798065715e+01
1.251433034574463399e+01
1.199483507827737583e+01
1.722396045987370883e+01
1.230916348999737586e+01
1.330339418036568588e+01
1.431752655671925822e+01
1.046415791390898242e+01
9.373021315815206478e+00
1.117038385124011413e+01
1.484151074652385738e+01
1.009253008808064145e+01
1.404820733880128181e+01
1.453814859003845150e+01
9.373021315815206478e+00
1.236077446474206631e+01
4.513516668382050234e+00
1.354055000514615159e+01
1.266602473693425601e+01
1.194164264288369282e+01
5.411516379806009525e+00
1.368087033328175828e+01
1.427299292922216978e+01
1.230916348999737586e+01
1.161737456321036532e+01
9.097283682934460103e+00
6.180387232371033157e+00
1.281592373849173683e+01
1.150725478350318376e+01
1.082303275961201905e+01
9.574614729634383536e+00
1.658371917462410394e+01
1.117038385124011413e+01
5.046265044040320724e+00
1.286550196516137312e+01
1.484151074652385738e+01
1.547155565579009817e+01
1.377362305878664728e+01
1.395727947504383337e+01
6.955796338302048021e+00
1.046415791390898242e+01
1.070474469691662733e+01
1.145179781116143225e+01
1.413855043925722121e+01
9.772050238058398008e+00
1.538904010394216471e+01
1.225733520300188317e+01
9.507891862878782518e+00
7.978845608028653835e+00
1.462546558286290477e+01
7.225151993843566878e+00
2.256758334191025117e+00
9.373021315815206478e+00
1.296408962885714899e+01
1.583755632390385770e+01
1.178062436274634450e+01
1.330339418036568588e+01
1.363425735166143049e+01
9.236181543108379799e+00
1.276615297284584649e+01
9.097283682934460103e+00
1.418350619798065715e+01
1.199483507827737583e+01
1.058513485680245481e+01
8.136857890256438353e+00
1.183454054540639433e+01
1.281592373849173683e+01
1.286550196516137312e+01
1.286550196516137312e+01
1.161737456321036532e+01
9.965574970333758387e+00
1.518078909665319287e+01
1.094004191971426110e+01
8.136857890256438353e+00
1.286550196516137312e+01
7.225151993843566878e+00
6.076507779746498805e+00
1.492705330360461602e+01
6.863662517577697741e+00
8.136857890256438353e+00
7.817640190446718762e+00
1.178062436274634450e+01
1.492705330360461602e+01
9.965574970333758387e+00
1.471226436021925466e+01
1.431752655671925822e+01
1.286550196516137312e+01
8.291859587312051971e+00
8.740387444736633427e+00
