6.383076486422923246e+00
9.440697438826296306e+00
1.046415791390898242e+01
6.076507779746498805e+00
1.111324596323282954e+01
1.194164264288369282e+01
9.965574970333758387e+00
6.863662517577697741e+00
1.002925341359354938e+01
7.817640190446718762e+00
8.593479713983121826e+00
5.753627391751591880e+00
1.271618740744904485e+01
1.256509862862843541e+01
1.358748446131948917e+01
1.236077446474206631e+01
1.204779266504070279e+01
1.139607097042601680e+01
7.569397566060480642e+00
1.058513485680245481e+01
9.965574970333758387e+00
8.740387444736633427e+00
1.070474469691662733e+01
6.180387232371033157e+00
6.383076486422923246e+00
3.385137501286537898e+00
9.507891862878782518e+00
1.256509862862843541e+01
6.579524642479540830e+00
6.579524642479540830e+00
1.178062436274634450e+01
1.167204486311898926e+01
7.225151993843566878e+00
8.291859587312051971e+00
8.136857890256438353e+00
7.312732791431452384e+00
5.970821321441846408e+00
1.150725478350318376e+01
1.475547227809780537e+01
1.281592373849173683e+01
1.021790793990058255e+01
1.167204486311898926e+01
1.058513485680245481e+01
9.507891862878782518e+00
4.652426491681278087e+00
1.058513485680245481e+01
1.325545386523797831e+01
9.574614729634383536e+00
1.320733953636073110e+01
5.411516379806009525e+00
1.225733520300188317e+01
3.385137501286537898e+00
7.225151993843566878e+00
9.166995688475081394e+00
9.166995688475081394e+00
1.178062436274634450e+01
1.117038385124011413e+01
1.021790793990058255e+01
1.266602473693425601e+01
8.136857890256438353e+00
1.178062436274634450e+01
1.256509862862843541e+01
1.122723095552866468e+01
6.675581178124545545e+00
8.136857890256438353e+00
9.965574970333758387e+00
9.901487006738307173e+00
1.236077446474206631e+01
1.040314189572019821e+01
2.763953195770683990e+00
9.901487006738307173e+00
9.574614729634383536e+00
6.076507779746498805e+00
7.312732791431452384e+00
6.579524642479540830e+00
1.372732503515539548e+01
1.311058116710494836e+01
7.399277020331918919e+00
5.292567428401227403e+00
8.740387444736633427e+00
9.236181543108379799e+00
1.241217083805063837e+01
1.377362305878664728e+01
3.908820095223359381e+00
1.161737456321036532e+01
1.220528683538465842e+01
7.735777827895049086e+00
6.076507779746498805e+00
1.296408962885714899e+01
8.136857890256438353e+00
9.965574970333758387e+00
6.383076486422923246e+00
1.111324596323282954e+01
1.156244577056221523e+01
1.236077446474206631e+01
1.296408962885714899e+01
1.220528683538465842e+01
8.667244841319218907e+00
9.027033336764100468e+00
9.373021315815206478e+00
5.170882945826410726e+00
6.863662517577697741e+00
3.385137501286537898e+00
1.178062436274634450e+01
7.312732791431452384e+00
8.740387444736633427e+00
9.440697438826296306e+00
6.955796338302048021e+00
9.965574970333758387e+00
5.863230142835038627e+00
1.178062436274634450e+01
1.479855404066383784e+01
1.178062436274634450e+01
1.058513485680245481e+01
9.373021315815206478e+00
1.236077446474206631e+01
1.178062436274634450e+01
9.373021315815206478e+00
1.194164264288369282e+01
1.082303275961201905e+01
1.002925341359354938e+01
9.373021315815206478e+00
1.145179781116143225e+01
1.215301555949299761e+01
8.368283871884004910e+00
7.735777827895049086e+00
1.178062436274634450e+01
1.070474469691662733e+01
1.070474469691662733e+01
5.753627391751591880e+00
9.640875829802336483e+00
1.276615297284584649e+01
5.970821321441846408e+00
9.706684619910241452e+00
8.740387444736633427e+00
1.145179781116143225e+01
3.908820095223359381e+00
5.863230142835038627e+00
8.740387444736633427e+00
4.513516668382050234e+00
8.136857890256438353e+00
3.385137501286537898e+00
8.368283871884004910e+00
1.261566261010080048e+01
9.373021315815206478e+00
8.444016491289504600e+00
1.156244577056221523e+01
7.569397566060480642e+00
1.296408962885714899e+01
9.965574970333758387e+00
1.330339418036568588e+01
1.266602473693425601e+01
7.817640190446718762e+00
7.569397566060480642e+00
8.519075891779829490e+00
1.058513485680245481e+01
9.373021315815206478e+00
