1.094004191971426110e+01
1.286550196516137312e+01
3.385137501286537898e+00
1.070474469691662733e+01
1.230916348999737586e+01
9.236181543108379799e+00
8.740387444736633427e+00
7.817640190446718762e+00
1.427299292922216978e+01
1.368087033328175828e+01
1.296408962885714899e+01
1.758969042850511855e+01
1.505445578434700415e+01
1.210051848659980855e+01
5.753627391751591880e+00
1.058513485680245481e+01
1.058513485680245481e+01
8.136857890256438353e+00
1.422831991532699902e+01
6.863662517577697741e+00
1.386575534383213970e+01
1.418350619798065715e+01
1.251433034574463399e+01
1.199483507827737583e+01
1.740778594902202769e+01
1.220528683538465842e+01
1.344618962205996482e+01
1.436192209445157708e+01
1.046415791390898242e+01
9.373021315815206478e+00
1.117038385124011413e+01
1.492705330360461602e+01
1.009253008808064145e+01
1.418350619798065715e+01
1.453814859003845150e+01
9.373021315815206478e+00
1.236077446474206631e+01
1.354055000514615159e+01
1.266602473693425601e+01
1.266602473693425601e+01
2.985410660720923204e+00
1.372732503515539548e+01
1.256509862862843541e+01
1.436192209445157708e+01
1.199483507827737583e+01
8.884866446580955923e+00
4.918490759365934828e+00
1.276615297284584649e+01
1.150725478350318376e+01
1.088169461344923583e+01
9.236181543108379799e+00
1.669848676668040710e+01
1.128379167095512514e+01
2.523132522020160362e+00
1.501210842680413826e+01
1.286550196516137312e+01
1.575695754970980111e+01
1.386575534383213970e+01
1.395727947504383337e+01
6.675581178124545545e+00
1.046415791390898242e+01
1.070474469691662733e+01
1.145179781116143225e+01
1.422831991532699902e+01
9.706684619910241452e+00
1.547155565579009817e+01
1.220528683538465842e+01
9.574614729634383536e+00
7.484820637019110379e+00
1.479855404066383784e+01
6.770275002573075795e+00
9.373021315815206478e+00
1.296408962885714899e+01
1.595769121605730767e+01
1.368087033328175828e+01
1.178062436274634450e+01
1.368087033328175828e+01
9.166995688475081394e+00
1.276615297284584649e+01
9.097283682934460103e+00
1.422831991532699902e+01
1.210051848659980855e+01
1.058513485680245481e+01
7.569397566060480642e+00
1.178062436274634450e+01
1.276615297284584649e+01
1.315904928495908166e+01
1.296408962885714899e+01
1.167204486311898926e+01
9.965574970333758387e+00
1.530607971465162365e+01
1.094004191971426110e+01
7.817640190446718762e+00
1.291488987023529766e+01
6.579524642479540830e+00
5.170882945826410726e+00
1.505445578434700415e+01
6.282549314314217703e+00
7.898654169668588132e+00
7.735777827895049086e+00
1.178062436274634450e+01
1.509668435477122017e+01
9.965574970333758387e+00
1.479855404066383784e+01
1.431752655671925822e+01
1.291488987023529766e+01
8.136857890256438353e+00
8.667244841319218907e+00
