1.040314189572019821e+01
1.105581278308273596e+01
1.178062436274634450e+01
1.210051848659980855e+01
1.002925341359354938e+01
9.965574970333758387e+00
6.076507779746498805e+00
9.027033336764100468e+00
1.404820733880128181e+01
1.306193320280393344e+01
1.296408962885714899e+01
1.522266721510391640e+01
1.266602473693425601e+01
1.204779266504070279e+01
7.817640190446718762e+00
1.058513485680245481e+01
1.088169461344923583e+01
8.740387444736633427e+00
1.178062436274634450e+01
6.383076486422923246e+00
9.373021315815206478e+00
1.377362305878664728e+01
1.330339418036568588e+01
1.256509862862843541e+01
5.527906391541367981e+00
7.225151993843566878e+00
5.170882945826410726e+00
7.225151993843566878e+00
1.178062436274634450e+01
4.513516668382050234e+00
1.646815177937675045e+01
1.099807968464679142e+01
1.325545386523797831e+01
1.178062436274634450e+01
1.058513485680245481e+01
9.965574970333758387e+00
1.070474469691662733e+01
1.391159267660409604e+01
9.836981518731869656e+00
1.358748446131948917e+01
1.286550196516137312e+01
1.002925341359354938e+01
4.513516668382050234e+00
8.368283871884004910e+00
1.194164264288369282e+01
1.320733953636073110e+01
1.230916348999737586e+01
1.064510777218481152e+01
8.136857890256438353e+00
1.291488987023529766e+01
1.372732503515539548e+01
1.178062436274634450e+01
1.040314189572019821e+01
8.136857890256438353e+00
9.965574970333758387e+00
1.276615297284584649e+01
1.117038385124011413e+01
1.094004191971426110e+01
9.965574970333758387e+00
5.641895835477562571e+00
1.522266721510391640e+01
7.225151993843566878e+00
8.444016491289504600e+00
1.009253008808064145e+01
1.276615297284584649e+01
1.436192209445157708e+01
1.236077446474206631e+01
1.344618962205996482e+01
7.046725639945927711e+00
1.354055000514615159e+01
8.593479713983121826e+00
1.058513485680245481e+01
1.111324596323282954e+01
1.178062436274634450e+01
1.281592373849173683e+01
9.772050238058398008e+00
1.400281721259029588e+01
1.236077446474206631e+01
8.884866446580955923e+00
9.373021315815206478e+00
1.330339418036568588e+01
3.385137501286537898e+00
6.482044814428574497e+00
8.136857890256438353e+00
8.884866446580955923e+00
9.965574970333758387e+00
1.286550196516137312e+01
1.505445578434700415e+01
1.088169461344923583e+01
1.236077446474206631e+01
1.256509862862843541e+01
9.373021315815206478e+00
1.210051848659980855e+01
9.373021315815206478e+00
1.306193320280393344e+01
1.117038385124011413e+01
1.058513485680245481e+01
9.373021315815206478e+00
1.183454054540639433e+01
1.296408962885714899e+01
7.898654169668588132e+00
5.411516379806009525e+00
1.266602473693425601e+01
1.167204486311898926e+01
1.117038385124011413e+01
9.965574970333758387e+00
1.363425735166143049e+01
1.105581278308273596e+01
8.740387444736633427e+00
1.261566261010080048e+01
8.740387444736633427e+00
8.136857890256438353e+00
8.740387444736633427e+00
1.386575534383213970e+01
9.373021315815206478e+00
8.136857890256438353e+00
1.178062436274634450e+01
1.381976597885341995e+01
4.918490759365934828e+00
9.965574970333758387e+00
1.413855043925722121e+01
1.404820733880128181e+01
7.225151993843566878e+00
1.172646028567007725e+01
8.884866446580955923e+00
6.076507779746498805e+00
9.373021315815206478e+00
