1.418350619798065715e+01
1.046415791390898242e+01
1.034176589165282145e+01
1.215301555949299761e+01
5.753627391751591880e+00
5.753627391751591880e+00
1.501210842680413826e+01
1.479855404066383784e+01
1.427299292922216978e+01
1.918244584062371416e+01
1.627371578051287671e+01
1.204779266504070279e+01
1.150725478350318376e+01
1.046415791390898242e+01
1.518078909665319287e+01
1.413855043925722121e+01
1.431752655671925822e+01
1.266602473693425601e+01
1.199483507827737583e+01
1.867799869518773193e+01
1.183454054540639433e+01
1.509668435477122017e+01
1.339876023397903637e+01
1.034176589165282145e+01
7.484820637019110379e+00
1.021790793990058255e+01
1.543035303761632804e+01
9.836981518731869656e+00
1.431752655671925822e+01
1.488434347843123184e+01
7.484820637019110379e+00
1.291488987023529766e+01
1.404820733880128181e+01
1.296408962885714899e+01
1.354055000514615159e+01
1.372732503515539548e+01
1.296408962885714899e+01
1.436192209445157708e+01
1.220528683538465842e+01
1.256509862862843541e+01
2.763953195770683990e+00
1.178062436274634450e+01
1.058513485680245481e+01
8.058239062071395509e+00
1.805406667352820094e+01
1.183454054540639433e+01
1.551264883747923129e+01
1.256509862862843541e+01
1.662206308517478703e+01
1.479855404066383784e+01
1.427299292922216978e+01
9.574614729634383536e+00
9.965574970333758387e+00
1.475547227809780537e+01
1.134007028277388685e+01
1.635176762293251684e+01
8.956231982162769611e+00
1.204779266504070279e+01
9.507891862878782518e+00
1.692568750643268771e+01
1.296408962885714899e+01
1.603728119216292924e+01
1.501210842680413826e+01
7.225151993843566878e+00
1.156244577056221523e+01
1.427299292922216978e+01
7.136496464611084889e+00
1.296408962885714899e+01
6.482044814428574497e+00
1.639065416446577927e+01
1.230916348999737586e+01
1.058513485680245481e+01
1.178062436274634450e+01
1.256509862862843541e+01
1.372732503515539548e+01
1.296408962885714899e+01
1.291488987023529766e+01
1.040314189572019821e+01
1.673656774376800982e+01
1.117038385124011413e+01
1.286550196516137312e+01
1.599753570059363028e+01
1.281592373849173683e+01
6.675581178124545545e+00
1.740778594902202769e+01
1.082303275961201905e+01
1.530607971465162365e+01
1.484151074652385738e+01
1.315904928495908166e+01
