1.094004191971426110e+01
5.170882945826410726e+00
1.276615297284584649e+01
1.070474469691662733e+01
1.230916348999737586e+01
9.236181543108379799e+00
8.884866446580955923e+00
7.978845608028653835e+00
1.427299292922216978e+01
1.354055000514615159e+01
1.296408962885714899e+01
1.744431859350498826e+01
1.484151074652385738e+01
1.210051848659980855e+01
6.282549314314217703e+00
1.058513485680245481e+01
1.058513485680245481e+01
8.136857890256438353e+00
1.418350619798065715e+01
7.136496464611084889e+00
1.377362305878664728e+01
1.418350619798065715e+01
1.251433034574463399e+01
1.199483507827737583e+01
1.733448968263843781e+01
1.230916348999737586e+01
1.339876023397903637e+01
1.436192209445157708e+01
1.046415791390898242e+01
9.373021315815206478e+00
1.117038385124011413e+01
1.484151074652385738e+01
1.009253008808064145e+01
1.404820733880128181e+01
1.453814859003845150e+01
9.373021315815206478e+00
1.236077446474206631e+01
4.222008245644752300e+00
1.354055000514615159e+01
1.266602473693425601e+01
1.220528683538465842e+01
4.652426491681278087e+00
1.368087033328175828e+01
1.427299292922216978e+01
1.236077446474206631e+01
1.161737456321036532e+01
9.097283682934460103e+00
5.970821321441846408e+00
1.276615297284584649e+01
1.150725478350318376e+01
1.082303275961201905e+01
9.373021315815206478e+00
1.662206308517478703e+01
1.117038385124011413e+01
4.513516668382050234e+00
1.286550196516137312e+01
1.488434347843123184e+01
1.555363345008750464e+01
1.381976597885341995e+01
1.395727947504383337e+01
6.863662517577697741e+00
1.046415791390898242e+01
1.070474469691662733e+01
1.145179781116143225e+01
1.413855043925722121e+01
9.772050238058398008e+00
1.547155565579009817e+01
1.220528683538465842e+01
9.507891862878782518e+00
7.898654169668588132e+00
1.466892917224166482e+01
7.225151993843566878e+00
9.373021315815206478e+00
1.296408962885714899e+01
1.583755632390385770e+01
1.344618962205996482e+01
1.178062436274634450e+01
1.358748446131948917e+01
9.304852983362556174e+00
1.276615297284584649e+01
9.097283682934460103e+00
1.418350619798065715e+01
1.199483507827737583e+01
1.058513485680245481e+01
8.136857890256438353e+00
1.178062436274634450e+01
1.281592373849173683e+01
1.291488987023529766e+01
1.286550196516137312e+01
1.167204486311898926e+01
9.965574970333758387e+00
1.522266721510391640e+01
1.094004191971426110e+01
7.978845608028653835e+00
1.286550196516137312e+01
7.046725639945927711e+00
5.753627391751591880e+00
1.496964127403822076e+01
6.863662517577697741e+00
8.136857890256438353e+00
7.898654169668588132e+00
1.178062436274634450e+01
1.492705330360461602e+01
9.965574970333758387e+00
1.475547227809780537e+01
1.431752655671925822e+01
1.286550196516137312e+01
8.136857890256438353e+00
8.740387444736633427e+00
