6.383076486422923246e+00
9.507891862878782518e+00
1.064510777218481152e+01
5.527906391541367981e+00
1.134007028277388685e+01
1.194164264288369282e+01
9.965574970333758387e+00
6.482044814428574497e+00
1.002925341359354938e+01
7.399277020331918919e+00
8.593479713983121826e+00
4.787307364817191768e+00
1.286550196516137312e+01
1.271618740744904485e+01
1.246335526484300615e+01
1.358748446131948917e+01
1.215301555949299761e+01
1.188821220645068522e+01
7.569397566060480642e+00
1.058513485680245481e+01
1.002925341359354938e+01
8.740387444736633427e+00
1.099807968464679142e+01
5.292567428401227403e+00
6.383076486422923246e+00
9.507891862878782518e+00
1.281592373849173683e+01
1.215301555949299761e+01
1.172646028567007725e+01
6.076507779746498805e+00
6.180387232371033157e+00
7.046725639945927711e+00
8.291859587312051971e+00
8.136857890256438353e+00
7.225151993843566878e+00
5.527906391541367981e+00
1.156244577056221523e+01
1.509668435477122017e+01
1.296408962885714899e+01
1.021790793990058255e+01
1.167204486311898926e+01
1.058513485680245481e+01
9.965574970333758387e+00
3.568248232305542444e+00
1.058513485680245481e+01
1.339876023397903637e+01
9.507891862878782518e+00
1.330339418036568588e+01
4.222008245644752300e+00
1.236077446474206631e+01
7.225151993843566878e+00
9.166995688475081394e+00
9.166995688475081394e+00
1.178062436274634450e+01
1.156244577056221523e+01
1.021790793990058255e+01
1.276615297284584649e+01
8.136857890256438353e+00
1.178062436274634450e+01
1.281592373849173683e+01
1.128379167095512514e+01
6.383076486422923246e+00
8.136857890256438353e+00
9.965574970333758387e+00
9.965574970333758387e+00
1.236077446474206631e+01
1.046415791390898242e+01
1.002925341359354938e+01
9.965574970333758387e+00
5.753627391751591880e+00
7.046725639945927711e+00
5.970821321441846408e+00
1.413855043925722121e+01
1.315904928495908166e+01
7.399277020331918919e+00
8.740387444736633427e+00
4.370193722368316713e+00
9.373021315815206478e+00
1.246335526484300615e+01
1.386575534383213970e+01
1.167204486311898926e+01
1.256509862862843541e+01
7.653039857325811823e+00
5.753627391751591880e+00
1.315904928495908166e+01
8.368283871884004910e+00
1.002925341359354938e+01
6.076507779746498805e+00
1.111324596323282954e+01
1.161737456321036532e+01
1.236077446474206631e+01
1.311058116710494836e+01
8.812923024107547576e+00
1.225733520300188317e+01
9.027033336764100468e+00
9.373021315815206478e+00
4.513516668382050234e+00
6.579524642479540830e+00
1.210051848659980855e+01
7.399277020331918919e+00
8.667244841319218907e+00
9.304852983362556174e+00
6.770275002573075795e+00
9.965574970333758387e+00
5.411516379806009525e+00
1.178062436274634450e+01
1.488434347843123184e+01
1.194164264288369282e+01
1.058513485680245481e+01
9.373021315815206478e+00
1.236077446474206631e+01
1.178062436274634450e+01
9.373021315815206478e+00
1.215301555949299761e+01
1.099807968464679142e+01
1.009253008808064145e+01
9.373021315815206478e+00
1.145179781116143225e+01
1.241217083805063837e+01
8.291859587312051971e+00
7.484820637019110379e+00
1.215301555949299761e+01
1.082303275961201905e+01
1.088169461344923583e+01
9.640875829802336483e+00
5.046265044040320724e+00
1.291488987023529766e+01
5.411516379806009525e+00
1.021790793990058255e+01
8.740387444736633427e+00
1.178062436274634450e+01
5.046265044040320724e+00
8.740387444736633427e+00
2.256758334191025117e+00
8.136857890256438353e+00
8.444016491289504600e+00
1.320733953636073110e+01
9.373021315815206478e+00
8.593479713983121826e+00
1.156244577056221523e+01
7.569397566060480642e+00
1.306193320280393344e+01
9.965574970333758387e+00
1.344618962205996482e+01
1.276615297284584649e+01
7.817640190446718762e+00
7.399277020331918919e+00
8.593479713983121826e+00
1.058513485680245481e+01
9.373021315815206478e+00
