1.409345127989185542e+01
1.070474469691662733e+01
1.046415791390898242e+01
1.220528683538465842e+01
7.225151993843566878e+00
7.136496464611084889e+00
4.370193722368316713e+00
1.462546558286290477e+01
1.453814859003845150e+01
1.381976597885341995e+01
1.888139487765259261e+01
1.591774699517169012e+01
1.204779266504070279e+01
1.105581278308273596e+01
1.046415791390898242e+01
1.505445578434700415e+01
4.652426491681278087e+00
1.409345127989185542e+01
1.427299292922216978e+01
1.266602473693425601e+01
1.199483507827737583e+01
1.847236308621675960e+01
1.194164264288369282e+01
1.488434347843123184e+01
1.339876023397903637e+01
1.034176589165282145e+01
8.058239062071395509e+00
1.052482020710848865e+01
1.538904010394216471e+01
9.965574970333758387e+00
1.427299292922216978e+01
1.479855404066383784e+01
8.444016491289504600e+00
1.266602473693425601e+01
1.395727947504383337e+01
1.296408962885714899e+01
1.344618962205996482e+01
1.377362305878664728e+01
1.296408962885714899e+01
1.436192209445157708e+01
1.225733520300188317e+01
1.256509862862843541e+01
6.180387232371033157e+00
1.172646028567007725e+01
1.052482020710848865e+01
8.519075891779829490e+00
1.751715531361111644e+01
1.199483507827737583e+01
1.538904010394216471e+01
1.251433034574463399e+01
1.654528640181426269e+01
1.458187244392064308e+01
1.427299292922216978e+01
9.901487006738307173e+00
1.021790793990058255e+01
1.466892917224166482e+01
1.134007028277388685e+01
1.599753570059363028e+01
9.373021315815206478e+00
1.220528683538465842e+01
9.772050238058398008e+00
1.635176762293251684e+01
1.296408962885714899e+01
7.817640190446718762e+00
1.603728119216292924e+01
1.488434347843123184e+01
1.167204486311898926e+01
1.400281721259029588e+01
8.058239062071395509e+00
1.306193320280393344e+01
7.225151993843566878e+00
1.551264883747923129e+01
1.220528683538465842e+01
1.058513485680245481e+01
1.178062436274634450e+01
1.276615297284584649e+01
1.381976597885341995e+01
1.296408962885714899e+01
1.271618740744904485e+01
1.009253008808064145e+01
1.654528640181426269e+01
1.122723095552866468e+01
5.170882945826410726e+00
1.296408962885714899e+01
1.555363345008750464e+01
1.246335526484300615e+01
7.225151993843566878e+00
1.688803298257900920e+01
1.094004191971426110e+01
1.505445578434700415e+01
1.471226436021925466e+01
1.306193320280393344e+01
4.068428945128219176e+00
2.985410660720923204e+00
