1.094004191971426110e+01
1.349345229721172146e+01
1.058513485680245481e+01
1.220528683538465842e+01
8.291859587312051971e+00
8.291859587312051971e+00
6.482044814428574497e+00
1.440618081907316395e+01
1.427299292922216978e+01
1.339876023397903637e+01
1.854116169711310036e+01
1.543035303761632804e+01
1.210051848659980855e+01
1.058513485680245481e+01
1.058513485680245481e+01
1.484151074652385738e+01
6.955796338302048021e+00
1.404820733880128181e+01
1.422831991532699902e+01
1.266602473693425601e+01
1.199483507827737583e+01
1.819456736586892021e+01
1.199483507827737583e+01
1.496964127403822076e+01
1.354055000514615159e+01
1.034176589165282145e+01
8.812923024107547576e+00
1.070474469691662733e+01
1.526443044094783019e+01
1.002925341359354938e+01
1.427299292922216978e+01
1.479855404066383784e+01
9.097283682934460103e+00
1.236077446474206631e+01
1.386575534383213970e+01
1.296408962885714899e+01
1.339876023397903637e+01
1.377362305878664728e+01
1.301310337505149661e+01
1.436192209445157708e+01
1.236077446474206631e+01
7.735777827895049086e+00
1.256509862862843541e+01
1.150725478350318376e+01
1.070474469691662733e+01
9.027033336764100468e+00
1.711271735549580697e+01
1.210051848659980855e+01
1.538904010394216471e+01
1.261566261010080048e+01
1.642944866646030988e+01
1.427299292922216978e+01
1.422831991532699902e+01
1.002925341359354938e+01
1.058513485680245481e+01
1.453814859003845150e+01
1.134007028277388685e+01
1.591774699517169012e+01
9.373021315815206478e+00
1.225733520300188317e+01
9.507891862878782518e+00
5.411516379806009525e+00
1.551264883747923129e+01
1.296408962885714899e+01
8.593479713983121826e+00
1.603728119216292924e+01
1.462546558286290477e+01
1.167204486311898926e+01
1.391159267660409604e+01
8.740387444736633427e+00
1.306193320280393344e+01
8.214724333230154940e+00
1.509668435477122017e+01
1.215301555949299761e+01
1.058513485680245481e+01
1.183454054540639433e+01
5.170882945826410726e+00
1.276615297284584649e+01
1.363425735166143049e+01
1.296408962885714899e+01
1.236077446474206631e+01
9.965574970333758387e+00
1.583755632390385770e+01
1.094004191971426110e+01
6.863662517577697741e+00
1.296408962885714899e+01
1.543035303761632804e+01
7.653039857325811823e+00
6.383076486422923246e+00
1.225733520300188317e+01
1.635176762293251684e+01
1.058513485680245481e+01
1.501210842680413826e+01
1.445030398768713376e+01
1.306193320280393344e+01
6.675581178124545545e+00
7.046725639945927711e+00
