7.225151993843566878e+00
1.058513485680245481e+01
1.070474469691662733e+01
1.225733520300188317e+01
1.230916348999737586e+01
9.901487006738307173e+00
9.706684619910241452e+00
8.593479713983121826e+00
1.427299292922216978e+01
1.335116235624909109e+01
1.296408962885714899e+01
1.646815177937675045e+01
1.391159267660409604e+01
1.215301555949299761e+01
7.136496464611084889e+00
1.058513485680245481e+01
1.088169461344923583e+01
8.740387444736633427e+00
1.296408962885714899e+01
8.444016491289504600e+00
5.046265044040320724e+00
1.368087033328175828e+01
1.404820733880128181e+01
1.251433034574463399e+01
5.641895835477562571e+00
5.411516379806009525e+00
1.204779266504070279e+01
1.696325844612841038e+01
1.188821220645068522e+01
1.386575534383213970e+01
1.236077446474206631e+01
1.058513485680245481e+01
9.574614729634383536e+00
1.117038385124011413e+01
1.458187244392064308e+01
1.040314189572019821e+01
1.381976597885341995e+01
1.422831991532699902e+01
9.640875829802336483e+00
6.955796338302048021e+00
1.236077446474206631e+01
1.339876023397903637e+01
1.246335526484300615e+01
1.134007028277388685e+01
6.955796338302048021e+00
1.344618962205996482e+01
1.404820733880128181e+01
1.178062436274634450e+01
1.117038385124011413e+01
7.898654169668588132e+00
9.640875829802336483e+00
1.286550196516137312e+01
1.134007028277388685e+01
1.088169461344923583e+01
9.836981518731869656e+00
1.583755632390385770e+01
1.111324596323282954e+01
7.225151993843566878e+00
1.281592373849173683e+01
1.466892917224166482e+01
1.496964127403822076e+01
1.339876023397903637e+01
1.381976597885341995e+01
8.136857890256438353e+00
1.058513485680245481e+01
1.094004191971426110e+01
1.167204486311898926e+01
1.386575534383213970e+01
9.901487006738307173e+00
1.484151074652385738e+01
1.236077446474206631e+01
8.740387444736633427e+00
9.373021315815206478e+00
1.400281721259029588e+01
6.579524642479540830e+00
8.058239062071395509e+00
9.772050238058398008e+00
1.296408962885714899e+01
1.563528038089343752e+01
1.183454054540639433e+01
1.296408962885714899e+01
1.291488987023529766e+01
9.373021315815206478e+00
1.266602473693425601e+01
9.373021315815206478e+00
1.368087033328175828e+01
1.167204486311898926e+01
1.058513485680245481e+01
8.740387444736633427e+00
1.183454054540639433e+01
1.296408962885714899e+01
4.513516668382050234e+00
1.241217083805063837e+01
1.276615297284584649e+01
1.117038385124011413e+01
9.965574970333758387e+00
1.466892917224166482e+01
1.105581278308273596e+01
8.136857890256438353e+00
1.276615297284584649e+01
8.058239062071395509e+00
7.225151993843566878e+00
7.817640190446718762e+00
1.488434347843123184e+01
8.740387444736633427e+00
8.136857890256438353e+00
1.178062436274634450e+01
1.436192209445157708e+01
9.965574970333758387e+00
1.431752655671925822e+01
1.422831991532699902e+01
1.281592373849173683e+01
3.908820095223359381e+00
8.667244841319218907e+00
9.304852983362556174e+00
