1.431752655671925822e+01
1.058513485680245481e+01
1.034176589165282145e+01
1.215301555949299761e+01
5.753627391751591880e+00
5.970821321441846408e+00
1.501210842680413826e+01
1.479855404066383784e+01
1.418350619798065715e+01
1.911595536035255805e+01
1.623454913941802857e+01
1.204779266504070279e+01
1.150725478350318376e+01
1.046415791390898242e+01
1.513879513212096128e+01
1.413855043925722121e+01
1.431752655671925822e+01
1.266602473693425601e+01
1.199483507827737583e+01
1.860970596672511235e+01
1.183454054540639433e+01
1.505445578434700415e+01
1.335116235624909109e+01
1.034176589165282145e+01
7.484820637019110379e+00
1.034176589165282145e+01
1.543035303761632804e+01
9.901487006738307173e+00
1.431752655671925822e+01
1.488434347843123184e+01
7.735777827895049086e+00
1.281592373849173683e+01
1.400281721259029588e+01
1.296408962885714899e+01
1.354055000514615159e+01
1.372732503515539548e+01
1.296408962885714899e+01
1.436192209445157708e+01
1.220528683538465842e+01
1.256509862862843541e+01
3.908820095223359381e+00
1.178062436274634450e+01
1.058513485680245481e+01
8.291859587312051971e+00
1.791246396432553922e+01
1.183454054540639433e+01
1.551264883747923129e+01
1.256509862862843541e+01
1.662206308517478703e+01
1.475547227809780537e+01
1.427299292922216978e+01
9.640875829802336483e+00
9.965574970333758387e+00
1.471226436021925466e+01
1.134007028277388685e+01
1.619528777809902209e+01
9.166995688475081394e+00
1.204779266504070279e+01
9.574614729634383536e+00
1.685029431422315938e+01
1.296408962885714899e+01
1.603728119216292924e+01
1.501210842680413826e+01
7.225151993843566878e+00
1.156244577056221523e+01
1.427299292922216978e+01
7.312732791431452384e+00
1.296408962885714899e+01
6.863662517577697741e+00
1.631278838364701755e+01
1.230916348999737586e+01
1.058513485680245481e+01
1.178062436274634450e+01
1.261566261010080048e+01
1.381976597885341995e+01
1.296408962885714899e+01
1.286550196516137312e+01
1.040314189572019821e+01
1.666031874701878124e+01
1.117038385124011413e+01
1.286550196516137312e+01
1.595769121605730767e+01
1.276615297284584649e+01
6.863662517577697741e+00
1.737117647432762624e+01
1.088169461344923583e+01
1.526443044094783019e+01
1.484151074652385738e+01
1.315904928495908166e+01
