1.009253008808064145e+01
1.111324596323282954e+01
1.178062436274634450e+01
1.210051848659980855e+01
9.965574970333758387e+00
9.965574970333758387e+00
3.742410318509555189e+00
6.579524642479540830e+00
9.027033336764100468e+00
1.395727947504383337e+01
1.296408962885714899e+01
1.286550196516137312e+01
1.475547227809780537e+01
1.236077446474206631e+01
1.188821220645068522e+01
7.817640190446718762e+00
1.058513485680245481e+01
1.088169461344923583e+01
8.740387444736633427e+00
1.156244577056221523e+01
6.383076486422923246e+00
9.373021315815206478e+00
1.358748446131948917e+01
1.301310337505149661e+01
1.246335526484300615e+01
6.076507779746498805e+00
7.653039857325811823e+00
5.527906391541367981e+00
7.569397566060480642e+00
1.178062436274634450e+01
5.641895835477562571e+00
1.642944866646030988e+01
1.082303275961201905e+01
1.315904928495908166e+01
1.178062436274634450e+01
1.058513485680245481e+01
9.965574970333758387e+00
1.070474469691662733e+01
1.386575534383213970e+01
9.706684619910241452e+00
1.349345229721172146e+01
1.261566261010080048e+01
1.002925341359354938e+01
5.753627391751591880e+00
8.519075891779829490e+00
1.178062436274634450e+01
1.315904928495908166e+01
1.215301555949299761e+01
1.064510777218481152e+01
8.136857890256438353e+00
1.266602473693425601e+01
1.368087033328175828e+01
1.178062436274634450e+01
8.136857890256438353e+00
9.965574970333758387e+00
1.034176589165282145e+01
1.276615297284584649e+01
1.111324596323282954e+01
1.088169461344923583e+01
9.965574970333758387e+00
5.970821321441846408e+00
1.505445578434700415e+01
7.484820637019110379e+00
8.667244841319218907e+00
1.009253008808064145e+01
1.266602473693425601e+01
1.431752655671925822e+01
1.215301555949299761e+01
1.320733953636073110e+01
7.484820637019110379e+00
1.354055000514615159e+01
8.519075891779829490e+00
1.058513485680245481e+01
1.117038385124011413e+01
1.178062436274634450e+01
1.266602473693425601e+01
9.574614729634383536e+00
1.395727947504383337e+01
1.236077446474206631e+01
9.027033336764100468e+00
9.507891862878782518e+00
1.330339418036568588e+01
4.513516668382050234e+00
6.770275002573075795e+00
8.291859587312051971e+00
9.027033336764100468e+00
9.965574970333758387e+00
2.763953195770683990e+00
1.236077446474206631e+01
1.505445578434700415e+01
1.230916348999737586e+01
1.070474469691662733e+01
9.574614729634383536e+00
1.236077446474206631e+01
1.194164264288369282e+01
9.373021315815206478e+00
1.286550196516137312e+01
1.117038385124011413e+01
1.058513485680245481e+01
9.373021315815206478e+00
1.178062436274634450e+01
1.296408962885714899e+01
8.058239062071395509e+00
5.753627391751591880e+00
1.261566261010080048e+01
1.150725478350318376e+01
1.117038385124011413e+01
9.965574970333758387e+00
1.358748446131948917e+01
1.094004191971426110e+01
8.740387444736633427e+00
1.256509862862843541e+01
8.740387444736633427e+00
8.136857890256438353e+00
8.740387444736633427e+00
1.381976597885341995e+01
9.373021315815206478e+00
8.136857890256438353e+00
1.178062436274634450e+01
1.377362305878664728e+01
5.753627391751591880e+00
9.965574970333758387e+00
1.409345127989185542e+01
1.395727947504383337e+01
7.225151993843566878e+00
1.134007028277388685e+01
8.884866446580955923e+00
6.383076486422923246e+00
9.373021315815206478e+00
