7.653039857325811823e+00
1.058513485680245481e+01
1.088169461344923583e+01
1.210051848659980855e+01
1.225733520300188317e+01
9.965574970333758387e+00
9.836981518731869656e+00
8.740387444736633427e+00
1.422831991532699902e+01
1.330339418036568588e+01
1.296408962885714899e+01
1.623454913941802857e+01
1.354055000514615159e+01
1.215301555949299761e+01
7.312732791431452384e+00
1.058513485680245481e+01
1.088169461344923583e+01
8.740387444736633427e+00
1.286550196516137312e+01
6.076507779746498805e+00
8.812923024107547576e+00
1.368087033328175828e+01
1.395727947504383337e+01
1.251433034574463399e+01
6.180387232371033157e+00
6.076507779746498805e+00
1.199483507827737583e+01
1.696325844612841038e+01
1.178062436274634450e+01
1.381976597885341995e+01
1.225733520300188317e+01
1.058513485680245481e+01
9.836981518731869656e+00
1.117038385124011413e+01
1.445030398768713376e+01
1.046415791390898242e+01
1.372732503515539548e+01
1.363425735166143049e+01
9.965574970333758387e+00
7.399277020331918919e+00
1.236077446474206631e+01
1.335116235624909109e+01
1.246335526484300615e+01
1.094004191971426110e+01
7.653039857325811823e+00
1.330339418036568588e+01
1.391159267660409604e+01
1.178062436274634450e+01
1.117038385124011413e+01
8.136857890256438353e+00
9.772050238058398008e+00
1.286550196516137312e+01
1.117038385124011413e+01
1.094004191971426110e+01
9.965574970333758387e+00
1.559451034962034477e+01
4.068428945128219176e+00
1.105581278308273596e+01
7.653039857325811823e+00
1.281592373849173683e+01
1.449429283826230197e+01
1.431752655671925822e+01
1.306193320280393344e+01
1.381976597885341995e+01
4.370193722368316713e+00
8.136857890256438353e+00
1.058513485680245481e+01
1.105581278308273596e+01
1.178062436274634450e+01
1.349345229721172146e+01
9.965574970333758387e+00
1.475547227809780537e+01
1.236077446474206631e+01
8.740387444736633427e+00
9.373021315815206478e+00
1.386575534383213970e+01
3.568248232305542444e+00
7.046725639945927711e+00
8.444016491289504600e+00
9.772050238058398008e+00
1.296408962885714899e+01
1.567594437773643001e+01
1.167204486311898926e+01
1.276615297284584649e+01
1.286550196516137312e+01
9.373021315815206478e+00
1.266602473693425601e+01
9.373021315815206478e+00
1.354055000514615159e+01
1.150725478350318376e+01
1.058513485680245481e+01
9.166995688475081394e+00
1.183454054540639433e+01
1.296408962885714899e+01
5.753627391751591880e+00
1.210051848659980855e+01
1.276615297284584649e+01
1.117038385124011413e+01
9.965574970333758387e+00
1.462546558286290477e+01
1.117038385124011413e+01
8.444016491289504600e+00
1.276615297284584649e+01
8.291859587312051971e+00
7.569397566060480642e+00
8.136857890256438353e+00
1.488434347843123184e+01
9.027033336764100468e+00
8.136857890256438353e+00
1.178062436274634450e+01
1.413855043925722121e+01
9.965574970333758387e+00
1.427299292922216978e+01
1.422831991532699902e+01
1.266602473693425601e+01
5.292567428401227403e+00
9.166995688475081394e+00
9.373021315815206478e+00
