1.070474469691662733e+01
1.368087033328175828e+01
1.058513485680245481e+01
1.220528683538465842e+01
7.817640190446718762e+00
7.817640190446718762e+00
5.753627391751591880e+00
1.445030398768713376e+01
1.440618081907316395e+01
1.354055000514615159e+01
1.874604263163041296e+01
1.563528038089343752e+01
1.204779266504070279e+01
1.058513485680245481e+01
1.058513485680245481e+01
1.496964127403822076e+01
6.383076486422923246e+00
1.404820733880128181e+01
1.422831991532699902e+01
1.266602473693425601e+01
1.199483507827737583e+01
1.829923496393627147e+01
1.194164264288369282e+01
1.492705330360461602e+01
1.349345229721172146e+01
1.034176589165282145e+01
8.593479713983121826e+00
1.070474469691662733e+01
1.530607971465162365e+01
1.002925341359354938e+01
1.427299292922216978e+01
1.479855404066383784e+01
8.740387444736633427e+00
1.256509862862843541e+01
1.386575534383213970e+01
1.296408962885714899e+01
1.335116235624909109e+01
1.377362305878664728e+01
1.291488987023529766e+01
1.436192209445157708e+01
1.225733520300188317e+01
7.225151993843566878e+00
1.256509862862843541e+01
1.150725478350318376e+01
1.064510777218481152e+01
8.812923024107547576e+00
1.740778594902202769e+01
1.204779266504070279e+01
1.538904010394216471e+01
1.261566261010080048e+01
1.646815177937675045e+01
1.436192209445157708e+01
1.427299292922216978e+01
1.002925341359354938e+01
1.052482020710848865e+01
1.462546558286290477e+01
1.134007028277388685e+01
1.595769121605730767e+01
9.373021315815206478e+00
1.225733520300188317e+01
9.507891862878782518e+00
1.595769121605730767e+01
3.568248232305542444e+00
1.296408962885714899e+01
8.519075891779829490e+00
1.603728119216292924e+01
1.471226436021925466e+01
1.167204486311898926e+01
1.395727947504383337e+01
8.444016491289504600e+00
1.301310337505149661e+01
7.735777827895049086e+00
1.534761596392107741e+01
1.215301555949299761e+01
1.058513485680245481e+01
1.183454054540639433e+01
1.276615297284584649e+01
1.372732503515539548e+01
1.296408962885714899e+01
1.251433034574463399e+01
9.965574970333758387e+00
1.615593100600235843e+01
1.094004191971426110e+01
6.863662517577697741e+00
1.296408962885714899e+01
1.547155565579009817e+01
7.484820637019110379e+00
1.230916348999737586e+01
5.292567428401227403e+00
1.654528640181426269e+01
1.070474469691662733e+01
1.505445578434700415e+01
1.453814859003845150e+01
1.306193320280393344e+01
5.970821321441846408e+00
5.970821321441846408e+00
