7.484820637019110379e+00
1.058513485680245481e+01
1.070474469691662733e+01
1.220528683538465842e+01
1.230916348999737586e+01
9.965574970333758387e+00
9.706684619910241452e+00
8.740387444736633427e+00
1.427299292922216978e+01
1.335116235624909109e+01
1.296408962885714899e+01
1.635176762293251684e+01
1.386575534383213970e+01
1.215301555949299761e+01
7.136496464611084889e+00
1.058513485680245481e+01
1.088169461344923583e+01
8.740387444736633427e+00
1.296408962885714899e+01
8.519075891779829490e+00
5.046265044040320724e+00
1.368087033328175828e+01
1.400281721259029588e+01
1.251433034574463399e+01
5.970821321441846408e+00
5.753627391751591880e+00
1.204779266504070279e+01
1.696325844612841038e+01
1.183454054540639433e+01
1.381976597885341995e+01
1.225733520300188317e+01
1.058513485680245481e+01
9.772050238058398008e+00
1.117038385124011413e+01
1.453814859003845150e+01
1.046415791390898242e+01
1.377362305878664728e+01
1.381976597885341995e+01
9.836981518731869656e+00
7.136496464611084889e+00
1.236077446474206631e+01
1.335116235624909109e+01
1.246335526484300615e+01
1.128379167095512514e+01
7.136496464611084889e+00
1.335116235624909109e+01
1.395727947504383337e+01
1.178062436274634450e+01
1.117038385124011413e+01
7.978845608028653835e+00
9.640875829802336483e+00
1.286550196516137312e+01
1.117038385124011413e+01
1.088169461344923583e+01
9.836981518731869656e+00
1.579730833933717626e+01
1.111324596323282954e+01
7.399277020331918919e+00
1.281592373849173683e+01
1.458187244392064308e+01
1.475547227809780537e+01
1.330339418036568588e+01
1.386575534383213970e+01
8.136857890256438353e+00
1.058513485680245481e+01
1.099807968464679142e+01
1.178062436274634450e+01
1.381976597885341995e+01
9.901487006738307173e+00
1.484151074652385738e+01
1.236077446474206631e+01
8.740387444736633427e+00
9.373021315815206478e+00
1.391159267660409604e+01
6.770275002573075795e+00
8.291859587312051971e+00
9.772050238058398008e+00
1.296408962885714899e+01
1.563528038089343752e+01
1.178062436274634450e+01
1.296408962885714899e+01
1.286550196516137312e+01
9.373021315815206478e+00
1.266602473693425601e+01
9.373021315815206478e+00
1.358748446131948917e+01
1.167204486311898926e+01
1.058513485680245481e+01
8.884866446580955923e+00
1.183454054540639433e+01
1.296408962885714899e+01
5.046265044040320724e+00
1.236077446474206631e+01
1.276615297284584649e+01
1.117038385124011413e+01
9.965574970333758387e+00
1.466892917224166482e+01
1.111324596323282954e+01
8.136857890256438353e+00
1.276615297284584649e+01
8.136857890256438353e+00
7.312732791431452384e+00
7.898654169668588132e+00
1.488434347843123184e+01
8.884866446580955923e+00
8.136857890256438353e+00
1.178062436274634450e+01
1.427299292922216978e+01
9.965574970333758387e+00
1.427299292922216978e+01
1.422831991532699902e+01
1.276615297284584649e+01
4.513516668382050234e+00
8.956231982162769611e+00
9.373021315815206478e+00
