1.094004191971426110e+01
1.339876023397903637e+01
1.064510777218481152e+01
1.220528683538465842e+01
8.667244841319218907e+00
8.444016491289504600e+00
6.863662517577697741e+00
1.436192209445157708e+01
1.418350619798065715e+01
1.330339418036568588e+01
1.843786751347043307e+01
1.543035303761632804e+01
1.210051848659980855e+01
1.058513485680245481e+01
1.058513485680245481e+01
7.312732791431452384e+00
1.484151074652385738e+01
1.404820733880128181e+01
1.418350619798065715e+01
1.266602473693425601e+01
1.199483507827737583e+01
1.794796937867891984e+01
1.204779266504070279e+01
1.479855404066383784e+01
1.354055000514615159e+01
1.034176589165282145e+01
8.812923024107547576e+00
1.070474469691662733e+01
1.522266721510391640e+01
1.002925341359354938e+01
1.427299292922216978e+01
1.479855404066383784e+01
9.166995688475081394e+00
1.236077446474206631e+01
1.377362305878664728e+01
1.296408962885714899e+01
1.339876023397903637e+01
1.377362305878664728e+01
1.301310337505149661e+01
1.436192209445157708e+01
1.236077446474206631e+01
7.978845608028653835e+00
1.256509862862843541e+01
1.156244577056221523e+01
1.070474469691662733e+01
9.166995688475081394e+00
1.711271735549580697e+01
1.199483507827737583e+01
1.522266721510391640e+01
1.266602473693425601e+01
1.639065416446577927e+01
1.409345127989185542e+01
1.418350619798065715e+01
1.009253008808064145e+01
1.064510777218481152e+01
1.134007028277388685e+01
1.436192209445157708e+01
1.583755632390385770e+01
9.373021315815206478e+00
1.220528683538465842e+01
9.373021315815206478e+00
6.180387232371033157e+00
1.526443044094783019e+01
3.191538243211461623e+00
8.956231982162769611e+00
1.296408962885714899e+01
1.595769121605730767e+01
1.431752655671925822e+01
1.172646028567007725e+01
1.377362305878664728e+01
8.740387444736633427e+00
1.286550196516137312e+01
8.291859587312051971e+00
1.484151074652385738e+01
1.215301555949299761e+01
1.058513485680245481e+01
5.753627391751591880e+00
1.178062436274634450e+01
1.276615297284584649e+01
1.335116235624909109e+01
1.296408962885714899e+01
1.236077446474206631e+01
9.965574970333758387e+00
1.575695754970980111e+01
1.094004191971426110e+01
7.569397566060480642e+00
1.296408962885714899e+01
2.985410660720923204e+00
1.543035303761632804e+01
7.735777827895049086e+00
6.675581178124545545e+00
1.225733520300188317e+01
1.611647812414279102e+01
1.052482020710848865e+01
1.492705330360461602e+01
1.440618081907316395e+01
1.306193320280393344e+01
7.046725639945927711e+00
7.399277020331918919e+00
