5.753627391751591880e+00
9.836981518731869656e+00
1.099807968464679142e+01
1.167204486311898926e+01
1.199483507827737583e+01
4.513516668382050234e+00
9.965574970333758387e+00
5.753627391751591880e+00
9.965574970333758387e+00
7.225151993843566878e+00
8.444016491289504600e+00
1.339876023397903637e+01
1.281592373849173683e+01
1.128379167095512559e+00
1.261566261010080048e+01
1.427299292922216978e+01
1.236077446474206631e+01
1.188821220645068522e+01
7.569397566060480642e+00
1.058513485680245481e+01
1.040314189572019821e+01
8.740387444736633427e+00
1.117038385124011413e+01
3.191538243211461623e+00
6.180387232371033157e+00
9.373021315815206478e+00
1.306193320280393344e+01
1.210051848659980855e+01
1.236077446474206631e+01
5.046265044040320724e+00
6.180387232371033157e+00
6.770275002573075795e+00
7.978845608028653835e+00
8.058239062071395509e+00
6.863662517577697741e+00
4.918490759365934828e+00
1.167204486311898926e+01
1.563528038089343752e+01
1.046415791390898242e+01
1.296408962885714899e+01
1.172646028567007725e+01
1.058513485680245481e+01
1.015541250385961369e+01
1.058513485680245481e+01
1.344618962205996482e+01
9.574614729634383536e+00
1.339876023397903637e+01
1.236077446474206631e+01
9.901487006738307173e+00
6.675581178124545545e+00
9.027033336764100468e+00
1.178062436274634450e+01
1.178062436274634450e+01
1.034176589165282145e+01
1.296408962885714899e+01
8.291859587312051971e+00
1.210051848659980855e+01
1.301310337505149661e+01
1.139607097042601680e+01
5.641895835477562571e+00
8.291859587312051971e+00
9.965574970333758387e+00
1.021790793990058255e+01
1.256509862862843541e+01
1.099807968464679142e+01
1.028002345391383443e+01
1.009253008808064145e+01
5.170882945826410726e+00
6.863662517577697741e+00
4.918490759365934828e+00
1.458187244392064308e+01
1.372732503515539548e+01
7.399277020331918919e+00
8.740387444736633427e+00
9.640875829802336483e+00
1.261566261010080048e+01
1.395727947504383337e+01
1.199483507827737583e+01
1.276615297284584649e+01
7.817640190446718762e+00
1.325545386523797831e+01
4.513516668382050234e+00
8.444016491289504600e+00
1.034176589165282145e+01
5.753627391751591880e+00
1.117038385124011413e+01
1.172646028567007725e+01
1.236077446474206631e+01
1.349345229721172146e+01
9.097283682934460103e+00
1.230916348999737586e+01
8.956231982162769611e+00
9.373021315815206478e+00
1.261566261010080048e+01
5.753627391751591880e+00
7.136496464611084889e+00
8.593479713983121826e+00
9.304852983362556174e+00
6.076507779746498805e+00
1.002925341359354938e+01
3.908820095223359381e+00
1.183454054540639433e+01
1.492705330360461602e+01
1.215301555949299761e+01
1.070474469691662733e+01
9.507891862878782518e+00
1.236077446474206631e+01
1.178062436274634450e+01
9.373021315815206478e+00
1.236077446474206631e+01
1.105581278308273596e+01
1.046415791390898242e+01
9.373021315815206478e+00
1.156244577056221523e+01
1.286550196516137312e+01
8.136857890256438353e+00
7.046725639945927711e+00
1.230916348999737586e+01
1.122723095552866468e+01
1.099807968464679142e+01
9.965574970333758387e+00
1.595769121605730811e+00
1.320733953636073110e+01
1.070474469691662733e+01
3.385137501286537898e+00
8.740387444736633427e+00
1.215301555949299761e+01
8.740387444736633427e+00
2.523132522020160362e+00
8.136857890256438353e+00
8.593479713983121826e+00
1.354055000514615159e+01
9.373021315815206478e+00
8.593479713983121826e+00
1.167204486311898926e+01
6.863662517577697741e+00
1.344618962205996482e+01
9.965574970333758387e+00
1.386575534383213970e+01
1.335116235624909109e+01
7.735777827895049086e+00
7.046725639945927711e+00
8.593479713983121826e+00
1.064510777218481152e+01
9.373021315815206478e+00
