1.052482020710848865e+01
1.105581278308273596e+01
1.178062436274634450e+01
1.215301555949299761e+01
9.965574970333758387e+00
9.965574970333758387e+00
5.753627391751591880e+00
9.027033336764100468e+00
1.409345127989185542e+01
1.315904928495908166e+01
1.296408962885714899e+01
1.534761596392107741e+01
1.286550196516137312e+01
1.210051848659980855e+01
7.817640190446718762e+00
1.058513485680245481e+01
1.094004191971426110e+01
8.740387444736633427e+00
1.188821220645068522e+01
6.383076486422923246e+00
9.373021315815206478e+00
1.377362305878664728e+01
1.358748446131948917e+01
1.256509862862843541e+01
7.225151993843566878e+00
4.370193722368316713e+00
4.652426491681278087e+00
7.225151993843566878e+00
1.178062436274634450e+01
1.650676414605009157e+01
1.128379167095512514e+01
1.339876023397903637e+01
1.178062436274634450e+01
1.058513485680245481e+01
9.965574970333758387e+00
1.076405121554611632e+01
1.418350619798065715e+01
1.009253008808064145e+01
1.354055000514615159e+01
1.296408962885714899e+01
1.002925341359354938e+01
8.291859587312051971e+00
2.763953195770683990e+00
1.210051848659980855e+01
1.325545386523797831e+01
1.241217083805063837e+01
1.064510777218481152e+01
8.136857890256438353e+00
1.306193320280393344e+01
1.372732503515539548e+01
1.178062436274634450e+01
1.070474469691662733e+01
8.136857890256438353e+00
9.965574970333758387e+00
1.276615297284584649e+01
1.117038385124011413e+01
1.094004191971426110e+01
9.965574970333758387e+00
4.787307364817191768e+00
1.530607971465162365e+01
6.863662517577697741e+00
8.291859587312051971e+00
1.034176589165282145e+01
1.276615297284584649e+01
1.436192209445157708e+01
1.256509862862843541e+01
1.368087033328175828e+01
6.955796338302048021e+00
1.368087033328175828e+01
8.519075891779829490e+00
1.058513485680245481e+01
1.111324596323282954e+01
1.178062436274634450e+01
1.301310337505149661e+01
9.706684619910241452e+00
1.427299292922216978e+01
1.236077446474206631e+01
8.740387444736633427e+00
9.373021315815206478e+00
1.339876023397903637e+01
6.482044814428574497e+00
7.978845608028653835e+00
8.740387444736633427e+00
9.901487006738307173e+00
1.281592373849173683e+01
1.522266721510391640e+01
1.117038385124011413e+01
1.236077446474206631e+01
1.261566261010080048e+01
9.373021315815206478e+00
1.225733520300188317e+01
9.373021315815206478e+00
1.315904928495908166e+01
1.117038385124011413e+01
1.058513485680245481e+01
9.373021315815206478e+00
1.183454054540639433e+01
1.296408962885714899e+01
7.484820637019110379e+00
4.370193722368316713e+00
1.271618740744904485e+01
1.167204486311898926e+01
1.117038385124011413e+01
9.965574970333758387e+00
1.381976597885341995e+01
1.105581278308273596e+01
8.740387444736633427e+00
1.256509862862843541e+01
8.740387444736633427e+00
8.136857890256438353e+00
8.740387444736633427e+00
1.431752655671925822e+01
9.236181543108379799e+00
8.136857890256438353e+00
1.178062436274634450e+01
1.381976597885341995e+01
9.965574970333758387e+00
1.418350619798065715e+01
3.568248232305542444e+00
1.404820733880128181e+01
6.955796338302048021e+00
1.172646028567007725e+01
8.812923024107547576e+00
5.292567428401227403e+00
9.373021315815206478e+00
