1.028002345391383443e+01
1.105581278308273596e+01
1.178062436274634450e+01
1.210051848659980855e+01
9.965574970333758387e+00
9.965574970333758387e+00
6.383076486422923246e+00
9.027033336764100468e+00
1.404820733880128181e+01
1.296408962885714899e+01
1.286550196516137312e+01
1.505445578434700415e+01
1.246335526484300615e+01
1.199483507827737583e+01
7.817640190446718762e+00
1.058513485680245481e+01
1.088169461344923583e+01
8.740387444736633427e+00
1.167204486311898926e+01
6.383076486422923246e+00
9.373021315815206478e+00
1.368087033328175828e+01
1.315904928495908166e+01
1.256509862862843541e+01
5.753627391751591880e+00
7.484820637019110379e+00
5.292567428401227403e+00
7.484820637019110379e+00
1.178062436274634450e+01
4.918490759365934828e+00
1.642944866646030988e+01
1.088169461344923583e+01
1.320733953636073110e+01
1.178062436274634450e+01
1.058513485680245481e+01
9.965574970333758387e+00
1.070474469691662733e+01
1.391159267660409604e+01
9.836981518731869656e+00
1.358748446131948917e+01
1.276615297284584649e+01
1.002925341359354938e+01
8.291859587312051971e+00
5.046265044040320724e+00
1.194164264288369282e+01
1.315904928495908166e+01
1.225733520300188317e+01
1.064510777218481152e+01
8.136857890256438353e+00
1.286550196516137312e+01
1.372732503515539548e+01
1.178062436274634450e+01
8.136857890256438353e+00
9.965574970333758387e+00
1.034176589165282145e+01
1.276615297284584649e+01
1.117038385124011413e+01
1.094004191971426110e+01
9.965574970333758387e+00
5.753627391751591880e+00
1.522266721510391640e+01
7.312732791431452384e+00
8.593479713983121826e+00
1.009253008808064145e+01
1.276615297284584649e+01
1.431752655671925822e+01
1.225733520300188317e+01
1.325545386523797831e+01
7.225151993843566878e+00
1.354055000514615159e+01
8.519075891779829490e+00
1.058513485680245481e+01
1.111324596323282954e+01
1.178062436274634450e+01
1.276615297284584649e+01
9.772050238058398008e+00
1.395727947504383337e+01
1.236077446474206631e+01
9.027033336764100468e+00
9.440697438826296306e+00
1.330339418036568588e+01
4.370193722368316713e+00
6.770275002573075795e+00
8.136857890256438353e+00
9.027033336764100468e+00
9.965574970333758387e+00
1.271618740744904485e+01
1.505445578434700415e+01
1.076405121554611632e+01
1.236077446474206631e+01
1.246335526484300615e+01
9.507891862878782518e+00
1.204779266504070279e+01
9.373021315815206478e+00
1.301310337505149661e+01
1.117038385124011413e+01
1.058513485680245481e+01
9.373021315815206478e+00
1.178062436274634450e+01
1.296408962885714899e+01
7.898654169668588132e+00
5.753627391751591880e+00
1.266602473693425601e+01
1.161737456321036532e+01
1.117038385124011413e+01
9.965574970333758387e+00
1.363425735166143049e+01
1.094004191971426110e+01
8.740387444736633427e+00
1.261566261010080048e+01
8.740387444736633427e+00
8.136857890256438353e+00
8.740387444736633427e+00
1.381976597885341995e+01
9.373021315815206478e+00
8.136857890256438353e+00
1.178062436274634450e+01
1.377362305878664728e+01
5.527906391541367981e+00
9.965574970333758387e+00
1.413855043925722121e+01
1.404820733880128181e+01
7.225151993843566878e+00
1.145179781116143225e+01
8.884866446580955923e+00
6.383076486422923246e+00
9.373021315815206478e+00
