1.009253008808064145e+01
1.117038385124011413e+01
3.385137501286537898e+00
1.178062436274634450e+01
1.204779266504070279e+01
9.965574970333758387e+00
9.965574970333758387e+00
4.513516668382050234e+00
6.675581178124545545e+00
8.740387444736633427e+00
1.395727947504383337e+01
1.286550196516137312e+01
1.286550196516137312e+01
1.462546558286290477e+01
1.236077446474206631e+01
1.188821220645068522e+01
7.817640190446718762e+00
1.058513485680245481e+01
1.088169461344923583e+01
8.740387444736633427e+00
1.134007028277388685e+01
6.180387232371033157e+00
9.373021315815206478e+00
1.354055000514615159e+01
1.276615297284584649e+01
1.246335526484300615e+01
5.753627391751591880e+00
6.282549314314217703e+00
7.735777827895049086e+00
7.653039857325811823e+00
1.167204486311898926e+01
5.753627391751591880e+00
1.635176762293251684e+01
1.070474469691662733e+01
1.306193320280393344e+01
1.178062436274634450e+01
1.058513485680245481e+01
9.965574970333758387e+00
1.070474469691662733e+01
1.368087033328175828e+01
9.640875829802336483e+00
1.344618962205996482e+01
1.251433034574463399e+01
9.836981518731869656e+00
5.753627391751591880e+00
8.667244841319218907e+00
1.178062436274634450e+01
1.306193320280393344e+01
1.210051848659980855e+01
1.052482020710848865e+01
8.136857890256438353e+00
1.266602473693425601e+01
1.363425735166143049e+01
1.178062436274634450e+01
8.136857890256438353e+00
9.965574970333758387e+00
1.595769121605730811e+00
1.021790793990058255e+01
1.271618740744904485e+01
1.105581278308273596e+01
1.076405121554611632e+01
9.965574970333758387e+00
6.180387232371033157e+00
1.488434347843123184e+01
7.735777827895049086e+00
8.667244841319218907e+00
1.009253008808064145e+01
1.266602473693425601e+01
1.422831991532699902e+01
1.215301555949299761e+01
1.311058116710494836e+01
7.484820637019110379e+00
1.349345229721172146e+01
8.519075891779829490e+00
1.046415791390898242e+01
3.385137501286537898e+00
1.117038385124011413e+01
1.178062436274634450e+01
1.261566261010080048e+01
9.373021315815206478e+00
1.377362305878664728e+01
1.236077446474206631e+01
9.027033336764100468e+00
9.507891862878782518e+00
1.315904928495908166e+01
5.170882945826410726e+00
6.863662517577697741e+00
8.291859587312051971e+00
9.027033336764100468e+00
9.965574970333758387e+00
4.222008245644752300e+00
1.225733520300188317e+01
1.505445578434700415e+01
1.225733520300188317e+01
1.070474469691662733e+01
9.574614729634383536e+00
1.236077446474206631e+01
1.183454054540639433e+01
9.373021315815206478e+00
1.276615297284584649e+01
1.117038385124011413e+01
1.058513485680245481e+01
9.373021315815206478e+00
1.172646028567007725e+01
1.296408962885714899e+01
8.136857890256438353e+00
6.383076486422923246e+00
1.261566261010080048e+01
1.150725478350318376e+01
1.117038385124011413e+01
1.002925341359354938e+01
1.344618962205996482e+01
1.094004191971426110e+01
8.740387444736633427e+00
1.246335526484300615e+01
8.740387444736633427e+00
8.136857890256438353e+00
8.884866446580955923e+00
1.377362305878664728e+01
9.373021315815206478e+00
8.136857890256438353e+00
1.167204486311898926e+01
1.368087033328175828e+01
5.970821321441846408e+00
9.965574970333758387e+00
1.404820733880128181e+01
1.391159267660409604e+01
7.225151993843566878e+00
6.675581178124545545e+00
8.593479713983121826e+00
1.105581278308273596e+01
9.373021315815206478e+00
