1.094004191971426110e+01
1.296408962885714899e+01
1.070474469691662733e+01
1.220528683538465842e+01
8.812923024107547576e+00
8.740387444736633427e+00
7.225151993843566878e+00
1.431752655671925822e+01
1.404820733880128181e+01
1.320733953636073110e+01
1.801877032173578996e+01
1.530607971465162365e+01
1.210051848659980855e+01
1.058513485680245481e+01
1.058513485680245481e+01
7.898654169668588132e+00
1.431752655671925822e+01
5.170882945826410726e+00
1.404820733880128181e+01
1.418350619798065715e+01
1.256509862862843541e+01
1.199483507827737583e+01
1.776973289316191185e+01
1.204779266504070279e+01
1.471226436021925466e+01
1.349345229721172146e+01
1.034176589165282145e+01
9.097283682934460103e+00
1.082303275961201905e+01
1.518078909665319287e+01
1.009253008808064145e+01
1.427299292922216978e+01
1.479855404066383784e+01
9.373021315815206478e+00
1.236077446474206631e+01
1.377362305878664728e+01
1.286550196516137312e+01
1.339876023397903637e+01
1.377362305878664728e+01
1.301310337505149661e+01
1.436192209445157708e+01
1.236077446474206631e+01
8.444016491289504600e+00
1.271618740744904485e+01
1.156244577056221523e+01
1.076405121554611632e+01
9.236181543108379799e+00
1.696325844612841038e+01
1.156244577056221523e+01
1.522266721510391640e+01
1.286550196516137312e+01
1.631278838364701755e+01
1.400281721259029588e+01
1.413855043925722121e+01
1.034176589165282145e+01
5.046265044040320724e+00
1.064510777218481152e+01
1.134007028277388685e+01
1.436192209445157708e+01
1.567594437773643001e+01
9.373021315815206478e+00
1.220528683538465842e+01
9.373021315815206478e+00
6.863662517577697741e+00
1.501210842680413826e+01
5.292567428401227403e+00
9.027033336764100468e+00
1.296408962885714899e+01
1.595769121605730767e+01
1.409345127989185542e+01
1.178062436274634450e+01
1.372732503515539548e+01
9.097283682934460103e+00
1.286550196516137312e+01
8.667244841319218907e+00
1.445030398768713376e+01
1.210051848659980855e+01
1.058513485680245481e+01
6.770275002573075795e+00
1.178062436274634450e+01
1.276615297284584649e+01
1.335116235624909109e+01
1.296408962885714899e+01
1.225733520300188317e+01
9.965574970333758387e+00
1.551264883747923129e+01
1.094004191971426110e+01
7.569397566060480642e+00
1.296408962885714899e+01
5.292567428401227403e+00
1.530607971465162365e+01
4.787307364817191768e+00
7.898654169668588132e+00
7.225151993843566878e+00
1.204779266504070279e+01
1.583755632390385770e+01
1.015541250385961369e+01
1.492705330360461602e+01
1.436192209445157708e+01
1.306193320280393344e+01
7.484820637019110379e+00
7.978845608028653835e+00
