1.058513485680245481e+01
1.111324596323282954e+01
1.178062436274634450e+01
1.215301555949299761e+01
9.965574970333758387e+00
9.965574970333758387e+00
4.513516668382050234e+00
8.884866446580955923e+00
1.409345127989185542e+01
1.320733953636073110e+01
1.296408962885714899e+01
1.567594437773643001e+01
1.306193320280393344e+01
1.215301555949299761e+01
7.569397566060480642e+00
1.058513485680245481e+01
1.094004191971426110e+01
8.740387444736633427e+00
1.220528683538465842e+01
6.383076486422923246e+00
9.373021315815206478e+00
1.372732503515539548e+01
1.377362305878664728e+01
1.251433034574463399e+01
7.136496464611084889e+00
6.863662517577697741e+00
2.256758334191025117e+00
1.188821220645068522e+01
1.662206308517478703e+01
1.161737456321036532e+01
1.344618962205996482e+01
1.178062436274634450e+01
1.058513485680245481e+01
9.965574970333758387e+00
1.082303275961201905e+01
1.431752655671925822e+01
1.040314189572019821e+01
1.363425735166143049e+01
1.301310337505149661e+01
1.002925341359354938e+01
8.058239062071395509e+00
1.215301555949299761e+01
1.325545386523797831e+01
1.246335526484300615e+01
1.070474469691662733e+01
8.136857890256438353e+00
1.311058116710494836e+01
1.377362305878664728e+01
1.178062436274634450e+01
1.088169461344923583e+01
8.136857890256438353e+00
9.965574970333758387e+00
1.276615297284584649e+01
1.117038385124011413e+01
1.094004191971426110e+01
9.965574970333758387e+00
1.543035303761632804e+01
3.191538243211461623e+00
6.579524642479540830e+00
8.214724333230154940e+00
1.052482020710848865e+01
1.276615297284584649e+01
1.440618081907316395e+01
1.261566261010080048e+01
1.377362305878664728e+01
6.383076486422923246e+00
1.372732503515539548e+01
8.444016491289504600e+00
1.058513485680245481e+01
1.111324596323282954e+01
1.178062436274634450e+01
1.315904928495908166e+01
9.772050238058398008e+00
1.436192209445157708e+01
1.236077446474206631e+01
8.740387444736633427e+00
9.373021315815206478e+00
1.344618962205996482e+01
6.383076486422923246e+00
7.735777827895049086e+00
8.740387444736633427e+00
9.901487006738307173e+00
1.281592373849173683e+01
1.526443044094783019e+01
1.134007028277388685e+01
1.256509862862843541e+01
1.271618740744904485e+01
9.373021315815206478e+00
1.236077446474206631e+01
9.373021315815206478e+00
1.315904928495908166e+01
1.117038385124011413e+01
1.058513485680245481e+01
9.373021315815206478e+00
1.183454054540639433e+01
1.296408962885714899e+01
6.955796338302048021e+00
1.271618740744904485e+01
1.178062436274634450e+01
1.117038385124011413e+01
9.965574970333758387e+00
1.386575534383213970e+01
1.117038385124011413e+01
8.740387444736633427e+00
1.251433034574463399e+01
8.740387444736633427e+00
8.136857890256438353e+00
8.740387444736633427e+00
1.453814859003845150e+01
9.236181543108379799e+00
8.136857890256438353e+00
1.178062436274634450e+01
1.386575534383213970e+01
9.965574970333758387e+00
1.418350619798065715e+01
1.409345127989185542e+01
6.579524642479540830e+00
1.230916348999737586e+01
8.884866446580955923e+00
4.222008245644752300e+00
9.373021315815206478e+00
