1.094004191971426110e+01
1.311058116710494836e+01
1.064510777218481152e+01
1.220528683538465842e+01
8.740387444736633427e+00
8.740387444736633427e+00
7.225151993843566878e+00
1.431752655671925822e+01
1.404820733880128181e+01
1.325545386523797831e+01
1.829923496393627147e+01
1.538904010394216471e+01
1.210051848659980855e+01
1.058513485680245481e+01
1.058513485680245481e+01
7.653039857325811823e+00
1.466892917224166482e+01
4.652426491681278087e+00
1.404820733880128181e+01
1.418350619798065715e+01
1.256509862862843541e+01
1.199483507827737583e+01
1.780552292517845459e+01
1.204779266504070279e+01
1.475547227809780537e+01
1.354055000514615159e+01
1.034176589165282145e+01
8.956231982162769611e+00
1.076405121554611632e+01
1.522266721510391640e+01
1.002925341359354938e+01
1.427299292922216978e+01
1.479855404066383784e+01
9.304852983362556174e+00
1.236077446474206631e+01
1.377362305878664728e+01
1.296408962885714899e+01
1.339876023397903637e+01
1.377362305878664728e+01
1.306193320280393344e+01
1.436192209445157708e+01
1.236077446474206631e+01
8.214724333230154940e+00
1.261566261010080048e+01
1.156244577056221523e+01
1.070474469691662733e+01
9.236181543108379799e+00
1.703815178355965898e+01
1.167204486311898926e+01
1.522266721510391640e+01
1.281592373849173683e+01
1.639065416446577927e+01
1.400281721259029588e+01
1.413855043925722121e+01
1.028002345391383443e+01
4.513516668382050234e+00
1.064510777218481152e+01
1.134007028277388685e+01
1.436192209445157708e+01
1.575695754970980111e+01
9.373021315815206478e+00
1.220528683538465842e+01
9.373021315815206478e+00
6.863662517577697741e+00
1.513879513212096128e+01
4.652426491681278087e+00
8.956231982162769611e+00
1.296408962885714899e+01
1.595769121605730767e+01
1.418350619798065715e+01
1.178062436274634450e+01
1.372732503515539548e+01
8.956231982162769611e+00
1.286550196516137312e+01
8.593479713983121826e+00
1.453814859003845150e+01
1.215301555949299761e+01
1.058513485680245481e+01
6.383076486422923246e+00
1.178062436274634450e+01
1.276615297284584649e+01
1.330339418036568588e+01
1.296408962885714899e+01
1.225733520300188317e+01
9.965574970333758387e+00
1.559451034962034477e+01
1.094004191971426110e+01
7.569397566060480642e+00
1.296408962885714899e+01
4.918490759365934828e+00
1.530607971465162365e+01
4.068428945128219176e+00
7.898654169668588132e+00
7.046725639945927711e+00
1.215301555949299761e+01
1.591774699517169012e+01
1.028002345391383443e+01
1.492705330360461602e+01
1.436192209445157708e+01
1.306193320280393344e+01
7.312732791431452384e+00
7.735777827895049086e+00
