1.070474469691662733e+01
1.363425735166143049e+01
1.058513485680245481e+01
1.220528683538465842e+01
7.898654169668588132e+00
7.817640190446718762e+00
6.076507779746498805e+00
1.445030398768713376e+01
1.436192209445157708e+01
1.354055000514615159e+01
1.860970596672511235e+01
1.551264883747923129e+01
1.204779266504070279e+01
1.058513485680245481e+01
1.058513485680245481e+01
1.496964127403822076e+01
6.770275002573075795e+00
1.404820733880128181e+01
1.422831991532699902e+01
1.266602473693425601e+01
1.199483507827737583e+01
1.819456736586892021e+01
1.194164264288369282e+01
1.496964127403822076e+01
1.354055000514615159e+01
1.034176589165282145e+01
8.812923024107547576e+00
1.070474469691662733e+01
1.526443044094783019e+01
1.002925341359354938e+01
1.427299292922216978e+01
1.479855404066383784e+01
8.884866446580955923e+00
1.251433034574463399e+01
1.386575534383213970e+01
1.296408962885714899e+01
1.330339418036568588e+01
1.377362305878664728e+01
1.301310337505149661e+01
1.436192209445157708e+01
1.230916348999737586e+01
7.312732791431452384e+00
1.256509862862843541e+01
1.150725478350318376e+01
1.064510777218481152e+01
8.812923024107547576e+00
1.729772508200899850e+01
1.210051848659980855e+01
1.538904010394216471e+01
1.261566261010080048e+01
1.646815177937675045e+01
1.436192209445157708e+01
1.427299292922216978e+01
1.002925341359354938e+01
1.052482020710848865e+01
1.462546558286290477e+01
1.134007028277388685e+01
1.591774699517169012e+01
9.373021315815206478e+00
1.225733520300188317e+01
9.507891862878782518e+00
5.046265044040320724e+00
1.583755632390385770e+01
1.296408962885714899e+01
8.593479713983121826e+00
1.603728119216292924e+01
1.471226436021925466e+01
1.167204486311898926e+01
1.395727947504383337e+01
8.593479713983121826e+00
1.301310337505149661e+01
7.817640190446718762e+00
1.526443044094783019e+01
1.215301555949299761e+01
1.058513485680245481e+01
1.183454054540639433e+01
3.568248232305542444e+00
1.276615297284584649e+01
1.372732503515539548e+01
1.296408962885714899e+01
1.241217083805063837e+01
9.965574970333758387e+00
1.599753570059363028e+01
1.094004191971426110e+01
6.863662517577697741e+00
1.296408962885714899e+01
1.547155565579009817e+01
7.484820637019110379e+00
5.863230142835038627e+00
1.230916348999737586e+01
1.646815177937675045e+01
1.058513485680245481e+01
1.505445578434700415e+01
1.445030398768713376e+01
1.306193320280393344e+01
6.383076486422923246e+00
6.482044814428574497e+00
