6.383076486422923246e+00
9.507891862878782518e+00
1.052482020710848865e+01
5.970821321441846408e+00
1.128379167095512514e+01
1.194164264288369282e+01
9.965574970333758387e+00
6.770275002573075795e+00
1.009253008808064145e+01
7.569397566060480642e+00
8.593479713983121826e+00
5.292567428401227403e+00
1.286550196516137312e+01
1.271618740744904485e+01
1.246335526484300615e+01
1.349345229721172146e+01
1.215301555949299761e+01
1.178062436274634450e+01
7.569397566060480642e+00
1.058513485680245481e+01
9.965574970333758387e+00
8.740387444736633427e+00
1.082303275961201905e+01
5.863230142835038627e+00
6.383076486422923246e+00
9.507891862878782518e+00
1.261566261010080048e+01
6.482044814428574497e+00
6.383076486422923246e+00
1.210051848659980855e+01
1.167204486311898926e+01
7.225151993843566878e+00
8.291859587312051971e+00
8.136857890256438353e+00
7.225151993843566878e+00
5.641895835477562571e+00
1.156244577056221523e+01
1.492705330360461602e+01
1.296408962885714899e+01
1.021790793990058255e+01
1.167204486311898926e+01
1.058513485680245481e+01
9.772050238058398008e+00
3.908820095223359381e+00
1.058513485680245481e+01
1.330339418036568588e+01
9.574614729634383536e+00
1.330339418036568588e+01
5.170882945826410726e+00
1.236077446474206631e+01
1.595769121605730811e+00
7.225151993843566878e+00
9.166995688475081394e+00
9.166995688475081394e+00
1.178062436274634450e+01
1.128379167095512514e+01
1.021790793990058255e+01
1.266602473693425601e+01
8.136857890256438353e+00
1.178062436274634450e+01
1.271618740744904485e+01
1.122723095552866468e+01
6.579524642479540830e+00
8.136857890256438353e+00
9.965574970333758387e+00
9.901487006738307173e+00
1.236077446474206631e+01
1.052482020710848865e+01
9.965574970333758387e+00
9.901487006738307173e+00
5.863230142835038627e+00
7.312732791431452384e+00
6.383076486422923246e+00
1.381976597885341995e+01
1.311058116710494836e+01
7.399277020331918919e+00
4.918490759365934828e+00
8.740387444736633427e+00
9.304852983362556174e+00
1.246335526484300615e+01
1.386575534383213970e+01
2.985410660720923204e+00
1.167204486311898926e+01
1.241217083805063837e+01
7.653039857325811823e+00
5.753627391751591880e+00
1.301310337505149661e+01
8.214724333230154940e+00
9.965574970333758387e+00
6.180387232371033157e+00
1.111324596323282954e+01
1.156244577056221523e+01
1.236077446474206631e+01
1.296408962885714899e+01
1.225733520300188317e+01
8.667244841319218907e+00
9.027033336764100468e+00
9.373021315815206478e+00
4.787307364817191768e+00
6.579524642479540830e+00
1.188821220645068522e+01
7.399277020331918919e+00
8.740387444736633427e+00
9.304852983362556174e+00
6.955796338302048021e+00
9.965574970333758387e+00
5.641895835477562571e+00
1.178062436274634450e+01
1.484151074652385738e+01
1.188821220645068522e+01
1.058513485680245481e+01
9.373021315815206478e+00
1.236077446474206631e+01
1.178062436274634450e+01
9.373021315815206478e+00
1.194164264288369282e+01
1.094004191971426110e+01
1.009253008808064145e+01
9.373021315815206478e+00
1.139607097042601680e+01
1.225733520300188317e+01
8.291859587312051971e+00
7.569397566060480642e+00
1.183454054540639433e+01
1.070474469691662733e+01
1.076405121554611632e+01
5.527906391541367981e+00
9.640875829802336483e+00
1.291488987023529766e+01
5.753627391751591880e+00
1.002925341359354938e+01
8.740387444736633427e+00
1.167204486311898926e+01
5.292567428401227403e+00
1.595769121605730811e+00
8.740387444736633427e+00
3.908820095223359381e+00
8.136857890256438353e+00
8.368283871884004910e+00
1.286550196516137312e+01
9.373021315815206478e+00
8.593479713983121826e+00
1.156244577056221523e+01
7.569397566060480642e+00
1.301310337505149661e+01
9.965574970333758387e+00
1.330339418036568588e+01
1.271618740744904485e+01
7.817640190446718762e+00
7.569397566060480642e+00
8.593479713983121826e+00
1.058513485680245481e+01
9.373021315815206478e+00
