6.383076486422923246e+00
8.368283871884004910e+00
4.513516668382050234e+00
1.266602473693425601e+01
1.117038385124011413e+01
9.373021315815206478e+00
1.183454054540639433e+01
5.411516379806009525e+00
4.370193722368316713e+00
1.058513485680245481e+01
6.955796338302048021e+00
8.740387444736633427e+00
1.178062436274634450e+01
1.188821220645068522e+01
5.753627391751591880e+00
1.354055000514615159e+01
3.908820095223359381e+00
1.082303275961201905e+01
9.373021315815206478e+00
5.170882945826410726e+00
6.863662517577697741e+00
1.306193320280393344e+01
9.304852983362556174e+00
1.052482020710848865e+01
1.156244577056221523e+01
1.194164264288369282e+01
1.178062436274634450e+01
9.373021315815206478e+00
5.046265044040320724e+00
1.117038385124011413e+01
8.136857890256438353e+00
7.225151993843566878e+00
8.740387444736633427e+00
1.058513485680245481e+01
4.370193722368316713e+00
6.180387232371033157e+00
9.507891862878782518e+00
9.236181543108379799e+00
1.440618081907316395e+01
8.884866446580955923e+00
8.444016491289504600e+00
7.817640190446718762e+00
7.653039857325811823e+00
1.058513485680245481e+01
1.188821220645068522e+01
1.058513485680245481e+01
1.178062436274634450e+01
8.136857890256438353e+00
9.373021315815206478e+00
1.002925341359354938e+01
1.276615297284584649e+01
9.706684619910241452e+00
7.484820637019110379e+00
6.482044814428574497e+00
7.569397566060480642e+00
6.863662517577697741e+00
9.706684619910241452e+00
4.787307364817191768e+00
1.099807968464679142e+01
9.965574970333758387e+00
1.241217083805063837e+01
1.271618740744904485e+01
9.965574970333758387e+00
9.965574970333758387e+00
8.291859587312051971e+00
9.507891862878782518e+00
1.058513485680245481e+01
7.817640190446718762e+00
1.117038385124011413e+01
1.296408962885714899e+01
1.111324596323282954e+01
8.136857890256438353e+00
9.965574970333758387e+00
8.291859587312051971e+00
1.105581278308273596e+01
9.166995688475081394e+00
1.117038385124011413e+01
1.349345229721172146e+01
1.178062436274634450e+01
8.444016491289504600e+00
1.117038385124011413e+01
1.134007028277388685e+01
8.136857890256438353e+00
8.444016491289504600e+00
8.740387444736633427e+00
8.291859587312051971e+00
7.312732791431452384e+00
6.180387232371033157e+00
1.172646028567007725e+01
7.978845608028653835e+00
9.965574970333758387e+00
9.640875829802336483e+00
6.383076486422923246e+00
9.901487006738307173e+00
7.046725639945927711e+00
8.884866446580955923e+00
8.740387444736633427e+00
1.150725478350318376e+01
6.675581178124545545e+00
8.444016491289504600e+00
3.385137501286537898e+00
7.312732791431452384e+00
6.482044814428574497e+00
9.507891862878782518e+00
1.215301555949299761e+01
1.286550196516137312e+01
1.058513485680245481e+01
1.220528683538465842e+01
1.315904928495908166e+01
1.404820733880128181e+01
9.507891862878782518e+00
8.740387444736633427e+00
1.256509862862843541e+01
1.286550196516137312e+01
7.569397566060480642e+00
9.166995688475081394e+00
1.395727947504383337e+01
9.901487006738307173e+00
1.139607097042601680e+01
1.009253008808064145e+01
1.178062436274634450e+01
1.009253008808064145e+01
1.210051848659980855e+01
8.593479713983121826e+00
1.286550196516137312e+01
3.385137501286537898e+00
5.170882945826410726e+00
8.136857890256438353e+00
1.040314189572019821e+01
9.373021315815206478e+00
7.653039857325811823e+00
1.315904928495908166e+01
1.156244577056221523e+01
1.058513485680245481e+01
1.236077446474206631e+01
8.136857890256438353e+00
8.136857890256438353e+00
1.427299292922216978e+01
9.373021315815206478e+00
1.150725478350318376e+01
1.296408962885714899e+01
8.740387444736633427e+00
8.740387444736633427e+00
8.667244841319218907e+00
8.136857890256438353e+00
1.271618740744904485e+01
1.204779266504070279e+01
1.261566261010080048e+01
1.236077446474206631e+01
1.311058116710494836e+01
6.955796338302048021e+00
9.965574970333758387e+00
9.507891862878782518e+00
