1.296408962885714899e+01
1.281592373849173683e+01
1.377362305878664728e+01
7.225151993843566878e+00
1.058513485680245481e+01
9.640875829802336483e+00
1.315904928495908166e+01
1.266602473693425601e+01
1.619528777809902209e+01
1.286550196516137312e+01
7.653039857325811823e+00
1.538904010394216471e+01
8.136857890256438353e+00
1.188821220645068522e+01
1.296408962885714899e+01
1.320733953636073110e+01
1.145179781116143225e+01
8.884866446580955923e+00
1.296408962885714899e+01
8.136857890256438353e+00
8.740387444736633427e+00
1.058513485680245481e+01
9.236181543108379799e+00
1.707547527140466670e+01
9.097283682934460103e+00
4.222008245644752300e+00
1.286550196516137312e+01
1.422831991532699902e+01
1.391159267660409604e+01
1.271618740744904485e+01
1.335116235624909109e+01
1.021790793990058255e+01
1.538904010394216471e+01
9.901487006738307173e+00
9.373021315815206478e+00
1.117038385124011413e+01
1.330339418036568588e+01
1.427299292922216978e+01
1.526443044094783019e+01
1.034176589165282145e+01
9.640875829802336483e+00
8.593479713983121826e+00
1.058513485680245481e+01
3.568248232305542444e+00
1.534761596392107741e+01
1.178062436274634450e+01
1.210051848659980855e+01
9.965574970333758387e+00
7.978845608028653835e+00
1.251433034574463399e+01
1.021790793990058255e+01
1.404820733880128181e+01
1.595769121605730767e+01
1.296408962885714899e+01
1.183454054540639433e+01
1.183454054540639433e+01
6.579524642479540830e+00
7.046725639945927711e+00
4.652426491681278087e+00
9.965574970333758387e+00
6.770275002573075795e+00
1.266602473693425601e+01
1.040314189572019821e+01
4.068428945128219176e+00
1.105581278308273596e+01
9.373021315815206478e+00
8.740387444736633427e+00
8.593479713983121826e+00
1.320733953636073110e+01
7.225151993843566878e+00
2.985410660720923204e+00
1.363425735166143049e+01
8.136857890256438353e+00
1.575695754970980111e+01
1.161737456321036532e+01
1.587770228520368221e+01
1.296408962885714899e+01
1.436192209445157708e+01
9.304852983362556174e+00
8.291859587312051971e+00
1.354055000514615159e+01
1.344618962205996482e+01
8.740387444736633427e+00
1.488434347843123184e+01
8.956231982162769611e+00
1.178062436274634450e+01
1.117038385124011413e+01
1.178062436274634450e+01
1.156244577056221523e+01
1.281592373849173683e+01
1.409345127989185542e+01
6.482044814428574497e+00
8.519075891779829490e+00
1.070474469691662733e+01
9.373021315815206478e+00
1.453814859003845150e+01
1.325545386523797831e+01
1.225733520300188317e+01
1.256509862862843541e+01
1.591774699517169012e+01
5.527906391541367981e+00
8.368283871884004910e+00
1.215301555949299761e+01
1.436192209445157708e+01
8.667244841319218907e+00
7.978845608028653835e+00
1.509668435477122017e+01
1.784124116152771222e+01
1.381976597885341995e+01
1.445030398768713376e+01
1.381976597885341995e+01
9.373021315815206478e+00
