1.354055000514615159e+01
1.315904928495908166e+01
1.413855043925722121e+01
1.058513485680245481e+01
1.311058116710494836e+01
9.097283682934460103e+00
1.276615297284584649e+01
1.703815178355965898e+01
1.286550196516137312e+01
1.615593100600235843e+01
5.527906391541367981e+00
1.251433034574463399e+01
1.445030398768713376e+01
1.296408962885714899e+01
1.139607097042601680e+01
7.735777827895049086e+00
1.330339418036568588e+01
7.225151993843566878e+00
7.978845608028653835e+00
1.002925341359354938e+01
8.368283871884004910e+00
1.762584604821509515e+01
8.136857890256438353e+00
1.315904928495908166e+01
1.475547227809780537e+01
1.440618081907316395e+01
1.276615297284584649e+01
1.377362305878664728e+01
1.058513485680245481e+01
1.567594437773643001e+01
9.166995688475081394e+00
9.373021315815206478e+00
1.105581278308273596e+01
1.381976597885341995e+01
1.427299292922216978e+01
1.547155565579009817e+01
9.836981518731869656e+00
8.740387444736633427e+00
1.046415791390898242e+01
6.955796338302048021e+00
1.650676414605009157e+01
1.276615297284584649e+01
1.220528683538465842e+01
9.965574970333758387e+00
6.482044814428574497e+00
1.271618740744904485e+01
1.230916348999737586e+01
1.427299292922216978e+01
1.703815178355965898e+01
1.354055000514615159e+01
1.281592373849173683e+01
1.215301555949299761e+01
1.099807968464679142e+01
1.291488987023529766e+01
1.134007028277388685e+01
1.210051848659980855e+01
8.812923024107547576e+00
8.667244841319218907e+00
7.817640190446718762e+00
1.335116235624909109e+01
4.787307364817191768e+00
1.381976597885341995e+01
1.769793569896924623e+01
4.222008245644752300e+00
1.281592373849173683e+01
1.654528640181426269e+01
1.492705330360461602e+01
1.296408962885714899e+01
8.884866446580955923e+00
7.225151993843566878e+00
1.335116235624909109e+01
1.381976597885341995e+01
9.373021315815206478e+00
1.538904010394216471e+01
6.955796338302048021e+00
1.178062436274634450e+01
1.117038385124011413e+01
1.134007028277388685e+01
1.156244577056221523e+01
1.301310337505149661e+01
1.453814859003845150e+01
8.136857890256438353e+00
1.088169461344923583e+01
9.440697438826296306e+00
1.526443044094783019e+01
1.311058116710494836e+01
1.372732503515539548e+01
1.266602473693425601e+01
1.607692842495848140e+01
7.225151993843566878e+00
1.496964127403822076e+01
1.236077446474206631e+01
8.136857890256438353e+00
1.615593100600235843e+01
1.836868202552426155e+01
1.418350619798065715e+01
1.479855404066383784e+01
1.413855043925722121e+01
8.291859587312051971e+00
