1.296408962885714899e+01
4.513516668382050234e+00
1.276615297284584649e+01
1.368087033328175828e+01
7.735777827895049086e+00
1.058513485680245481e+01
1.315904928495908166e+01
9.027033336764100468e+00
1.266602473693425601e+01
1.579730833933717626e+01
1.276615297284584649e+01
8.136857890256438353e+00
1.509668435477122017e+01
8.444016491289504600e+00
1.178062436274634450e+01
1.296408962885714899e+01
1.291488987023529766e+01
1.150725478350318376e+01
9.166995688475081394e+00
1.296408962885714899e+01
8.136857890256438353e+00
9.027033336764100468e+00
1.058513485680245481e+01
9.440697438826296306e+00
1.666031874701878124e+01
9.097283682934460103e+00
6.383076486422923246e+00
4.787307364817191768e+00
4.787307364817191768e+00
1.271618740744904485e+01
1.391159267660409604e+01
1.261566261010080048e+01
1.354055000514615159e+01
1.296408962885714899e+01
9.965574970333758387e+00
1.492705330360461602e+01
9.836981518731869656e+00
9.373021315815206478e+00
1.117038385124011413e+01
1.311058116710494836e+01
1.418350619798065715e+01
1.513879513212096128e+01
1.040314189572019821e+01
9.836981518731869656e+00
5.753627391751591880e+00
9.027033336764100468e+00
1.058513485680245481e+01
1.484151074652385738e+01
1.178062436274634450e+01
1.178062436274634450e+01
9.965574970333758387e+00
8.136857890256438353e+00
1.220528683538465842e+01
1.021790793990058255e+01
1.404820733880128181e+01
1.571650316319191809e+01
1.296408962885714899e+01
1.178062436274634450e+01
1.172646028567007725e+01
7.978845608028653835e+00
6.282549314314217703e+00
7.399277020331918919e+00
9.640875829802336483e+00
7.312732791431452384e+00
1.261566261010080048e+01
1.009253008808064145e+01
6.076507779746498805e+00
1.076405121554611632e+01
9.507891862878782518e+00
8.812923024107547576e+00
8.740387444736633427e+00
1.306193320280393344e+01
7.399277020331918919e+00
5.753627391751591880e+00
1.349345229721172146e+01
8.740387444736633427e+00
1.534761596392107741e+01
1.139607097042601680e+01
1.571650316319191809e+01
1.286550196516137312e+01
1.413855043925722121e+01
9.304852983362556174e+00
8.214724333230154940e+00
1.354055000514615159e+01
1.335116235624909109e+01
8.740387444736633427e+00
1.453814859003845150e+01
9.373021315815206478e+00
1.178062436274634450e+01
1.117038385124011413e+01
1.178062436274634450e+01
1.156244577056221523e+01
1.281592373849173683e+01
1.391159267660409604e+01
6.863662517577697741e+00
8.291859587312051971e+00
1.070474469691662733e+01
9.373021315815206478e+00
1.440618081907316395e+01
1.261566261010080048e+01
1.215301555949299761e+01
1.256509862862843541e+01
5.411516379806009525e+00
1.567594437773643001e+01
6.383076486422923246e+00
8.956231982162769611e+00
1.204779266504070279e+01
1.391159267660409604e+01
8.136857890256438353e+00
8.444016491289504600e+00
4.787307364817191768e+00
1.496964127403822076e+01
1.391159267660409604e+01
1.372732503515539548e+01
1.325545386523797831e+01
1.418350619798065715e+01
9.373021315815206478e+00
1.070474469691662733e+01
