1.325545386523797831e+01
1.306193320280393344e+01
1.400281721259029588e+01
5.527906391541367981e+00
1.058513485680245481e+01
1.311058116710494836e+01
9.236181543108379799e+00
1.276615297284584649e+01
1.658371917462410394e+01
1.291488987023529766e+01
5.753627391751591880e+00
1.551264883747923129e+01
7.225151993843566878e+00
1.210051848659980855e+01
1.296408962885714899e+01
1.368087033328175828e+01
1.134007028277388685e+01
8.593479713983121826e+00
1.306193320280393344e+01
7.978845608028653835e+00
8.444016491289504600e+00
1.009253008808064145e+01
8.956231982162769611e+00
1.737117647432762624e+01
8.740387444736633427e+00
1.306193320280393344e+01
1.458187244392064308e+01
1.418350619798065715e+01
1.276615297284584649e+01
1.377362305878664728e+01
1.058513485680245481e+01
1.547155565579009817e+01
9.772050238058398008e+00
9.373021315815206478e+00
1.111324596323282954e+01
1.363425735166143049e+01
1.427299292922216978e+01
1.534761596392107741e+01
9.836981518731869656e+00
9.027033336764100468e+00
1.058513485680245481e+01
7.978845608028653835e+00
1.599753570059363028e+01
1.261566261010080048e+01
1.178062436274634450e+01
9.965574970333758387e+00
7.312732791431452384e+00
1.261566261010080048e+01
1.145179781116143225e+01
1.427299292922216978e+01
1.654528640181426269e+01
1.325545386523797831e+01
1.256509862862843541e+01
1.215301555949299761e+01
5.753627391751591880e+00
3.908820095223359381e+00
1.052482020710848865e+01
4.222008245644752300e+00
1.286550196516137312e+01
1.070474469691662733e+01
1.156244577056221523e+01
9.373021315815206478e+00
8.740387444736633427e+00
8.136857890256438353e+00
6.863662517577697741e+00
1.325545386523797831e+01
1.368087033328175828e+01
1.673656774376800982e+01
6.675581178124545545e+00
1.215301555949299761e+01
1.607692842495848140e+01
1.296408962885714899e+01
1.449429283826230197e+01
9.097283682934460103e+00
8.058239062071395509e+00
1.344618962205996482e+01
1.363425735166143049e+01
9.166995688475081394e+00
1.522266721510391640e+01
8.136857890256438353e+00
1.178062436274634450e+01
1.117038385124011413e+01
1.134007028277388685e+01
1.156244577056221523e+01
1.281592373849173683e+01
1.436192209445157708e+01
1.128379167095512559e+00
8.136857890256438353e+00
1.105581278308273596e+01
9.507891862878782518e+00
1.492705330360461602e+01
1.286550196516137312e+01
1.372732503515539548e+01
1.276615297284584649e+01
1.599753570059363028e+01
8.136857890256438353e+00
1.475547227809780537e+01
1.230916348999737586e+01
8.214724333230154940e+00
6.383076486422923246e+00
1.567594437773643001e+01
1.815954410458608237e+01
1.395727947504383337e+01
1.471226436021925466e+01
1.400281721259029588e+01
8.884866446580955923e+00
