1.354055000514615159e+01
1.320733953636073110e+01
1.427299292922216978e+01
1.058513485680245481e+01
1.306193320280393344e+01
8.667244841319218907e+00
1.276615297284584649e+01
1.780552292517845459e+01
1.291488987023529766e+01
1.635176762293251684e+01
1.301310337505149661e+01
1.479855404066383784e+01
1.296408962885714899e+01
1.145179781116143225e+01
6.579524642479540830e+00
1.344618962205996482e+01
6.863662517577697741e+00
7.312732791431452384e+00
9.640875829802336483e+00
7.817640190446718762e+00
1.784124116152771222e+01
7.735777827895049086e+00
1.339876023397903637e+01
1.488434347843123184e+01
1.458187244392064308e+01
1.276615297284584649e+01
1.386575534383213970e+01
1.058513485680245481e+01
1.595769121605730767e+01
8.740387444736633427e+00
9.166995688475081394e+00
1.094004191971426110e+01
1.395727947504383337e+01
1.431752655671925822e+01
1.579730833933717626e+01
9.772050238058398008e+00
8.058239062071395509e+00
1.046415791390898242e+01
5.046265044040320724e+00
1.286550196516137312e+01
1.681247093473193388e+01
1.276615297284584649e+01
9.772050238058398008e+00
4.513516668382050234e+00
1.276615297284584649e+01
1.246335526484300615e+01
1.436192209445157708e+01
1.755346033766304004e+01
1.377362305878664728e+01
1.330339418036568588e+01
1.210051848659980855e+01
1.052482020710848865e+01
1.296408962885714899e+01
1.145179781116143225e+01
1.220528683538465842e+01
8.444016491289504600e+00
8.136857890256438353e+00
7.735777827895049086e+00
1.311058116710494836e+01
1.381976597885341995e+01
1.850679436136249834e+01
1.320733953636073110e+01
1.703815178355965898e+01
1.551264883747923129e+01
1.325545386523797831e+01
8.519075891779829490e+00
5.527906391541367981e+00
1.335116235624909109e+01
1.372732503515539548e+01
9.373021315815206478e+00
1.543035303761632804e+01
5.753627391751591880e+00
1.178062436274634450e+01
1.117038385124011413e+01
1.134007028277388685e+01
1.156244577056221523e+01
1.301310337505149661e+01
1.518078909665319287e+01
7.978845608028653835e+00
1.070474469691662733e+01
9.373021315815206478e+00
1.543035303761632804e+01
1.325545386523797831e+01
1.386575534383213970e+01
1.256509862862843541e+01
1.615593100600235843e+01
1.513879513212096128e+01
6.180387232371033157e+00
1.236077446474206631e+01
7.225151993843566878e+00
1.650676414605009157e+01
1.857546544836034741e+01
1.427299292922216978e+01
1.479855404066383784e+01
1.427299292922216978e+01
8.058239062071395509e+00
