1.315904928495908166e+01
1.296408962885714899e+01
1.395727947504383337e+01
6.180387232371033157e+00
1.058513485680245481e+01
1.311058116710494836e+01
9.304852983362556174e+00
1.271618740744904485e+01
1.650676414605009157e+01
1.291488987023529766e+01
6.863662517577697741e+00
1.547155565579009817e+01
7.653039857325811823e+00
1.210051848659980855e+01
1.296408962885714899e+01
1.344618962205996482e+01
1.134007028277388685e+01
8.740387444736633427e+00
1.296408962885714899e+01
8.136857890256438353e+00
8.593479713983121826e+00
1.028002345391383443e+01
9.097283682934460103e+00
1.726088217525477830e+01
8.740387444736633427e+00
1.286550196516137312e+01
1.440618081907316395e+01
1.418350619798065715e+01
1.276615297284584649e+01
1.354055000514615159e+01
1.058513485680245481e+01
1.547155565579009817e+01
9.836981518731869656e+00
9.373021315815206478e+00
1.117038385124011413e+01
1.354055000514615159e+01
1.427299292922216978e+01
1.534761596392107741e+01
1.015541250385961369e+01
9.304852983362556174e+00
1.058513485680245481e+01
8.368283871884004910e+00
1.583755632390385770e+01
1.261566261010080048e+01
1.178062436274634450e+01
9.965574970333758387e+00
7.653039857325811823e+00
1.266602473693425601e+01
1.099807968464679142e+01
1.427299292922216978e+01
1.635176762293251684e+01
1.306193320280393344e+01
1.246335526484300615e+01
1.215301555949299761e+01
6.383076486422923246e+00
5.411516379806009525e+00
1.052482020710848865e+01
5.641895835477562571e+00
1.281592373849173683e+01
1.064510777218481152e+01
1.122723095552866468e+01
9.373021315815206478e+00
8.740387444736633427e+00
8.291859587312051971e+00
7.484820637019110379e+00
1.325545386523797831e+01
1.363425735166143049e+01
7.484820637019110379e+00
1.642944866646030988e+01
1.210051848659980855e+01
1.599753570059363028e+01
1.296408962885714899e+01
1.445030398768713376e+01
9.166995688475081394e+00
8.136857890256438353e+00
1.344618962205996482e+01
1.349345229721172146e+01
8.956231982162769611e+00
1.509668435477122017e+01
8.368283871884004910e+00
1.178062436274634450e+01
1.117038385124011413e+01
1.156244577056221523e+01
1.156244577056221523e+01
1.281592373849173683e+01
1.427299292922216978e+01
5.170882945826410726e+00
8.444016491289504600e+00
1.094004191971426110e+01
9.507891862878782518e+00
1.471226436021925466e+01
1.251433034574463399e+01
1.363425735166143049e+01
1.276615297284584649e+01
1.599753570059363028e+01
8.136857890256438353e+00
1.225733520300188317e+01
1.453814859003845150e+01
8.593479713983121826e+00
6.955796338302048021e+00
1.551264883747923129e+01
1.798340469329240676e+01
1.386575534383213970e+01
1.471226436021925466e+01
1.395727947504383337e+01
9.027033336764100468e+00
