1.354055000514615159e+01
1.320733953636073110e+01
1.422831991532699902e+01
1.058513485680245481e+01
1.301310337505149661e+01
8.214724333230154940e+00
1.276615297284584649e+01
1.819456736586892021e+01
1.291488987023529766e+01
1.662206308517478703e+01
1.315904928495908166e+01
1.530607971465162365e+01
1.296408962885714899e+01
1.145179781116143225e+01
4.652426491681278087e+00
1.363425735166143049e+01
6.579524642479540830e+00
5.753627391751591880e+00
9.373021315815206478e+00
6.955796338302048021e+00
1.812445316531431061e+01
7.136496464611084889e+00
1.372732503515539548e+01
1.496964127403822076e+01
1.484151074652385738e+01
1.276615297284584649e+01
1.409345127989185542e+01
1.052482020710848865e+01
1.599753570059363028e+01
8.368283871884004910e+00
8.812923024107547576e+00
1.094004191971426110e+01
1.418350619798065715e+01
1.440618081907316395e+01
1.595769121605730767e+01
9.574614729634383536e+00
7.046725639945927711e+00
1.040314189572019821e+01
1.714987856615383066e+01
1.354055000514615159e+01
1.301310337505149661e+01
9.373021315815206478e+00
1.276615297284584649e+01
1.281592373849173683e+01
1.445030398768713376e+01
1.784124116152771222e+01
1.363425735166143049e+01
1.381976597885341995e+01
1.194164264288369282e+01
1.046415791390898242e+01
1.296408962885714899e+01
1.178062436274634450e+01
1.230916348999737586e+01
7.817640190446718762e+00
7.225151993843566878e+00
6.955796338302048021e+00
1.311058116710494836e+01
1.391159267660409604e+01
1.884764794294265400e+01
1.391159267660409604e+01
1.751715531361111644e+01
1.559451034962034477e+01
1.335116235624909109e+01
7.978845608028653835e+00
1.325545386523797831e+01
1.377362305878664728e+01
9.507891862878782518e+00
1.555363345008750464e+01
1.178062436274634450e+01
1.117038385124011413e+01
1.128379167095512514e+01
1.145179781116143225e+01
1.330339418036568588e+01
1.551264883747923129e+01
7.399277020331918919e+00
1.070474469691662733e+01
9.304852983362556174e+00
1.543035303761632804e+01
1.325545386523797831e+01
1.386575534383213970e+01
1.251433034574463399e+01
1.639065416446577927e+01
1.261566261010080048e+01
1.563528038089343752e+01
4.222008245644752300e+00
6.180387232371033157e+00
1.677456227108388731e+01
1.874604263163041296e+01
1.440618081907316395e+01
1.479855404066383784e+01
1.431752655671925822e+01
6.770275002573075795e+00
