1.296408962885714899e+01
1.281592373849173683e+01
1.377362305878664728e+01
7.225151993843566878e+00
1.058513485680245481e+01
9.640875829802336483e+00
1.315904928495908166e+01
1.266602473693425601e+01
1.619528777809902209e+01
1.281592373849173683e+01
7.735777827895049086e+00
1.538904010394216471e+01
8.136857890256438353e+00
1.178062436274634450e+01
1.296408962885714899e+01
1.315904928495908166e+01
1.145179781116143225e+01
9.097283682934460103e+00
1.296408962885714899e+01
8.136857890256438353e+00
8.740387444736633427e+00
1.058513485680245481e+01
9.236181543108379799e+00
1.703815178355965898e+01
9.097283682934460103e+00
4.652426491681278087e+00
1.286550196516137312e+01
1.418350619798065715e+01
1.400281721259029588e+01
1.271618740744904485e+01
1.320733953636073110e+01
1.538904010394216471e+01
1.002925341359354938e+01
9.965574970333758387e+00
9.373021315815206478e+00
1.117038385124011413e+01
1.325545386523797831e+01
1.427299292922216978e+01
1.522266721510391640e+01
1.040314189572019821e+01
9.640875829802336483e+00
8.667244841319218907e+00
1.058513485680245481e+01
4.222008245644752300e+00
1.534761596392107741e+01
1.178062436274634450e+01
1.210051848659980855e+01
9.965574970333758387e+00
7.978845608028653835e+00
1.246335526484300615e+01
1.021790793990058255e+01
1.404820733880128181e+01
1.591774699517169012e+01
1.296408962885714899e+01
1.178062436274634450e+01
1.183454054540639433e+01
5.046265044040320724e+00
6.675581178124545545e+00
7.399277020331918919e+00
9.965574970333758387e+00
6.955796338302048021e+00
1.266602473693425601e+01
1.034176589165282145e+01
4.370193722368316713e+00
1.099807968464679142e+01
9.373021315815206478e+00
8.740387444736633427e+00
8.593479713983121826e+00
1.315904928495908166e+01
7.225151993843566878e+00
4.222008245644752300e+00
1.358748446131948917e+01
8.291859587312051971e+00
1.563528038089343752e+01
1.161737456321036532e+01
1.587770228520368221e+01
1.296408962885714899e+01
1.431752655671925822e+01
9.304852983362556174e+00
8.291859587312051971e+00
1.354055000514615159e+01
1.339876023397903637e+01
8.740387444736633427e+00
1.488434347843123184e+01
9.027033336764100468e+00
1.178062436274634450e+01
1.117038385124011413e+01
1.178062436274634450e+01
1.156244577056221523e+01
1.281592373849173683e+01
1.404820733880128181e+01
6.863662517577697741e+00
8.368283871884004910e+00
1.070474469691662733e+01
9.373021315815206478e+00
1.453814859003845150e+01
1.320733953636073110e+01
1.225733520300188317e+01
1.256509862862843541e+01
2.985410660720923204e+00
1.591774699517169012e+01
6.076507779746498805e+00
8.444016491289504600e+00
1.215301555949299761e+01
1.427299292922216978e+01
7.978845608028653835e+00
8.444016491289504600e+00
1.505445578434700415e+01
1.780552292517845459e+01
1.381976597885341995e+01
1.436192209445157708e+01
1.377362305878664728e+01
9.373021315815206478e+00
