3.385137501286537898e+00
6.482044814428574497e+00
8.136857890256438353e+00
5.753627391751591880e+00
1.256509862862843541e+01
1.088169461344923583e+01
9.373021315815206478e+00
5.970821321441846408e+00
1.134007028277388685e+01
5.753627391751591880e+00
1.052482020710848865e+01
7.225151993843566878e+00
8.740387444736633427e+00
1.167204486311898926e+01
6.383076486422923246e+00
1.117038385124011413e+01
1.339876023397903637e+01
5.411516379806009525e+00
1.070474469691662733e+01
9.373021315815206478e+00
5.970821321441846408e+00
6.863662517577697741e+00
1.256509862862843541e+01
9.304852983362556174e+00
1.028002345391383443e+01
1.172646028567007725e+01
1.117038385124011413e+01
1.178062436274634450e+01
9.373021315815206478e+00
6.076507779746498805e+00
1.117038385124011413e+01
8.136857890256438353e+00
5.753627391751591880e+00
7.484820637019110379e+00
8.740387444736633427e+00
1.058513485680245481e+01
6.863662517577697741e+00
9.507891862878782518e+00
9.236181543108379799e+00
1.422831991532699902e+01
8.740387444736633427e+00
8.444016491289504600e+00
7.484820637019110379e+00
7.817640190446718762e+00
1.058513485680245481e+01
1.178062436274634450e+01
1.058513485680245481e+01
1.156244577056221523e+01
4.513516668382050234e+00
8.136857890256438353e+00
9.304852983362556174e+00
1.002925341359354938e+01
1.256509862862843541e+01
9.706684619910241452e+00
7.978845608028653835e+00
6.863662517577697741e+00
7.569397566060480642e+00
7.136496464611084889e+00
9.706684619910241452e+00
6.076507779746498805e+00
1.070474469691662733e+01
9.965574970333758387e+00
1.225733520300188317e+01
1.215301555949299761e+01
9.706684619910241452e+00
9.706684619910241452e+00
8.593479713983121826e+00
9.507891862878782518e+00
1.058513485680245481e+01
7.653039857325811823e+00
1.117038385124011413e+01
1.286550196516137312e+01
1.099807968464679142e+01
8.136857890256438353e+00
9.965574970333758387e+00
4.068428945128219176e+00
3.385137501286537898e+00
7.735777827895049086e+00
1.070474469691662733e+01
8.593479713983121826e+00
1.099807968464679142e+01
1.349345229721172146e+01
1.178062436274634450e+01
8.444016491289504600e+00
1.105581278308273596e+01
1.117038385124011413e+01
8.291859587312051971e+00
8.444016491289504600e+00
2.256758334191025117e+00
8.740387444736633427e+00
8.291859587312051971e+00
4.370193722368316713e+00
7.312732791431452384e+00
6.863662517577697741e+00
1.099807968464679142e+01
7.569397566060480642e+00
9.836981518731869656e+00
9.507891862878782518e+00
6.383076486422923246e+00
9.574614729634383536e+00
7.569397566060480642e+00
9.027033336764100468e+00
8.740387444736633427e+00
7.046725639945927711e+00
8.444016491289504600e+00
1.117038385124011413e+01
5.292567428401227403e+00
4.918490759365934828e+00
7.312732791431452384e+00
6.863662517577697741e+00
1.183454054540639433e+01
8.884866446580955923e+00
1.225733520300188317e+01
1.058513485680245481e+01
1.183454054540639433e+01
1.276615297284584649e+01
1.363425735166143049e+01
9.373021315815206478e+00
8.740387444736633427e+00
2.763953195770683990e+00
1.188821220645068522e+01
1.276615297284584649e+01
1.128379167095512559e+00
3.568248232305542444e+00
7.484820637019110379e+00
8.812923024107547576e+00
4.787307364817191768e+00
9.640875829802336483e+00
1.354055000514615159e+01
4.222008245644752300e+00
1.009253008808064145e+01
1.076405121554611632e+01
1.167204486311898926e+01
1.009253008808064145e+01
1.178062436274634450e+01
8.519075891779829490e+00
1.266602473693425601e+01
5.170882945826410726e+00
5.753627391751591880e+00
8.291859587312051971e+00
1.040314189572019821e+01
9.373021315815206478e+00
7.978845608028653835e+00
1.296408962885714899e+01
1.117038385124011413e+01
1.046415791390898242e+01
1.236077446474206631e+01
8.136857890256438353e+00
8.291859587312051971e+00
1.413855043925722121e+01
9.373021315815206478e+00
1.134007028277388685e+01
1.296408962885714899e+01
8.884866446580955923e+00
8.740387444736633427e+00
8.740387444736633427e+00
2.985410660720923204e+00
8.136857890256438353e+00
1.256509862862843541e+01
1.145179781116143225e+01
1.230916348999737586e+01
1.215301555949299761e+01
1.276615297284584649e+01
7.046725639945927711e+00
9.965574970333758387e+00
9.373021315815206478e+00
