7.484820637019110379e+00
1.296408962885714899e+01
1.266602473693425601e+01
8.812923024107547576e+00
1.358748446131948917e+01
1.070474469691662733e+01
1.311058116710494836e+01
9.097283682934460103e+00
3.742410318509555189e+00
1.271618740744904485e+01
1.522266721510391640e+01
1.215301555949299761e+01
8.812923024107547576e+00
1.449429283826230197e+01
8.812923024107547576e+00
1.161737456321036532e+01
1.296408962885714899e+01
1.236077446474206631e+01
1.178062436274634450e+01
9.373021315815206478e+00
1.286550196516137312e+01
8.444016491289504600e+00
9.304852983362556174e+00
1.058513485680245481e+01
9.965574970333758387e+00
1.591774699517169012e+01
9.236181543108379799e+00
7.978845608028653835e+00
7.735777827895049086e+00
7.225151993843566878e+00
1.167204486311898926e+01
5.046265044040320724e+00
1.377362305878664728e+01
1.266602473693425601e+01
1.315904928495908166e+01
1.156244577056221523e+01
9.706684619910241452e+00
4.787307364817191768e+00
1.395727947504383337e+01
9.901487006738307173e+00
5.527906391541367981e+00
9.440697438826296306e+00
1.058513485680245481e+01
1.225733520300188317e+01
1.377362305878664728e+01
1.436192209445157708e+01
1.052482020710848865e+01
9.901487006738307173e+00
7.735777827895049086e+00
9.373021315815206478e+00
1.058513485680245481e+01
4.513516668382050234e+00
1.178062436274634450e+01
1.391159267660409604e+01
1.117038385124011413e+01
6.383076486422923246e+00
1.009253008808064145e+01
8.136857890256438353e+00
1.178062436274634450e+01
9.640875829802336483e+00
1.330339418036568588e+01
1.449429283826230197e+01
1.276615297284584649e+01
1.178062436274634450e+01
7.735777827895049086e+00
1.167204486311898926e+01
7.978845608028653835e+00
8.136857890256438353e+00
9.373021315815206478e+00
8.136857890256438353e+00
1.251433034574463399e+01
7.225151993843566878e+00
9.965574970333758387e+00
1.058513485680245481e+01
9.901487006738307173e+00
6.076507779746498805e+00
8.884866446580955923e+00
8.740387444736633427e+00
1.296408962885714899e+01
8.136857890256438353e+00
7.225151993843566878e+00
1.325545386523797831e+01
9.373021315815206478e+00
1.462546558286290477e+01
1.117038385124011413e+01
1.266602473693425601e+01
1.488434347843123184e+01
1.391159267660409604e+01
9.373021315815206478e+00
8.136857890256438353e+00
1.325545386523797831e+01
1.311058116710494836e+01
8.740387444736633427e+00
1.445030398768713376e+01
9.836981518731869656e+00
1.167204486311898926e+01
1.058513485680245481e+01
1.178062436274634450e+01
1.122723095552866468e+01
1.271618740744904485e+01
1.349345229721172146e+01
8.136857890256438353e+00
8.136857890256438353e+00
1.058513485680245481e+01
9.373021315815206478e+00
6.282549314314217703e+00
1.167204486311898926e+01
1.386575534383213970e+01
1.199483507827737583e+01
1.236077446474206631e+01
7.225151993843566878e+00
1.513879513212096128e+01
7.225151993843566878e+00
9.373021315815206478e+00
1.194164264288369282e+01
1.344618962205996482e+01
8.740387444736633427e+00
8.593479713983121826e+00
7.225151993843566878e+00
6.770275002573075795e+00
1.391159267660409604e+01
1.445030398768713376e+01
1.344618962205996482e+01
1.286550196516137312e+01
1.349345229721172146e+01
9.836981518731869656e+00
1.070474469691662733e+01
