6.955796338302048021e+00
1.296408962885714899e+01
1.266602473693425601e+01
8.740387444736633427e+00
1.372732503515539548e+01
1.058513485680245481e+01
1.311058116710494836e+01
9.027033336764100468e+00
1.271618740744904485e+01
1.543035303761632804e+01
1.256509862862843541e+01
8.519075891779829490e+00
1.453814859003845150e+01
8.740387444736633427e+00
1.172646028567007725e+01
1.296408962885714899e+01
1.236077446474206631e+01
1.167204486311898926e+01
9.373021315815206478e+00
1.296408962885714899e+01
8.593479713983121826e+00
9.304852983362556174e+00
1.058513485680245481e+01
9.901487006738307173e+00
1.623454913941802857e+01
9.236181543108379799e+00
7.569397566060480642e+00
6.863662517577697741e+00
6.675581178124545545e+00
1.251433034574463399e+01
1.381976597885341995e+01
1.256509862862843541e+01
1.335116235624909109e+01
1.220528683538465842e+01
9.772050238058398008e+00
1.427299292922216978e+01
9.836981518731869656e+00
3.191538243211461623e+00
9.507891862878782518e+00
1.117038385124011413e+01
1.291488987023529766e+01
1.386575534383213970e+01
1.462546558286290477e+01
1.052482020710848865e+01
9.836981518731869656e+00
7.225151993843566878e+00
9.373021315815206478e+00
1.058513485680245481e+01
1.436192209445157708e+01
1.178062436274634450e+01
1.150725478350318376e+01
5.046265044040320724e+00
1.021790793990058255e+01
8.136857890256438353e+00
1.178062436274634450e+01
9.965574970333758387e+00
1.344618962205996482e+01
1.501210842680413826e+01
1.286550196516137312e+01
1.178062436274634450e+01
7.225151993843566878e+00
1.172646028567007725e+01
7.653039857325811823e+00
8.136857890256438353e+00
9.373021315815206478e+00
7.978845608028653835e+00
1.251433034574463399e+01
6.863662517577697741e+00
9.965574970333758387e+00
1.064510777218481152e+01
9.836981518731869656e+00
4.787307364817191768e+00
8.740387444736633427e+00
8.740387444736633427e+00
1.296408962885714899e+01
7.898654169668588132e+00
6.863662517577697741e+00
1.335116235624909109e+01
9.236181543108379799e+00
1.492705330360461602e+01
1.117038385124011413e+01
1.276615297284584649e+01
1.509668435477122017e+01
1.395727947504383337e+01
9.373021315815206478e+00
8.136857890256438353e+00
1.325545386523797831e+01
1.315904928495908166e+01
8.740387444736633427e+00
1.453814859003845150e+01
9.574614729634383536e+00
1.178062436274634450e+01
1.058513485680245481e+01
1.178062436274634450e+01
1.139607097042601680e+01
1.266602473693425601e+01
1.354055000514615159e+01
7.817640190446718762e+00
8.136857890256438353e+00
1.058513485680245481e+01
9.373021315815206478e+00
5.411516379806009525e+00
1.210051848659980855e+01
1.395727947504383337e+01
1.210051848659980855e+01
1.256509862862843541e+01
6.770275002573075795e+00
1.526443044094783019e+01
6.863662517577697741e+00
9.373021315815206478e+00
1.204779266504070279e+01
1.377362305878664728e+01
8.667244841319218907e+00
8.444016491289504600e+00
6.863662517577697741e+00
6.383076486422923246e+00
1.466892917224166482e+01
1.404820733880128181e+01
1.358748446131948917e+01
1.286550196516137312e+01
1.391159267660409604e+01
9.706684619910241452e+00
1.058513485680245481e+01
