1.354055000514615159e+01
1.320733953636073110e+01
1.422831991532699902e+01
1.058513485680245481e+01
1.306193320280393344e+01
8.593479713983121826e+00
1.276615297284584649e+01
1.805406667352820094e+01
1.291488987023529766e+01
1.642944866646030988e+01
1.306193320280393344e+01
1.505445578434700415e+01
1.296408962885714899e+01
1.145179781116143225e+01
5.863230142835038627e+00
1.354055000514615159e+01
6.383076486422923246e+00
6.863662517577697741e+00
9.440697438826296306e+00
7.653039857325811823e+00
1.791246396432553922e+01
7.569397566060480642e+00
1.344618962205996482e+01
1.488434347843123184e+01
1.471226436021925466e+01
1.276615297284584649e+01
1.404820733880128181e+01
1.052482020710848865e+01
1.595769121605730767e+01
8.667244841319218907e+00
9.027033336764100468e+00
1.094004191971426110e+01
1.395727947504383337e+01
1.440618081907316395e+01
1.587770228520368221e+01
9.640875829802336483e+00
7.978845608028653835e+00
1.046415791390898242e+01
3.568248232305542444e+00
1.311058116710494836e+01
1.685029431422315938e+01
1.281592373849173683e+01
9.772050238058398008e+00
2.985410660720923204e+00
1.276615297284584649e+01
1.261566261010080048e+01
1.436192209445157708e+01
1.762584604821509515e+01
1.381976597885341995e+01
1.339876023397903637e+01
1.199483507827737583e+01
1.052482020710848865e+01
1.296408962885714899e+01
1.161737456321036532e+01
1.225733520300188317e+01
8.291859587312051971e+00
7.735777827895049086e+00
7.484820637019110379e+00
1.311058116710494836e+01
1.381976597885341995e+01
1.871205159254777683e+01
1.349345229721172146e+01
1.718695942796624365e+01
1.559451034962034477e+01
1.325545386523797831e+01
8.291859587312051971e+00
4.513516668382050234e+00
1.335116235624909109e+01
1.372732503515539548e+01
9.373021315815206478e+00
1.543035303761632804e+01
4.652426491681278087e+00
1.178062436274634450e+01
1.117038385124011413e+01
1.134007028277388685e+01
1.150725478350318376e+01
1.311058116710494836e+01
1.538904010394216471e+01
7.817640190446718762e+00
1.070474469691662733e+01
9.373021315815206478e+00
1.543035303761632804e+01
1.325545386523797831e+01
1.386575534383213970e+01
1.256509862862843541e+01
1.631278838364701755e+01
1.251433034574463399e+01
1.513879513212096128e+01
5.641895835477562571e+00
6.955796338302048021e+00
1.662206308517478703e+01
1.864388360059940553e+01
1.431752655671925822e+01
1.479855404066383784e+01
1.427299292922216978e+01
7.653039857325811823e+00
