8.444016491289504600e+00
3.191538243211461623e+00
1.276615297284584649e+01
1.225733520300188317e+01
9.373021315815206478e+00
1.311058116710494836e+01
1.058513485680245481e+01
6.770275002573075795e+00
1.266602473693425601e+01
8.956231982162769611e+00
1.256509862862843541e+01
1.413855043925722121e+01
1.167204486311898926e+01
9.236181543108379799e+00
1.413855043925722121e+01
5.170882945826410726e+00
9.304852983362556174e+00
1.082303275961201905e+01
1.266602473693425601e+01
1.225733520300188317e+01
1.178062436274634450e+01
9.373021315815206478e+00
1.178062436274634450e+01
8.136857890256438353e+00
9.027033336764100468e+00
1.058513485680245481e+01
5.641895835477562571e+00
4.222008245644752300e+00
9.965574970333758387e+00
9.373021315815206478e+00
1.518078909665319287e+01
8.740387444736633427e+00
8.593479713983121826e+00
7.569397566060480642e+00
7.046725639945927711e+00
1.076405121554611632e+01
1.256509862862843541e+01
1.145179781116143225e+01
1.256509862862843541e+01
7.399277020331918919e+00
1.076405121554611632e+01
9.373021315815206478e+00
1.330339418036568588e+01
9.901487006738307173e+00
6.076507779746498805e+00
4.918490759365934828e+00
7.225151993843566878e+00
9.772050238058398008e+00
5.527906391541367981e+00
1.117038385124011413e+01
1.002925341359354938e+01
1.276615297284584649e+01
1.315904928495908166e+01
1.052482020710848865e+01
9.965574970333758387e+00
8.136857890256438353e+00
9.373021315815206478e+00
1.058513485680245481e+01
7.046725639945927711e+00
1.156244577056221523e+01
1.320733953636073110e+01
1.117038385124011413e+01
7.978845608028653835e+00
9.965574970333758387e+00
8.136857890256438353e+00
1.134007028277388685e+01
9.373021315815206478e+00
1.167204486311898926e+01
1.413855043925722121e+01
1.225733520300188317e+01
8.291859587312051971e+00
1.122723095552866468e+01
1.161737456321036532e+01
8.136857890256438353e+00
8.444016491289504600e+00
8.884866446580955923e+00
8.136857890256438353e+00
6.675581178124545545e+00
3.191538243211461623e+00
1.210051848659980855e+01
7.653039857325811823e+00
9.965574970333758387e+00
1.028002345391383443e+01
9.965574970333758387e+00
5.292567428401227403e+00
6.863662517577697741e+00
8.884866446580955923e+00
8.956231982162769611e+00
1.215301555949299761e+01
8.444016491289504600e+00
4.918490759365934828e+00
7.136496464611084889e+00
1.301310337505149661e+01
2.985410660720923204e+00
9.640875829802336483e+00
1.354055000514615159e+01
1.099807968464679142e+01
1.236077446474206631e+01
1.358748446131948917e+01
1.436192209445157708e+01
9.373021315815206478e+00
8.291859587312051971e+00
1.320733953636073110e+01
1.286550196516137312e+01
6.863662517577697741e+00
8.812923024107547576e+00
1.427299292922216978e+01
1.040314189572019821e+01
1.156244577056221523e+01
1.040314189572019821e+01
1.178062436274634450e+01
1.015541250385961369e+01
1.261566261010080048e+01
1.325545386523797831e+01
8.291859587312051971e+00
8.136857890256438353e+00
1.058513485680245481e+01
9.373021315815206478e+00
7.225151993843566878e+00
1.145179781116143225e+01
1.335116235624909109e+01
1.172646028567007725e+01
1.236077446474206631e+01
7.978845608028653835e+00
8.136857890256438353e+00
1.462546558286290477e+01
9.373021315815206478e+00
1.167204486311898926e+01
1.306193320280393344e+01
8.740387444736633427e+00
8.740387444736633427e+00
8.136857890256438353e+00
7.735777827895049086e+00
1.315904928495908166e+01
1.301310337505149661e+01
1.306193320280393344e+01
1.241217083805063837e+01
1.339876023397903637e+01
5.641895835477562571e+00
5.411516379806009525e+00
9.965574970333758387e+00
1.009253008808064145e+01
