1.325545386523797831e+01
1.296408962885714899e+01
1.400281721259029588e+01
5.753627391751591880e+00
1.058513485680245481e+01
1.311058116710494836e+01
9.236181543108379799e+00
1.276615297284584649e+01
1.654528640181426269e+01
1.291488987023529766e+01
5.970821321441846408e+00
1.547155565579009817e+01
7.225151993843566878e+00
1.210051848659980855e+01
1.296408962885714899e+01
1.363425735166143049e+01
1.134007028277388685e+01
8.593479713983121826e+00
1.296408962885714899e+01
8.058239062071395509e+00
8.444016491289504600e+00
1.021790793990058255e+01
8.956231982162769611e+00
1.733448968263843781e+01
8.740387444736633427e+00
1.291488987023529766e+01
1.449429283826230197e+01
1.418350619798065715e+01
1.276615297284584649e+01
1.368087033328175828e+01
1.058513485680245481e+01
1.547155565579009817e+01
9.772050238058398008e+00
9.373021315815206478e+00
1.117038385124011413e+01
1.363425735166143049e+01
1.427299292922216978e+01
1.534761596392107741e+01
9.965574970333758387e+00
9.166995688475081394e+00
1.058513485680245481e+01
8.058239062071395509e+00
1.599753570059363028e+01
1.261566261010080048e+01
1.178062436274634450e+01
9.965574970333758387e+00
7.484820637019110379e+00
1.261566261010080048e+01
1.128379167095512514e+01
1.427299292922216978e+01
1.650676414605009157e+01
1.315904928495908166e+01
1.251433034574463399e+01
1.215301555949299761e+01
5.970821321441846408e+00
4.513516668382050234e+00
1.058513485680245481e+01
4.787307364817191768e+00
1.281592373849173683e+01
1.070474469691662733e+01
1.145179781116143225e+01
9.373021315815206478e+00
8.667244841319218907e+00
8.136857890256438353e+00
6.863662517577697741e+00
1.325545386523797831e+01
1.368087033328175828e+01
6.955796338302048021e+00
1.666031874701878124e+01
1.215301555949299761e+01
1.599753570059363028e+01
1.296408962885714899e+01
1.449429283826230197e+01
9.097283682934460103e+00
8.136857890256438353e+00
1.344618962205996482e+01
1.358748446131948917e+01
8.956231982162769611e+00
1.518078909665319287e+01
8.291859587312051971e+00
1.178062436274634450e+01
1.117038385124011413e+01
1.134007028277388685e+01
1.156244577056221523e+01
1.281592373849173683e+01
1.427299292922216978e+01
3.568248232305542444e+00
8.291859587312051971e+00
1.105581278308273596e+01
9.507891862878782518e+00
1.492705330360461602e+01
1.276615297284584649e+01
1.372732503515539548e+01
1.276615297284584649e+01
1.599753570059363028e+01
8.136857890256438353e+00
1.466892917224166482e+01
1.230916348999737586e+01
8.444016491289504600e+00
6.579524642479540830e+00
1.563528038089343752e+01
1.805406667352820094e+01
1.395727947504383337e+01
1.471226436021925466e+01
1.395727947504383337e+01
8.956231982162769611e+00
