1.354055000514615159e+01
1.315904928495908166e+01
1.413855043925722121e+01
1.058513485680245481e+01
1.311058116710494836e+01
9.027033336764100468e+00
1.276615297284584649e+01
1.733448968263843781e+01
1.291488987023529766e+01
1.615593100600235843e+01
4.513516668382050234e+00
1.266602473693425601e+01
1.462546558286290477e+01
1.296408962885714899e+01
1.139607097042601680e+01
7.312732791431452384e+00
1.335116235624909109e+01
7.046725639945927711e+00
7.735777827895049086e+00
1.002925341359354938e+01
8.291859587312051971e+00
1.762584604821509515e+01
8.058239062071395509e+00
1.325545386523797831e+01
1.475547227809780537e+01
1.445030398768713376e+01
1.276615297284584649e+01
1.377362305878664728e+01
1.058513485680245481e+01
1.579730833933717626e+01
9.166995688475081394e+00
9.373021315815206478e+00
1.105581278308273596e+01
1.381976597885341995e+01
1.431752655671925822e+01
1.551264883747923129e+01
9.836981518731869656e+00
8.444016491289504600e+00
1.046415791390898242e+01
6.383076486422923246e+00
1.658371917462410394e+01
1.276615297284584649e+01
1.241217083805063837e+01
9.965574970333758387e+00
5.753627391751591880e+00
1.276615297284584649e+01
1.236077446474206631e+01
1.431752655671925822e+01
1.718695942796624365e+01
1.354055000514615159e+01
1.306193320280393344e+01
1.215301555949299761e+01
1.105581278308273596e+01
1.296408962885714899e+01
1.134007028277388685e+01
1.215301555949299761e+01
8.812923024107547576e+00
8.593479713983121826e+00
7.817640190446718762e+00
1.315904928495908166e+01
3.908820095223359381e+00
1.381976597885341995e+01
1.794796937867891984e+01
1.286550196516137312e+01
1.677456227108388731e+01
1.513879513212096128e+01
1.296408962885714899e+01
8.667244841319218907e+00
6.579524642479540830e+00
1.335116235624909109e+01
1.372732503515539548e+01
9.373021315815206478e+00
1.538904010394216471e+01
6.863662517577697741e+00
1.178062436274634450e+01
1.117038385124011413e+01
1.134007028277388685e+01
1.156244577056221523e+01
1.296408962885714899e+01
1.462546558286290477e+01
8.136857890256438353e+00
1.070474469691662733e+01
9.373021315815206478e+00
1.543035303761632804e+01
1.311058116710494836e+01
1.372732503515539548e+01
1.256509862862843541e+01
1.611647812414279102e+01
6.863662517577697741e+00
1.496964127403822076e+01
1.236077446474206631e+01
7.817640190446718762e+00
1.639065416446577927e+01
1.847236308621675960e+01
1.427299292922216978e+01
1.479855404066383784e+01
1.418350619798065715e+01
8.136857890256438353e+00
