8.136857890256438353e+00
1.276615297284584649e+01
1.251433034574463399e+01
9.304852983362556174e+00
1.330339418036568588e+01
1.070474469691662733e+01
6.675581178124545545e+00
1.276615297284584649e+01
9.027033336764100468e+00
1.266602473693425601e+01
1.466892917224166482e+01
1.178062436274634450e+01
9.027033336764100468e+00
1.431752655671925822e+01
9.304852983362556174e+00
3.385137501286537898e+00
1.111324596323282954e+01
1.276615297284584649e+01
1.236077446474206631e+01
1.178062436274634450e+01
9.507891862878782518e+00
1.210051848659980855e+01
8.291859587312051971e+00
9.027033336764100468e+00
1.058513485680245481e+01
5.170882945826410726e+00
9.965574970333758387e+00
9.373021315815206478e+00
1.547155565579009817e+01
8.593479713983121826e+00
8.444016491289504600e+00
7.735777827895049086e+00
6.675581178124545545e+00
1.117038385124011413e+01
1.286550196516137312e+01
1.178062436274634450e+01
1.276615297284584649e+01
6.955796338302048021e+00
1.099807968464679142e+01
9.373021315815206478e+00
1.344618962205996482e+01
9.901487006738307173e+00
4.787307364817191768e+00
6.675581178124545545e+00
9.507891862878782518e+00
4.918490759365934828e+00
1.034176589165282145e+01
1.150725478350318376e+01
1.315904928495908166e+01
1.358748446131948917e+01
1.052482020710848865e+01
9.965574970333758387e+00
8.136857890256438353e+00
9.373021315815206478e+00
1.058513485680245481e+01
6.482044814428574497e+00
1.178062436274634450e+01
1.349345229721172146e+01
1.117038385124011413e+01
7.484820637019110379e+00
9.965574970333758387e+00
8.136857890256438353e+00
1.172646028567007725e+01
9.373021315815206478e+00
1.220528683538465842e+01
1.422831991532699902e+01
1.251433034574463399e+01
8.291859587312051971e+00
1.145179781116143225e+01
1.161737456321036532e+01
8.136857890256438353e+00
8.444016491289504600e+00
8.956231982162769611e+00
8.136857890256438353e+00
5.970821321441846408e+00
1.225733520300188317e+01
7.484820637019110379e+00
9.965574970333758387e+00
1.058513485680245481e+01
9.965574970333758387e+00
4.222008245644752300e+00
6.863662517577697741e+00
8.884866446580955923e+00
9.166995688475081394e+00
1.251433034574463399e+01
8.136857890256438353e+00
1.595769121605730811e+00
7.225151993843566878e+00
1.306193320280393344e+01
9.373021315815206478e+00
1.377362305878664728e+01
1.117038385124011413e+01
1.251433034574463399e+01
1.368087033328175828e+01
1.445030398768713376e+01
9.373021315815206478e+00
8.136857890256438353e+00
1.330339418036568588e+01
1.296408962885714899e+01
8.740387444736633427e+00
5.411516379806009525e+00
1.436192209445157708e+01
1.034176589165282145e+01
1.156244577056221523e+01
1.046415791390898242e+01
1.178062436274634450e+01
1.046415791390898242e+01
1.261566261010080048e+01
1.335116235624909109e+01
8.136857890256438353e+00
8.136857890256438353e+00
1.058513485680245481e+01
9.373021315815206478e+00
7.225151993843566878e+00
1.156244577056221523e+01
1.368087033328175828e+01
1.178062436274634450e+01
1.236077446474206631e+01
7.735777827895049086e+00
8.058239062071395509e+00
1.479855404066383784e+01
9.373021315815206478e+00
1.172646028567007725e+01
1.325545386523797831e+01
8.740387444736633427e+00
8.740387444736633427e+00
7.735777827895049086e+00
7.484820637019110379e+00
1.358748446131948917e+01
1.363425735166143049e+01
1.315904928495908166e+01
1.256509862862843541e+01
1.344618962205996482e+01
3.191538243211461623e+00
9.965574970333758387e+00
3.568248232305542444e+00
1.040314189572019821e+01
