8.136857890256438353e+00
1.296408962885714899e+01
1.251433034574463399e+01
9.236181543108379799e+00
1.335116235624909109e+01
1.070474469691662733e+01
6.180387232371033157e+00
1.286550196516137312e+01
9.166995688475081394e+00
1.266602473693425601e+01
1.484151074652385738e+01
1.178062436274634450e+01
8.956231982162769611e+00
1.440618081907316395e+01
9.236181543108379799e+00
1.134007028277388685e+01
1.281592373849173683e+01
1.236077446474206631e+01
1.178062436274634450e+01
9.507891862878782518e+00
1.256509862862843541e+01
8.291859587312051971e+00
9.304852983362556174e+00
1.058513485680245481e+01
2.523132522020160362e+00
9.965574970333758387e+00
9.373021315815206478e+00
1.555363345008750464e+01
8.368283871884004910e+00
8.136857890256438353e+00
7.484820637019110379e+00
6.383076486422923246e+00
1.128379167095512514e+01
1.339876023397903637e+01
1.194164264288369282e+01
1.286550196516137312e+01
6.579524642479540830e+00
1.117038385124011413e+01
9.574614729634383536e+00
1.354055000514615159e+01
9.901487006738307173e+00
2.523132522020160362e+00
6.482044814428574497e+00
9.507891862878782518e+00
1.058513485680245481e+01
1.161737456321036532e+01
3.742410318509555189e+00
1.330339418036568588e+01
1.381976597885341995e+01
1.052482020710848865e+01
9.965574970333758387e+00
8.136857890256438353e+00
9.373021315815206478e+00
1.058513485680245481e+01
6.180387232371033157e+00
1.178062436274634450e+01
1.363425735166143049e+01
1.117038385124011413e+01
7.046725639945927711e+00
9.965574970333758387e+00
8.136857890256438353e+00
1.178062436274634450e+01
9.373021315815206478e+00
1.236077446474206631e+01
1.436192209445157708e+01
1.266602473693425601e+01
8.368283871884004910e+00
1.156244577056221523e+01
1.167204486311898926e+01
8.136857890256438353e+00
8.368283871884004910e+00
9.166995688475081394e+00
8.136857890256438353e+00
4.918490759365934828e+00
1.225733520300188317e+01
7.484820637019110379e+00
9.965574970333758387e+00
1.058513485680245481e+01
9.965574970333758387e+00
6.863662517577697741e+00
8.884866446580955923e+00
9.166995688475081394e+00
1.276615297284584649e+01
8.136857890256438353e+00
7.225151993843566878e+00
1.311058116710494836e+01
9.373021315815206478e+00
1.400281721259029588e+01
1.117038385124011413e+01
1.256509862862843541e+01
1.377362305878664728e+01
1.445030398768713376e+01
9.373021315815206478e+00
8.136857890256438353e+00
1.335116235624909109e+01
1.306193320280393344e+01
8.740387444736633427e+00
5.046265044040320724e+00
1.436192209445157708e+01
1.021790793990058255e+01
1.161737456321036532e+01
1.058513485680245481e+01
1.178062436274634450e+01
1.058513485680245481e+01
1.266602473693425601e+01
1.335116235624909109e+01
8.136857890256438353e+00
8.136857890256438353e+00
1.058513485680245481e+01
9.373021315815206478e+00
6.863662517577697741e+00
1.167204486311898926e+01
1.377362305878664728e+01
1.188821220645068522e+01
1.236077446474206631e+01
7.484820637019110379e+00
7.898654169668588132e+00
1.484151074652385738e+01
9.373021315815206478e+00
1.178062436274634450e+01
1.330339418036568588e+01
8.740387444736633427e+00
8.740387444736633427e+00
7.569397566060480642e+00
7.225151993843566878e+00
1.372732503515539548e+01
1.422831991532699902e+01
1.325545386523797831e+01
1.266602473693425601e+01
1.344618962205996482e+01
9.965574970333758387e+00
1.070474469691662733e+01
