1.330339418036568588e+01
1.315904928495908166e+01
1.400281721259029588e+01
4.918490759365934828e+00
1.058513485680245481e+01
1.311058116710494836e+01
9.236181543108379799e+00
1.276615297284584649e+01
1.658371917462410394e+01
1.286550196516137312e+01
1.567594437773643001e+01
5.753627391751591880e+00
7.046725639945927711e+00
1.215301555949299761e+01
1.296408962885714899e+01
1.372732503515539548e+01
1.134007028277388685e+01
8.444016491289504600e+00
1.306193320280393344e+01
7.978845608028653835e+00
8.368283871884004910e+00
1.009253008808064145e+01
8.884866446580955923e+00
1.740778594902202769e+01
8.740387444736633427e+00
1.311058116710494836e+01
1.462546558286290477e+01
1.422831991532699902e+01
1.276615297284584649e+01
1.363425735166143049e+01
1.058513485680245481e+01
1.547155565579009817e+01
9.772050238058398008e+00
9.373021315815206478e+00
1.111324596323282954e+01
1.363425735166143049e+01
1.427299292922216978e+01
1.534761596392107741e+01
9.836981518731869656e+00
8.956231982162769611e+00
1.058513485680245481e+01
7.978845608028653835e+00
1.599753570059363028e+01
1.261566261010080048e+01
1.178062436274634450e+01
9.965574970333758387e+00
7.225151993843566878e+00
1.261566261010080048e+01
1.156244577056221523e+01
1.427299292922216978e+01
1.662206308517478703e+01
1.325545386523797831e+01
1.266602473693425601e+01
1.215301555949299761e+01
5.411516379806009525e+00
1.052482020710848865e+01
2.256758334191025117e+00
2.985410660720923204e+00
1.286550196516137312e+01
1.099807968464679142e+01
1.156244577056221523e+01
9.373021315815206478e+00
8.812923024107547576e+00
8.136857890256438353e+00
6.675581178124545545e+00
1.325545386523797831e+01
1.372732503515539548e+01
1.681247093473193388e+01
6.482044814428574497e+00
1.215301555949299761e+01
1.619528777809902209e+01
1.296408962885714899e+01
1.453814859003845150e+01
9.097283682934460103e+00
7.978845608028653835e+00
1.344618962205996482e+01
1.368087033328175828e+01
9.304852983362556174e+00
1.522266721510391640e+01
8.058239062071395509e+00
1.178062436274634450e+01
1.117038385124011413e+01
1.134007028277388685e+01
1.156244577056221523e+01
1.281592373849173683e+01
1.440618081907316395e+01
8.136857890256438353e+00
9.640875829802336483e+00
1.105581278308273596e+01
1.492705330360461602e+01
1.291488987023529766e+01
1.381976597885341995e+01
1.276615297284584649e+01
1.603728119216292924e+01
8.136857890256438353e+00
1.479855404066383784e+01
1.230916348999737586e+01
8.136857890256438353e+00
5.753627391751591880e+00
1.575695754970980111e+01
1.815954410458608237e+01
1.395727947504383337e+01
1.471226436021925466e+01
1.404820733880128181e+01
8.812923024107547576e+00
