1.354055000514615159e+01
1.320733953636073110e+01
1.422831991532699902e+01
1.058513485680245481e+01
1.306193320280393344e+01
8.740387444736633427e+00
1.276615297284584649e+01
1.740778594902202769e+01
1.291488987023529766e+01
1.623454913941802857e+01
1.271618740744904485e+01
1.471226436021925466e+01
2.985410660720923204e+00
1.296408962885714899e+01
1.145179781116143225e+01
6.863662517577697741e+00
1.344618962205996482e+01
7.046725639945927711e+00
7.225151993843566878e+00
9.772050238058398008e+00
7.978845608028653835e+00
1.762584604821509515e+01
7.978845608028653835e+00
1.339876023397903637e+01
1.475547227809780537e+01
1.445030398768713376e+01
1.276615297284584649e+01
1.386575534383213970e+01
1.058513485680245481e+01
1.587770228520368221e+01
9.027033336764100468e+00
9.236181543108379799e+00
1.105581278308273596e+01
1.391159267660409604e+01
1.431752655671925822e+01
1.567594437773643001e+01
9.836981518731869656e+00
8.136857890256438353e+00
1.046415791390898242e+01
5.753627391751591880e+00
1.261566261010080048e+01
1.673656774376800982e+01
1.276615297284584649e+01
9.901487006738307173e+00
5.527906391541367981e+00
1.276615297284584649e+01
1.236077446474206631e+01
1.436192209445157708e+01
1.740778594902202769e+01
1.358748446131948917e+01
1.320733953636073110e+01
1.215301555949299761e+01
1.070474469691662733e+01
1.296408962885714899e+01
1.134007028277388685e+01
1.215301555949299761e+01
8.812923024107547576e+00
8.368283871884004910e+00
7.817640190446718762e+00
1.315904928495908166e+01
1.381976597885341995e+01
1.822952333923949553e+01
1.301310337505149661e+01
1.681247093473193388e+01
1.543035303761632804e+01
1.315904928495908166e+01
8.667244841319218907e+00
6.076507779746498805e+00
1.335116235624909109e+01
1.372732503515539548e+01
9.373021315815206478e+00
1.543035303761632804e+01
6.076507779746498805e+00
1.178062436274634450e+01
1.117038385124011413e+01
1.134007028277388685e+01
1.156244577056221523e+01
1.296408962885714899e+01
1.496964127403822076e+01
8.136857890256438353e+00
1.070474469691662733e+01
9.373021315815206478e+00
1.534761596392107741e+01
1.311058116710494836e+01
1.377362305878664728e+01
1.256509862862843541e+01
1.611647812414279102e+01
6.675581178124545545e+00
1.505445578434700415e+01
1.236077446474206631e+01
7.653039857325811823e+00
1.646815177937675045e+01
1.847236308621675960e+01
1.431752655671925822e+01
1.479855404066383784e+01
1.422831991532699902e+01
8.136857890256438353e+00
