1.296408962885714899e+01
5.753627391751591880e+00
1.276615297284584649e+01
1.368087033328175828e+01
8.136857890256438353e+00
1.058513485680245481e+01
1.315904928495908166e+01
9.027033336764100468e+00
1.271618740744904485e+01
1.567594437773643001e+01
1.276615297284584649e+01
8.291859587312051971e+00
1.501210842680413826e+01
8.519075891779829490e+00
1.178062436274634450e+01
1.296408962885714899e+01
1.286550196516137312e+01
1.167204486311898926e+01
9.236181543108379799e+00
1.296408962885714899e+01
8.444016491289504600e+00
9.166995688475081394e+00
1.058513485680245481e+01
9.640875829802336483e+00
1.658371917462410394e+01
9.166995688475081394e+00
6.863662517577697741e+00
5.753627391751591880e+00
5.753627391751591880e+00
1.261566261010080048e+01
1.386575534383213970e+01
1.261566261010080048e+01
1.354055000514615159e+01
1.256509862862843541e+01
1.002925341359354938e+01
1.479855404066383784e+01
9.836981518731869656e+00
9.373021315815206478e+00
1.117038385124011413e+01
1.311058116710494836e+01
1.413855043925722121e+01
1.501210842680413826e+01
1.052482020710848865e+01
9.836981518731869656e+00
6.180387232371033157e+00
9.166995688475081394e+00
1.058513485680245481e+01
1.484151074652385738e+01
1.178062436274634450e+01
1.172646028567007725e+01
1.015541250385961369e+01
8.136857890256438353e+00
1.210051848659980855e+01
1.015541250385961369e+01
1.404820733880128181e+01
1.559451034962034477e+01
1.296408962885714899e+01
1.178062436274634450e+01
6.770275002573075795e+00
1.172646028567007725e+01
8.136857890256438353e+00
7.569397566060480642e+00
9.574614729634383536e+00
7.484820637019110379e+00
1.256509862862843541e+01
1.009253008808064145e+01
6.180387232371033157e+00
1.076405121554611632e+01
9.706684619910241452e+00
8.884866446580955923e+00
8.740387444736633427e+00
1.296408962885714899e+01
7.569397566060480642e+00
6.076507779746498805e+00
1.335116235624909109e+01
9.027033336764100468e+00
1.526443044094783019e+01
1.117038385124011413e+01
1.559451034962034477e+01
1.286550196516137312e+01
1.404820733880128181e+01
9.373021315815206478e+00
8.136857890256438353e+00
1.344618962205996482e+01
1.335116235624909109e+01
8.740387444736633427e+00
1.453814859003845150e+01
9.373021315815206478e+00
1.178062436274634450e+01
1.117038385124011413e+01
1.178062436274634450e+01
1.150725478350318376e+01
1.281592373849173683e+01
1.377362305878664728e+01
7.312732791431452384e+00
8.136857890256438353e+00
1.070474469691662733e+01
9.373021315815206478e+00
1.422831991532699902e+01
2.985410660720923204e+00
1.236077446474206631e+01
1.215301555949299761e+01
1.266602473693425601e+01
6.076507779746498805e+00
1.543035303761632804e+01
6.770275002573075795e+00
8.956231982162769611e+00
1.204779266504070279e+01
1.381976597885341995e+01
8.291859587312051971e+00
8.444016491289504600e+00
5.411516379806009525e+00
4.370193722368316713e+00
1.488434347843123184e+01
1.395727947504383337e+01
1.377362305878664728e+01
1.315904928495908166e+01
1.404820733880128181e+01
9.373021315815206478e+00
1.070474469691662733e+01
