1.354055000514615159e+01
1.320733953636073110e+01
1.422831991532699902e+01
1.058513485680245481e+01
1.306193320280393344e+01
8.444016491289504600e+00
1.276615297284584649e+01
1.808929415419343556e+01
1.291488987023529766e+01
1.650676414605009157e+01
1.315904928495908166e+01
1.513879513212096128e+01
1.296408962885714899e+01
1.145179781116143225e+01
5.641895835477562571e+00
1.354055000514615159e+01
6.863662517577697741e+00
5.753627391751591880e+00
9.507891862878782518e+00
7.484820637019110379e+00
1.801877032173578996e+01
7.399277020331918919e+00
1.344618962205996482e+01
1.488434347843123184e+01
1.471226436021925466e+01
1.276615297284584649e+01
1.404820733880128181e+01
1.052482020710848865e+01
1.595769121605730767e+01
8.593479713983121826e+00
8.956231982162769611e+00
1.094004191971426110e+01
1.409345127989185542e+01
1.440618081907316395e+01
1.591774699517169012e+01
9.640875829802336483e+00
7.653039857325811823e+00
1.040314189572019821e+01
1.330339418036568588e+01
1.692568750643268771e+01
1.291488987023529766e+01
9.574614729634383536e+00
1.276615297284584649e+01
1.271618740744904485e+01
1.440618081907316395e+01
1.766192765414112031e+01
1.381976597885341995e+01
1.344618962205996482e+01
1.199483507827737583e+01
1.052482020710848865e+01
1.296408962885714899e+01
1.167204486311898926e+01
1.225733520300188317e+01
8.214724333230154940e+00
7.653039857325811823e+00
7.484820637019110379e+00
1.311058116710494836e+01
1.386575534383213970e+01
1.874604263163041296e+01
1.363425735166143049e+01
1.729772508200899850e+01
1.559451034962034477e+01
1.330339418036568588e+01
8.136857890256438353e+00
3.385137501286537898e+00
1.335116235624909109e+01
1.372732503515539548e+01
9.373021315815206478e+00
1.543035303761632804e+01
4.068428945128219176e+00
1.178062436274634450e+01
1.117038385124011413e+01
1.134007028277388685e+01
1.150725478350318376e+01
1.311058116710494836e+01
1.538904010394216471e+01
7.817640190446718762e+00
1.070474469691662733e+01
9.373021315815206478e+00
1.543035303761632804e+01
1.325545386523797831e+01
1.386575534383213970e+01
1.256509862862843541e+01
1.627371578051287671e+01
1.251433034574463399e+01
1.543035303761632804e+01
5.292567428401227403e+00
6.579524642479540830e+00
1.666031874701878124e+01
1.874604263163041296e+01
1.431752655671925822e+01
1.479855404066383784e+01
1.427299292922216978e+01
7.312732791431452384e+00
