7.136496464611084889e+00
1.296408962885714899e+01
1.266602473693425601e+01
8.812923024107547576e+00
1.358748446131948917e+01
1.064510777218481152e+01
1.306193320280393344e+01
8.956231982162769611e+00
3.385137501286537898e+00
1.271618740744904485e+01
1.526443044094783019e+01
1.225733520300188317e+01
8.812923024107547576e+00
1.449429283826230197e+01
8.740387444736633427e+00
1.167204486311898926e+01
1.296408962885714899e+01
1.236077446474206631e+01
1.178062436274634450e+01
9.373021315815206478e+00
1.286550196516137312e+01
8.444016491289504600e+00
9.304852983362556174e+00
1.058513485680245481e+01
9.965574970333758387e+00
1.603728119216292924e+01
9.236181543108379799e+00
7.978845608028653835e+00
7.569397566060480642e+00
7.225151993843566878e+00
1.188821220645068522e+01
4.370193722368316713e+00
1.377362305878664728e+01
1.261566261010080048e+01
1.315904928495908166e+01
1.183454054540639433e+01
9.706684619910241452e+00
4.222008245644752300e+00
1.409345127989185542e+01
9.836981518731869656e+00
4.787307364817191768e+00
9.440697438826296306e+00
1.058513485680245481e+01
1.230916348999737586e+01
1.377362305878664728e+01
1.445030398768713376e+01
1.052482020710848865e+01
9.901487006738307173e+00
7.653039857325811823e+00
9.373021315815206478e+00
1.058513485680245481e+01
3.568248232305542444e+00
1.400281721259029588e+01
1.178062436274634450e+01
1.117038385124011413e+01
6.076507779746498805e+00
1.021790793990058255e+01
8.136857890256438353e+00
1.178062436274634450e+01
9.640875829802336483e+00
1.330339418036568588e+01
1.458187244392064308e+01
1.286550196516137312e+01
1.178062436274634450e+01
7.484820637019110379e+00
1.167204486311898926e+01
7.978845608028653835e+00
8.136857890256438353e+00
9.373021315815206478e+00
8.136857890256438353e+00
1.251433034574463399e+01
7.136496464611084889e+00
9.965574970333758387e+00
1.058513485680245481e+01
9.901487006738307173e+00
5.970821321441846408e+00
8.884866446580955923e+00
8.740387444736633427e+00
1.296408962885714899e+01
7.978845608028653835e+00
7.136496464611084889e+00
1.330339418036568588e+01
9.373021315815206478e+00
1.479855404066383784e+01
1.117038385124011413e+01
1.266602473693425601e+01
1.488434347843123184e+01
1.391159267660409604e+01
9.373021315815206478e+00
8.136857890256438353e+00
1.325545386523797831e+01
1.311058116710494836e+01
8.740387444736633427e+00
1.449429283826230197e+01
9.836981518731869656e+00
1.172646028567007725e+01
1.058513485680245481e+01
1.178062436274634450e+01
1.122723095552866468e+01
1.271618740744904485e+01
1.349345229721172146e+01
8.136857890256438353e+00
8.058239062071395509e+00
1.058513485680245481e+01
9.373021315815206478e+00
6.180387232371033157e+00
1.178062436274634450e+01
1.391159267660409604e+01
1.199483507827737583e+01
1.236077446474206631e+01
7.136496464611084889e+00
1.518078909665319287e+01
7.225151993843566878e+00
9.373021315815206478e+00
1.194164264288369282e+01
1.344618962205996482e+01
8.740387444736633427e+00
8.740387444736633427e+00
6.863662517577697741e+00
6.579524642479540830e+00
1.391159267660409604e+01
1.449429283826230197e+01
1.344618962205996482e+01
1.286550196516137312e+01
1.349345229721172146e+01
9.772050238058398008e+00
1.064510777218481152e+01
