7.978845608028653835e+00
1.296408962885714899e+01
1.256509862862843541e+01
9.097283682934460103e+00
1.335116235624909109e+01
1.070474469691662733e+01
5.863230142835038627e+00
1.296408962885714899e+01
9.166995688475081394e+00
1.266602473693425601e+01
1.505445578434700415e+01
1.178062436274634450e+01
8.956231982162769611e+00
1.440618081907316395e+01
9.166995688475081394e+00
1.139607097042601680e+01
1.286550196516137312e+01
1.236077446474206631e+01
1.178062436274634450e+01
9.507891862878782518e+00
1.276615297284584649e+01
8.291859587312051971e+00
9.574614729634383536e+00
1.058513485680245481e+01
9.965574970333758387e+00
9.373021315815206478e+00
1.559451034962034477e+01
8.291859587312051971e+00
8.136857890256438353e+00
7.484820637019110379e+00
6.383076486422923246e+00
1.128379167095512514e+01
1.368087033328175828e+01
1.215301555949299761e+01
1.296408962885714899e+01
6.076507779746498805e+00
1.128379167095512514e+01
9.574614729634383536e+00
1.354055000514615159e+01
9.901487006738307173e+00
6.282549314314217703e+00
9.507891862878782518e+00
1.058513485680245481e+01
1.167204486311898926e+01
1.128379167095512559e+00
1.349345229721172146e+01
1.391159267660409604e+01
1.052482020710848865e+01
9.965574970333758387e+00
8.136857890256438353e+00
9.440697438826296306e+00
1.058513485680245481e+01
6.076507779746498805e+00
1.178062436274634450e+01
1.368087033328175828e+01
1.117038385124011413e+01
6.955796338302048021e+00
9.965574970333758387e+00
8.136857890256438353e+00
1.178062436274634450e+01
9.373021315815206478e+00
1.261566261010080048e+01
1.440618081907316395e+01
1.271618740744904485e+01
8.291859587312051971e+00
1.156244577056221523e+01
1.167204486311898926e+01
8.136857890256438353e+00
8.214724333230154940e+00
9.373021315815206478e+00
8.136857890256438353e+00
4.513516668382050234e+00
1.225733520300188317e+01
7.312732791431452384e+00
9.965574970333758387e+00
1.058513485680245481e+01
9.965574970333758387e+00
6.770275002573075795e+00
8.884866446580955923e+00
9.097283682934460103e+00
1.281592373849173683e+01
8.136857890256438353e+00
7.225151993843566878e+00
1.311058116710494836e+01
9.373021315815206478e+00
1.404820733880128181e+01
1.117038385124011413e+01
1.256509862862843541e+01
1.462546558286290477e+01
1.381976597885341995e+01
9.373021315815206478e+00
8.136857890256438353e+00
1.330339418036568588e+01
1.306193320280393344e+01
8.740387444736633427e+00
3.568248232305542444e+00
1.436192209445157708e+01
1.009253008808064145e+01
1.167204486311898926e+01
1.058513485680245481e+01
1.178062436274634450e+01
1.070474469691662733e+01
1.266602473693425601e+01
1.335116235624909109e+01
8.136857890256438353e+00
8.136857890256438353e+00
1.058513485680245481e+01
9.373021315815206478e+00
6.863662517577697741e+00
1.167204486311898926e+01
1.377362305878664728e+01
1.188821220645068522e+01
1.236077446474206631e+01
7.484820637019110379e+00
1.484151074652385738e+01
7.735777827895049086e+00
9.373021315815206478e+00
1.178062436274634450e+01
1.330339418036568588e+01
8.740387444736633427e+00
8.740387444736633427e+00
7.484820637019110379e+00
7.225151993843566878e+00
1.377362305878664728e+01
1.427299292922216978e+01
1.335116235624909109e+01
1.266602473693425601e+01
1.344618962205996482e+01
9.965574970333758387e+00
1.070474469691662733e+01
