1.315904928495908166e+01
1.291488987023529766e+01
1.391159267660409604e+01
6.482044814428574497e+00
1.058513485680245481e+01
1.315904928495908166e+01
9.373021315815206478e+00
1.271618740744904485e+01
1.642944866646030988e+01
1.291488987023529766e+01
6.955796338302048021e+00
1.547155565579009817e+01
7.817640190446718762e+00
1.210051848659980855e+01
1.296408962885714899e+01
1.339876023397903637e+01
1.134007028277388685e+01
8.740387444736633427e+00
1.296408962885714899e+01
8.136857890256438353e+00
8.740387444736633427e+00
1.034176589165282145e+01
9.166995688475081394e+00
1.718695942796624365e+01
8.740387444736633427e+00
1.286550196516137312e+01
1.440618081907316395e+01
1.418350619798065715e+01
1.276615297284584649e+01
1.354055000514615159e+01
1.058513485680245481e+01
1.547155565579009817e+01
9.836981518731869656e+00
9.373021315815206478e+00
1.117038385124011413e+01
1.344618962205996482e+01
1.427299292922216978e+01
1.534761596392107741e+01
1.028002345391383443e+01
9.373021315815206478e+00
1.058513485680245481e+01
8.444016491289504600e+00
1.579730833933717626e+01
1.256509862862843541e+01
1.178062436274634450e+01
9.965574970333758387e+00
7.735777827895049086e+00
1.266602473693425601e+01
1.076405121554611632e+01
1.422831991532699902e+01
1.631278838364701755e+01
1.301310337505149661e+01
1.241217083805063837e+01
1.215301555949299761e+01
6.770275002573075795e+00
5.753627391751591880e+00
1.052482020710848865e+01
5.970821321441846408e+00
1.281592373849173683e+01
1.052482020710848865e+01
1.117038385124011413e+01
9.373021315815206478e+00
8.740387444736633427e+00
8.368283871884004910e+00
7.569397566060480642e+00
1.325545386523797831e+01
1.368087033328175828e+01
7.978845608028653835e+00
1.635176762293251684e+01
1.199483507827737583e+01
1.599753570059363028e+01
1.296408962885714899e+01
1.445030398768713376e+01
9.166995688475081394e+00
8.291859587312051971e+00
1.344618962205996482e+01
1.344618962205996482e+01
8.812923024107547576e+00
1.505445578434700415e+01
8.444016491289504600e+00
1.178062436274634450e+01
1.117038385124011413e+01
1.156244577056221523e+01
1.156244577056221523e+01
1.281592373849173683e+01
1.427299292922216978e+01
5.170882945826410726e+00
8.444016491289504600e+00
1.088169461344923583e+01
9.507891862878782518e+00
1.466892917224166482e+01
1.236077446474206631e+01
1.349345229721172146e+01
1.276615297284584649e+01
1.599753570059363028e+01
8.136857890256438353e+00
3.191538243211461623e+00
1.225733520300188317e+01
1.449429283826230197e+01
8.593479713983121826e+00
7.136496464611084889e+00
1.547155565579009817e+01
1.805406667352820094e+01
1.386575534383213970e+01
1.458187244392064308e+01
1.391159267660409604e+01
9.166995688475081394e+00
