1.296408962885714899e+01
5.753627391751591880e+00
1.276615297284584649e+01
1.368087033328175828e+01
8.136857890256438353e+00
1.058513485680245481e+01
1.315904928495908166e+01
9.027033336764100468e+00
1.276615297284584649e+01
1.551264883747923129e+01
1.261566261010080048e+01
8.368283871884004910e+00
1.496964127403822076e+01
8.593479713983121826e+00
1.178062436274634450e+01
1.296408962885714899e+01
1.276615297284584649e+01
1.167204486311898926e+01
9.304852983362556174e+00
1.296408962885714899e+01
8.444016491289504600e+00
9.166995688475081394e+00
1.058513485680245481e+01
9.640875829802336483e+00
1.654528640181426269e+01
9.166995688475081394e+00
7.136496464611084889e+00
6.076507779746498805e+00
6.076507779746498805e+00
1.261566261010080048e+01
1.386575534383213970e+01
1.261566261010080048e+01
1.354055000514615159e+01
1.230916348999737586e+01
1.009253008808064145e+01
1.475547227809780537e+01
9.836981518731869656e+00
9.440697438826296306e+00
1.117038385124011413e+01
1.301310337505149661e+01
1.404820733880128181e+01
1.492705330360461602e+01
1.052482020710848865e+01
9.836981518731869656e+00
6.579524642479540830e+00
9.166995688475081394e+00
1.058513485680245481e+01
1.475547227809780537e+01
1.178062436274634450e+01
1.167204486311898926e+01
1.021790793990058255e+01
8.136857890256438353e+00
1.199483507827737583e+01
1.009253008808064145e+01
1.391159267660409604e+01
1.547155565579009817e+01
1.296408962885714899e+01
1.178062436274634450e+01
6.863662517577697741e+00
1.172646028567007725e+01
8.136857890256438353e+00
7.569397566060480642e+00
9.574614729634383536e+00
7.569397566060480642e+00
1.251433034574463399e+01
1.009253008808064145e+01
6.282549314314217703e+00
1.064510777218481152e+01
9.772050238058398008e+00
8.884866446580955923e+00
8.740387444736633427e+00
1.296408962885714899e+01
7.569397566060480642e+00
6.383076486422923246e+00
1.335116235624909109e+01
9.097283682934460103e+00
1.526443044094783019e+01
1.117038385124011413e+01
1.547155565579009817e+01
1.286550196516137312e+01
1.404820733880128181e+01
9.373021315815206478e+00
8.136857890256438353e+00
1.344618962205996482e+01
1.335116235624909109e+01
8.740387444736633427e+00
1.453814859003845150e+01
9.373021315815206478e+00
1.178062436274634450e+01
1.117038385124011413e+01
1.178062436274634450e+01
1.150725478350318376e+01
1.276615297284584649e+01
1.377362305878664728e+01
7.399277020331918919e+00
8.136857890256438353e+00
1.070474469691662733e+01
9.373021315815206478e+00
3.742410318509555189e+00
1.236077446474206631e+01
1.413855043925722121e+01
1.215301555949299761e+01
1.266602473693425601e+01
6.383076486422923246e+00
1.534761596392107741e+01
6.579524642479540830e+00
8.956231982162769611e+00
1.199483507827737583e+01
1.386575534383213970e+01
8.444016491289504600e+00
8.444016491289504600e+00
5.863230142835038627e+00
4.652426491681278087e+00
1.488434347843123184e+01
1.400281721259029588e+01
1.368087033328175828e+01
1.306193320280393344e+01
1.404820733880128181e+01
9.373021315815206478e+00
1.070474469691662733e+01
