1.296408962885714899e+01
5.753627391751591880e+00
1.276615297284584649e+01
1.368087033328175828e+01
8.136857890256438353e+00
1.058513485680245481e+01
1.315904928495908166e+01
9.027033336764100468e+00
1.271618740744904485e+01
1.547155565579009817e+01
1.261566261010080048e+01
8.368283871884004910e+00
1.484151074652385738e+01
8.667244841319218907e+00
1.178062436274634450e+01
1.296408962885714899e+01
1.256509862862843541e+01
1.167204486311898926e+01
9.373021315815206478e+00
1.296408962885714899e+01
8.444016491289504600e+00
9.304852983362556174e+00
1.058513485680245481e+01
9.706684619910241452e+00
1.650676414605009157e+01
9.166995688475081394e+00
7.225151993843566878e+00
6.383076486422923246e+00
6.282549314314217703e+00
1.261566261010080048e+01
1.386575534383213970e+01
1.261566261010080048e+01
1.354055000514615159e+01
1.225733520300188317e+01
1.009253008808064145e+01
1.471226436021925466e+01
9.836981518731869656e+00
9.507891862878782518e+00
1.117038385124011413e+01
1.301310337505149661e+01
1.404820733880128181e+01
1.484151074652385738e+01
1.052482020710848865e+01
9.836981518731869656e+00
6.863662517577697741e+00
9.304852983362556174e+00
1.058513485680245481e+01
1.466892917224166482e+01
1.178062436274634450e+01
1.167204486311898926e+01
1.021790793990058255e+01
2.985410660720923204e+00
8.136857890256438353e+00
1.178062436274634450e+01
1.002925341359354938e+01
1.368087033328175828e+01
1.538904010394216471e+01
1.291488987023529766e+01
1.178062436274634450e+01
7.136496464611084889e+00
1.178062436274634450e+01
8.136857890256438353e+00
7.569397566060480642e+00
9.507891862878782518e+00
7.653039857325811823e+00
1.256509862862843541e+01
6.383076486422923246e+00
1.009253008808064145e+01
1.064510777218481152e+01
9.772050238058398008e+00
8.740387444736633427e+00
2.523132522020160362e+00
8.740387444736633427e+00
1.296408962885714899e+01
7.569397566060480642e+00
6.579524642479540830e+00
1.335116235624909109e+01
9.166995688475081394e+00
1.522266721510391640e+01
1.117038385124011413e+01
1.281592373849173683e+01
1.534761596392107741e+01
1.400281721259029588e+01
9.373021315815206478e+00
8.136857890256438353e+00
1.339876023397903637e+01
1.335116235624909109e+01
8.740387444736633427e+00
1.453814859003845150e+01
9.373021315815206478e+00
1.178062436274634450e+01
1.094004191971426110e+01
1.178062436274634450e+01
1.150725478350318376e+01
1.271618740744904485e+01
1.368087033328175828e+01
7.399277020331918919e+00
8.136857890256438353e+00
1.058513485680245481e+01
9.373021315815206478e+00
4.513516668382050234e+00
1.230916348999737586e+01
1.404820733880128181e+01
1.215301555949299761e+01
1.266602473693425601e+01
6.383076486422923246e+00
1.534761596392107741e+01
6.863662517577697741e+00
9.027033336764100468e+00
1.210051848659980855e+01
1.381976597885341995e+01
8.444016491289504600e+00
8.444016491289504600e+00
5.970821321441846408e+00
5.046265044040320724e+00
1.484151074652385738e+01
1.400281721259029588e+01
1.368087033328175828e+01
1.301310337505149661e+01
1.395727947504383337e+01
9.373021315815206478e+00
1.070474469691662733e+01
