1.354055000514615159e+01
1.320733953636073110e+01
1.422831991532699902e+01
1.058513485680245481e+01
1.301310337505149661e+01
8.136857890256438353e+00
1.276615297284584649e+01
1.826441241104166124e+01
1.291488987023529766e+01
1.662206308517478703e+01
1.320733953636073110e+01
1.543035303761632804e+01
1.296408962885714899e+01
1.145179781116143225e+01
3.908820095223359381e+00
1.377362305878664728e+01
6.180387232371033157e+00
5.411516379806009525e+00
9.373021315815206478e+00
6.955796338302048021e+00
1.812445316531431061e+01
6.955796338302048021e+00
1.391159267660409604e+01
1.501210842680413826e+01
1.488434347843123184e+01
1.276615297284584649e+01
1.413855043925722121e+01
1.052482020710848865e+01
1.599753570059363028e+01
8.214724333230154940e+00
8.812923024107547576e+00
1.094004191971426110e+01
1.422831991532699902e+01
1.440618081907316395e+01
1.595769121605730767e+01
9.440697438826296306e+00
6.955796338302048021e+00
1.034176589165282145e+01
1.722396045987370883e+01
1.358748446131948917e+01
1.301310337505149661e+01
9.373021315815206478e+00
1.276615297284584649e+01
1.286550196516137312e+01
1.436192209445157708e+01
1.801877032173578996e+01
1.381976597885341995e+01
1.386575534383213970e+01
1.188821220645068522e+01
1.040314189572019821e+01
1.296408962885714899e+01
1.178062436274634450e+01
1.236077446474206631e+01
7.817640190446718762e+00
7.225151993843566878e+00
6.955796338302048021e+00
1.311058116710494836e+01
1.400281721259029588e+01
1.888139487765259261e+01
1.404820733880128181e+01
1.758969042850511855e+01
1.559451034962034477e+01
1.339876023397903637e+01
7.653039857325811823e+00
1.325545386523797831e+01
1.377362305878664728e+01
9.440697438826296306e+00
1.567594437773643001e+01
1.178062436274634450e+01
1.117038385124011413e+01
1.122723095552866468e+01
1.145179781116143225e+01
1.330339418036568588e+01
1.551264883747923129e+01
7.399277020331918919e+00
1.070474469691662733e+01
9.304852983362556174e+00
1.543035303761632804e+01
1.325545386523797831e+01
1.386575534383213970e+01
1.251433034574463399e+01
1.646815177937675045e+01
1.271618740744904485e+01
1.563528038089343752e+01
3.742410318509555189e+00
6.076507779746498805e+00
1.688803298257900920e+01
1.884764794294265400e+01
1.445030398768713376e+01
1.479855404066383784e+01
1.436192209445157708e+01
6.770275002573075795e+00
