1.330339418036568588e+01
1.315904928495908166e+01
1.409345127989185542e+01
4.513516668382050234e+00
1.058513485680245481e+01
1.311058116710494836e+01
9.236181543108379799e+00
1.276615297284584649e+01
1.673656774376800982e+01
1.286550196516137312e+01
1.571650316319191809e+01
5.170882945826410726e+00
6.863662517577697741e+00
1.215301555949299761e+01
1.296408962885714899e+01
1.377362305878664728e+01
1.134007028277388685e+01
8.444016491289504600e+00
1.315904928495908166e+01
7.735777827895049086e+00
8.136857890256438353e+00
1.002925341359354938e+01
8.812923024107547576e+00
1.740778594902202769e+01
8.593479713983121826e+00
1.315904928495908166e+01
1.462546558286290477e+01
1.422831991532699902e+01
1.276615297284584649e+01
1.368087033328175828e+01
1.058513485680245481e+01
1.547155565579009817e+01
9.706684619910241452e+00
9.373021315815206478e+00
1.105581278308273596e+01
1.368087033328175828e+01
1.427299292922216978e+01
1.538904010394216471e+01
9.836981518731869656e+00
8.884866446580955923e+00
1.058513485680245481e+01
7.817640190446718762e+00
1.619528777809902209e+01
1.261566261010080048e+01
1.178062436274634450e+01
1.002925341359354938e+01
7.225151993843566878e+00
1.261566261010080048e+01
1.199483507827737583e+01
1.427299292922216978e+01
1.681247093473193388e+01
1.325545386523797831e+01
1.271618740744904485e+01
1.215301555949299761e+01
4.787307364817191768e+00
1.052482020710848865e+01
1.286550196516137312e+01
1.128379167095512514e+01
1.167204486311898926e+01
9.373021315815206478e+00
8.956231982162769611e+00
8.136857890256438353e+00
6.383076486422923246e+00
1.330339418036568588e+01
1.372732503515539548e+01
1.696325844612841038e+01
6.282549314314217703e+00
1.230916348999737586e+01
1.623454913941802857e+01
1.296408962885714899e+01
1.462546558286290477e+01
9.097283682934460103e+00
7.898654169668588132e+00
1.344618962205996482e+01
1.368087033328175828e+01
9.373021315815206478e+00
1.522266721510391640e+01
7.978845608028653835e+00
1.178062436274634450e+01
1.117038385124011413e+01
1.134007028277388685e+01
1.156244577056221523e+01
1.281592373849173683e+01
1.445030398768713376e+01
8.136857890256438353e+00
9.706684619910241452e+00
1.094004191971426110e+01
1.492705330360461602e+01
1.296408962885714899e+01
1.381976597885341995e+01
1.276615297284584649e+01
1.607692842495848140e+01
8.136857890256438353e+00
1.479855404066383784e+01
1.230916348999737586e+01
8.136857890256438353e+00
5.753627391751591880e+00
1.583755632390385770e+01
1.829923496393627147e+01
1.395727947504383337e+01
1.471226436021925466e+01
1.404820733880128181e+01
8.812923024107547576e+00
