4.068428945128219176e+00
8.444016491289504600e+00
1.276615297284584649e+01
1.220528683538465842e+01
9.373021315815206478e+00
1.286550196516137312e+01
1.058513485680245481e+01
6.770275002573075795e+00
1.256509862862843541e+01
8.884866446580955923e+00
1.246335526484300615e+01
1.413855043925722121e+01
1.156244577056221523e+01
9.373021315815206478e+00
1.413855043925722121e+01
5.170882945826410726e+00
9.304852983362556174e+00
1.070474469691662733e+01
1.261566261010080048e+01
1.225733520300188317e+01
1.178062436274634450e+01
9.373021315815206478e+00
1.178062436274634450e+01
8.136857890256438353e+00
9.027033336764100468e+00
1.058513485680245481e+01
6.180387232371033157e+00
4.652426491681278087e+00
9.965574970333758387e+00
9.373021315815206478e+00
1.513879513212096128e+01
8.740387444736633427e+00
8.740387444736633427e+00
7.569397566060480642e+00
7.225151993843566878e+00
1.070474469691662733e+01
1.251433034574463399e+01
1.134007028277388685e+01
1.256509862862843541e+01
7.569397566060480642e+00
1.070474469691662733e+01
9.373021315815206478e+00
1.320733953636073110e+01
9.901487006738307173e+00
6.383076486422923246e+00
5.170882945826410726e+00
7.225151993843566878e+00
9.772050238058398008e+00
5.753627391751591880e+00
1.117038385124011413e+01
9.965574970333758387e+00
1.276615297284584649e+01
1.301310337505149661e+01
1.052482020710848865e+01
9.965574970333758387e+00
8.136857890256438353e+00
9.373021315815206478e+00
1.058513485680245481e+01
7.136496464611084889e+00
1.156244577056221523e+01
1.315904928495908166e+01
1.117038385124011413e+01
7.978845608028653835e+00
9.965574970333758387e+00
8.136857890256438353e+00
1.139607097042601680e+01
9.373021315815206478e+00
1.167204486311898926e+01
1.409345127989185542e+01
1.225733520300188317e+01
8.291859587312051971e+00
1.117038385124011413e+01
1.161737456321036532e+01
8.136857890256438353e+00
8.368283871884004910e+00
8.884866446580955923e+00
8.136857890256438353e+00
6.863662517577697741e+00
4.222008245644752300e+00
1.204779266504070279e+01
7.653039857325811823e+00
9.965574970333758387e+00
1.002925341359354938e+01
5.527906391541367981e+00
9.965574970333758387e+00
6.955796338302048021e+00
8.884866446580955923e+00
8.740387444736633427e+00
1.210051848659980855e+01
8.444016491289504600e+00
5.527906391541367981e+00
7.225151993843566878e+00
4.222008245644752300e+00
1.271618740744904485e+01
9.640875829802336483e+00
1.354055000514615159e+01
1.088169461344923583e+01
1.225733520300188317e+01
1.354055000514615159e+01
1.431752655671925822e+01
9.373021315815206478e+00
8.291859587312051971e+00
1.315904928495908166e+01
1.286550196516137312e+01
6.863662517577697741e+00
8.956231982162769611e+00
1.427299292922216978e+01
1.040314189572019821e+01
1.156244577056221523e+01
1.040314189572019821e+01
1.178062436274634450e+01
1.002925341359354938e+01
1.256509862862843541e+01
1.325545386523797831e+01
8.444016491289504600e+00
8.136857890256438353e+00
1.058513485680245481e+01
9.373021315815206478e+00
7.399277020331918919e+00
1.134007028277388685e+01
1.335116235624909109e+01
1.172646028567007725e+01
1.236077446474206631e+01
8.058239062071395509e+00
8.136857890256438353e+00
1.445030398768713376e+01
9.373021315815206478e+00
1.161737456321036532e+01
1.296408962885714899e+01
8.740387444736633427e+00
8.740387444736633427e+00
8.214724333230154940e+00
7.817640190446718762e+00
1.306193320280393344e+01
1.281592373849173683e+01
1.306193320280393344e+01
1.236077446474206631e+01
1.335116235624909109e+01
5.753627391751591880e+00
9.965574970333758387e+00
1.002925341359354938e+01
