1.339876023397903637e+01
1.315904928495908166e+01
1.409345127989185542e+01
1.058513485680245481e+01
1.311058116710494836e+01
9.166995688475081394e+00
1.276615297284584649e+01
1.692568750643268771e+01
1.286550196516137312e+01
1.611647812414279102e+01
5.753627391751591880e+00
1.246335526484300615e+01
1.427299292922216978e+01
1.296408962885714899e+01
1.139607097042601680e+01
7.735777827895049086e+00
1.325545386523797831e+01
7.225151993843566878e+00
7.978845608028653835e+00
1.002925341359354938e+01
8.291859587312051971e+00
1.762584604821509515e+01
8.368283871884004910e+00
1.320733953636073110e+01
1.475547227809780537e+01
1.427299292922216978e+01
1.276615297284584649e+01
1.377362305878664728e+01
1.058513485680245481e+01
1.567594437773643001e+01
9.166995688475081394e+00
9.373021315815206478e+00
1.105581278308273596e+01
1.381976597885341995e+01
1.427299292922216978e+01
1.547155565579009817e+01
9.836981518731869656e+00
8.740387444736633427e+00
1.046415791390898242e+01
7.046725639945927711e+00
1.650676414605009157e+01
1.271618740744904485e+01
1.215301555949299761e+01
9.965574970333758387e+00
6.579524642479540830e+00
1.271618740744904485e+01
1.225733520300188317e+01
1.427299292922216978e+01
1.703815178355965898e+01
1.344618962205996482e+01
1.276615297284584649e+01
1.215301555949299761e+01
1.094004191971426110e+01
1.291488987023529766e+01
1.134007028277388685e+01
1.210051848659980855e+01
8.884866446580955923e+00
8.740387444736633427e+00
7.978845608028653835e+00
5.527906391541367981e+00
1.335116235624909109e+01
1.381976597885341995e+01
1.751715531361111644e+01
4.918490759365934828e+00
1.271618740744904485e+01
1.639065416446577927e+01
1.492705330360461602e+01
1.296408962885714899e+01
8.884866446580955923e+00
7.225151993843566878e+00
1.335116235624909109e+01
1.377362305878664728e+01
9.373021315815206478e+00
1.530607971465162365e+01
7.312732791431452384e+00
1.178062436274634450e+01
1.117038385124011413e+01
1.134007028277388685e+01
1.156244577056221523e+01
1.306193320280393344e+01
1.453814859003845150e+01
8.136857890256438353e+00
1.094004191971426110e+01
9.574614729634383536e+00
1.518078909665319287e+01
1.311058116710494836e+01
1.372732503515539548e+01
1.266602473693425601e+01
1.607692842495848140e+01
7.399277020331918919e+00
1.496964127403822076e+01
1.236077446474206631e+01
8.136857890256438353e+00
2.985410660720923204e+00
1.607692842495848140e+01
1.826441241104166124e+01
1.409345127989185542e+01
1.475547227809780537e+01
1.413855043925722121e+01
8.368283871884004910e+00
