1.330339418036568588e+01
1.315904928495908166e+01
1.409345127989185542e+01
3.908820095223359381e+00
1.058513485680245481e+01
1.311058116710494836e+01
9.236181543108379799e+00
1.276615297284584649e+01
1.681247093473193388e+01
1.286550196516137312e+01
1.583755632390385770e+01
4.513516668382050234e+00
6.579524642479540830e+00
1.215301555949299761e+01
1.296408962885714899e+01
1.377362305878664728e+01
1.134007028277388685e+01
8.214724333230154940e+00
1.315904928495908166e+01
7.653039857325811823e+00
8.136857890256438353e+00
1.002925341359354938e+01
8.667244841319218907e+00
1.748077488947326685e+01
8.593479713983121826e+00
1.320733953636073110e+01
1.466892917224166482e+01
1.422831991532699902e+01
1.276615297284584649e+01
1.368087033328175828e+01
1.058513485680245481e+01
1.551264883747923129e+01
9.507891862878782518e+00
9.373021315815206478e+00
1.105581278308273596e+01
1.372732503515539548e+01
1.427299292922216978e+01
1.543035303761632804e+01
9.836981518731869656e+00
8.740387444736633427e+00
1.058513485680245481e+01
7.653039857325811823e+00
1.631278838364701755e+01
1.261566261010080048e+01
1.178062436274634450e+01
9.965574970333758387e+00
7.225151993843566878e+00
1.261566261010080048e+01
1.220528683538465842e+01
1.427299292922216978e+01
1.688803298257900920e+01
1.330339418036568588e+01
1.271618740744904485e+01
1.215301555949299761e+01
4.222008245644752300e+00
1.064510777218481152e+01
1.286550196516137312e+01
1.134007028277388685e+01
1.178062436274634450e+01
9.236181543108379799e+00
9.027033336764100468e+00
8.136857890256438353e+00
6.180387232371033157e+00
1.335116235624909109e+01
1.372732503515539548e+01
1.703815178355965898e+01
6.076507779746498805e+00
1.230916348999737586e+01
1.627371578051287671e+01
1.296408962885714899e+01
1.462546558286290477e+01
9.097283682934460103e+00
7.735777827895049086e+00
1.339876023397903637e+01
1.372732503515539548e+01
9.373021315815206478e+00
1.526443044094783019e+01
7.898654169668588132e+00
1.178062436274634450e+01
1.117038385124011413e+01
1.134007028277388685e+01
1.156244577056221523e+01
1.281592373849173683e+01
1.449429283826230197e+01
8.136857890256438353e+00
9.706684619910241452e+00
1.094004191971426110e+01
1.492705330360461602e+01
1.296408962885714899e+01
1.381976597885341995e+01
1.271618740744904485e+01
1.607692842495848140e+01
7.898654169668588132e+00
1.484151074652385738e+01
1.230916348999737586e+01
8.136857890256438353e+00
5.411516379806009525e+00
1.587770228520368221e+01
1.826441241104166124e+01
1.395727947504383337e+01
1.471226436021925466e+01
1.404820733880128181e+01
8.740387444736633427e+00
