1.296408962885714899e+01
3.908820095223359381e+00
1.276615297284584649e+01
1.368087033328175828e+01
7.735777827895049086e+00
1.058513485680245481e+01
1.315904928495908166e+01
9.027033336764100468e+00
1.266602473693425601e+01
1.587770228520368221e+01
1.276615297284584649e+01
7.978845608028653835e+00
1.513879513212096128e+01
8.136857890256438353e+00
1.178062436274634450e+01
1.296408962885714899e+01
1.301310337505149661e+01
1.150725478350318376e+01
9.097283682934460103e+00
1.296408962885714899e+01
8.136857890256438353e+00
9.027033336764100468e+00
1.058513485680245481e+01
9.373021315815206478e+00
1.673656774376800982e+01
9.097283682934460103e+00
5.863230142835038627e+00
4.222008245644752300e+00
4.222008245644752300e+00
1.276615297284584649e+01
1.395727947504383337e+01
1.368087033328175828e+01
1.266602473693425601e+01
1.296408962885714899e+01
1.509668435477122017e+01
9.965574970333758387e+00
9.836981518731869656e+00
9.373021315815206478e+00
1.117038385124011413e+01
1.311058116710494836e+01
1.422831991532699902e+01
1.513879513212096128e+01
1.040314189572019821e+01
9.836981518731869656e+00
5.753627391751591880e+00
9.027033336764100468e+00
1.058513485680245481e+01
1.496964127403822076e+01
1.178062436274634450e+01
1.178062436274634450e+01
9.965574970333758387e+00
8.136857890256438353e+00
1.225733520300188317e+01
1.021790793990058255e+01
1.404820733880128181e+01
1.575695754970980111e+01
1.296408962885714899e+01
1.178062436274634450e+01
1.172646028567007725e+01
6.180387232371033157e+00
7.136496464611084889e+00
7.735777827895049086e+00
9.640875829802336483e+00
7.225151993843566878e+00
1.261566261010080048e+01
1.009253008808064145e+01
5.641895835477562571e+00
1.088169461344923583e+01
9.440697438826296306e+00
8.812923024107547576e+00
8.740387444736633427e+00
1.315904928495908166e+01
7.312732791431452384e+00
5.527906391541367981e+00
1.349345229721172146e+01
8.593479713983121826e+00
1.547155565579009817e+01
1.145179781116143225e+01
1.575695754970980111e+01
1.296408962885714899e+01
1.413855043925722121e+01
9.304852983362556174e+00
8.291859587312051971e+00
1.354055000514615159e+01
1.335116235624909109e+01
8.740387444736633427e+00
1.453814859003845150e+01
9.373021315815206478e+00
1.178062436274634450e+01
1.117038385124011413e+01
1.178062436274634450e+01
1.156244577056221523e+01
1.281592373849173683e+01
1.400281721259029588e+01
6.863662517577697741e+00
8.368283871884004910e+00
1.070474469691662733e+01
9.373021315815206478e+00
1.445030398768713376e+01
1.296408962885714899e+01
1.220528683538465842e+01
1.261566261010080048e+01
5.170882945826410726e+00
1.575695754970980111e+01
6.383076486422923246e+00
8.884866446580955923e+00
1.210051848659980855e+01
1.395727947504383337e+01
8.136857890256438353e+00
8.444016491289504600e+00
4.222008245644752300e+00
1.492705330360461602e+01
1.386575534383213970e+01
1.377362305878664728e+01
1.335116235624909109e+01
1.431752655671925822e+01
9.373021315815206478e+00
1.070474469691662733e+01
