4.787307364817191768e+00
8.444016491289504600e+00
1.276615297284584649e+01
1.199483507827737583e+01
9.373021315815206478e+00
1.271618740744904485e+01
1.058513485680245481e+01
6.770275002573075795e+00
1.251433034574463399e+01
8.884866446580955923e+00
1.236077446474206631e+01
1.404820733880128181e+01
1.128379167095512559e+00
1.134007028277388685e+01
9.373021315815206478e+00
1.391159267660409604e+01
5.641895835477562571e+00
9.304852983362556174e+00
1.070474469691662733e+01
1.261566261010080048e+01
1.215301555949299761e+01
1.178062436274634450e+01
9.373021315815206478e+00
1.161737456321036532e+01
8.136857890256438353e+00
6.383076486422923246e+00
9.027033336764100468e+00
1.058513485680245481e+01
5.170882945826410726e+00
9.901487006738307173e+00
9.373021315815206478e+00
1.501210842680413826e+01
8.740387444736633427e+00
8.740387444736633427e+00
7.569397566060480642e+00
7.312732791431452384e+00
1.058513485680245481e+01
1.236077446474206631e+01
1.111324596323282954e+01
1.246335526484300615e+01
7.653039857325811823e+00
1.070474469691662733e+01
9.373021315815206478e+00
1.315904928495908166e+01
9.901487006738307173e+00
6.482044814428574497e+00
5.411516379806009525e+00
7.225151993843566878e+00
9.772050238058398008e+00
6.076507779746498805e+00
1.117038385124011413e+01
9.965574970333758387e+00
1.276615297284584649e+01
1.046415791390898242e+01
1.291488987023529766e+01
9.965574970333758387e+00
8.136857890256438353e+00
9.507891862878782518e+00
1.058513485680245481e+01
7.225151993843566878e+00
1.156244577056221523e+01
1.311058116710494836e+01
1.117038385124011413e+01
8.136857890256438353e+00
9.965574970333758387e+00
8.136857890256438353e+00
1.139607097042601680e+01
9.373021315815206478e+00
1.161737456321036532e+01
1.400281721259029588e+01
1.215301555949299761e+01
8.291859587312051971e+00
1.117038385124011413e+01
1.156244577056221523e+01
8.136857890256438353e+00
8.368283871884004910e+00
8.884866446580955923e+00
8.136857890256438353e+00
7.136496464611084889e+00
4.652426491681278087e+00
1.204779266504070279e+01
7.898654169668588132e+00
9.965574970333758387e+00
9.965574970333758387e+00
5.863230142835038627e+00
9.965574970333758387e+00
6.955796338302048021e+00
8.812923024107547576e+00
8.740387444736633427e+00
1.210051848659980855e+01
8.444016491289504600e+00
5.753627391751591880e+00
7.225151993843566878e+00
4.652426491681278087e+00
1.266602473693425601e+01
9.640875829802336483e+00
1.339876023397903637e+01
1.076405121554611632e+01
1.225733520300188317e+01
1.354055000514615159e+01
1.422831991532699902e+01
9.373021315815206478e+00
8.368283871884004910e+00
1.311058116710494836e+01
1.286550196516137312e+01
6.863662517577697741e+00
9.027033336764100468e+00
1.427299292922216978e+01
1.040314189572019821e+01
1.156244577056221523e+01
1.034176589165282145e+01
1.178062436274634450e+01
9.965574970333758387e+00
1.251433034574463399e+01
1.320733953636073110e+01
8.444016491289504600e+00
8.136857890256438353e+00
1.058513485680245481e+01
9.373021315815206478e+00
7.484820637019110379e+00
1.122723095552866468e+01
1.335116235624909109e+01
1.167204486311898926e+01
1.236077446474206631e+01
8.136857890256438353e+00
8.136857890256438353e+00
1.445030398768713376e+01
9.373021315815206478e+00
1.161737456321036532e+01
1.296408962885714899e+01
8.740387444736633427e+00
8.740387444736633427e+00
8.291859587312051971e+00
7.978845608028653835e+00
1.296408962885714899e+01
1.271618740744904485e+01
1.291488987023529766e+01
1.236077446474206631e+01
1.335116235624909109e+01
5.753627391751591880e+00
9.965574970333758387e+00
9.965574970333758387e+00
