7.978845608028653835e+00
1.296408962885714899e+01
1.261566261010080048e+01
9.027033336764100468e+00
1.339876023397903637e+01
1.070474469691662733e+01
5.641895835477562571e+00
1.301310337505149661e+01
9.027033336764100468e+00
1.266602473693425601e+01
1.509668435477122017e+01
1.178062436274634450e+01
8.812923024107547576e+00
1.445030398768713376e+01
9.027033336764100468e+00
1.139607097042601680e+01
1.286550196516137312e+01
1.236077446474206631e+01
1.178062436274634450e+01
9.507891862878782518e+00
1.276615297284584649e+01
8.214724333230154940e+00
9.574614729634383536e+00
1.058513485680245481e+01
9.965574970333758387e+00
9.373021315815206478e+00
1.559451034962034477e+01
8.291859587312051971e+00
7.978845608028653835e+00
7.484820637019110379e+00
5.970821321441846408e+00
1.128379167095512514e+01
1.372732503515539548e+01
1.236077446474206631e+01
1.306193320280393344e+01
1.128379167095512514e+01
9.574614729634383536e+00
5.753627391751591880e+00
1.381976597885341995e+01
9.901487006738307173e+00
6.076507779746498805e+00
9.507891862878782518e+00
1.058513485680245481e+01
1.167204486311898926e+01
1.354055000514615159e+01
1.404820733880128181e+01
1.052482020710848865e+01
9.965574970333758387e+00
8.058239062071395509e+00
9.373021315815206478e+00
1.058513485680245481e+01
5.753627391751591880e+00
1.178062436274634450e+01
1.368087033328175828e+01
1.117038385124011413e+01
6.955796338302048021e+00
1.002925341359354938e+01
8.136857890256438353e+00
1.178062436274634450e+01
9.373021315815206478e+00
1.291488987023529766e+01
1.445030398768713376e+01
1.271618740744904485e+01
8.214724333230154940e+00
1.161737456321036532e+01
1.167204486311898926e+01
8.136857890256438353e+00
8.136857890256438353e+00
9.373021315815206478e+00
8.136857890256438353e+00
3.385137501286537898e+00
1.225733520300188317e+01
7.225151993843566878e+00
9.965574970333758387e+00
1.058513485680245481e+01
9.965574970333758387e+00
6.675581178124545545e+00
8.884866446580955923e+00
8.956231982162769611e+00
1.281592373849173683e+01
8.136857890256438353e+00
7.225151993843566878e+00
1.311058116710494836e+01
9.373021315815206478e+00
1.404820733880128181e+01
1.117038385124011413e+01
1.261566261010080048e+01
1.475547227809780537e+01
1.381976597885341995e+01
9.373021315815206478e+00
8.136857890256438353e+00
1.325545386523797831e+01
1.306193320280393344e+01
8.740387444736633427e+00
1.436192209445157708e+01
2.523132522020160362e+00
1.002925341359354938e+01
1.167204486311898926e+01
1.058513485680245481e+01
1.178062436274634450e+01
1.088169461344923583e+01
1.266602473693425601e+01
1.335116235624909109e+01
8.136857890256438353e+00
8.136857890256438353e+00
1.058513485680245481e+01
9.373021315815206478e+00
6.770275002573075795e+00
1.167204486311898926e+01
1.381976597885341995e+01
1.188821220645068522e+01
1.236077446474206631e+01
7.312732791431452384e+00
1.488434347843123184e+01
7.569397566060480642e+00
9.373021315815206478e+00
1.178062436274634450e+01
1.335116235624909109e+01
8.740387444736633427e+00
8.593479713983121826e+00
7.225151993843566878e+00
7.225151993843566878e+00
1.377362305878664728e+01
1.427299292922216978e+01
1.335116235624909109e+01
1.271618740744904485e+01
1.344618962205996482e+01
9.901487006738307173e+00
1.070474469691662733e+01
