1.296408962885714899e+01
1.276615297284584649e+01
1.368087033328175828e+01
7.484820637019110379e+00
1.058513485680245481e+01
9.574614729634383536e+00
1.315904928495908166e+01
1.266602473693425601e+01
1.611647812414279102e+01
1.276615297284584649e+01
7.978845608028653835e+00
1.534761596392107741e+01
8.136857890256438353e+00
1.178062436274634450e+01
1.296408962885714899e+01
1.306193320280393344e+01
1.150725478350318376e+01
9.097283682934460103e+00
1.296408962885714899e+01
8.136857890256438353e+00
8.740387444736633427e+00
1.058513485680245481e+01
9.236181543108379799e+00
1.688803298257900920e+01
9.097283682934460103e+00
5.411516379806009525e+00
1.286550196516137312e+01
1.400281721259029588e+01
1.391159267660409604e+01
1.271618740744904485e+01
1.301310337505149661e+01
1.522266721510391640e+01
9.965574970333758387e+00
9.901487006738307173e+00
9.373021315815206478e+00
1.117038385124011413e+01
1.315904928495908166e+01
1.427299292922216978e+01
1.513879513212096128e+01
1.040314189572019821e+01
9.772050238058398008e+00
8.884866446580955923e+00
1.058513485680245481e+01
4.787307364817191768e+00
1.518078909665319287e+01
1.178062436274634450e+01
1.188821220645068522e+01
9.965574970333758387e+00
7.978845608028653835e+00
1.246335526484300615e+01
1.021790793990058255e+01
1.404820733880128181e+01
1.583755632390385770e+01
1.296408962885714899e+01
1.178062436274634450e+01
1.178062436274634450e+01
5.753627391751591880e+00
6.863662517577697741e+00
7.484820637019110379e+00
9.706684619910241452e+00
7.225151993843566878e+00
1.266602473693425601e+01
1.028002345391383443e+01
4.787307364817191768e+00
1.099807968464679142e+01
9.373021315815206478e+00
8.812923024107547576e+00
8.667244841319218907e+00
1.315904928495908166e+01
7.312732791431452384e+00
4.513516668382050234e+00
1.358748446131948917e+01
8.444016491289504600e+00
1.555363345008750464e+01
1.156244577056221523e+01
1.587770228520368221e+01
1.296408962885714899e+01
1.427299292922216978e+01
9.304852983362556174e+00
8.291859587312051971e+00
1.354055000514615159e+01
1.339876023397903637e+01
8.740387444736633427e+00
1.475547227809780537e+01
9.166995688475081394e+00
1.178062436274634450e+01
1.117038385124011413e+01
1.178062436274634450e+01
1.156244577056221523e+01
1.281592373849173683e+01
1.400281721259029588e+01
6.863662517577697741e+00
8.214724333230154940e+00
1.070474469691662733e+01
9.373021315815206478e+00
1.453814859003845150e+01
1.325545386523797831e+01
1.220528683538465842e+01
1.256509862862843541e+01
4.068428945128219176e+00
1.583755632390385770e+01
6.180387232371033157e+00
8.519075891779829490e+00
1.215301555949299761e+01
1.422831991532699902e+01
8.136857890256438353e+00
8.444016491289504600e+00
1.496964127403822076e+01
1.776973289316191185e+01
1.377362305878664728e+01
1.358748446131948917e+01
1.431752655671925822e+01
9.373021315815206478e+00
