1.354055000514615159e+01
1.315904928495908166e+01
1.413855043925722121e+01
1.058513485680245481e+01
1.311058116710494836e+01
9.097283682934460103e+00
1.276615297284584649e+01
1.718695942796624365e+01
1.286550196516137312e+01
1.615593100600235843e+01
5.046265044040320724e+00
1.251433034574463399e+01
1.445030398768713376e+01
1.296408962885714899e+01
1.139607097042601680e+01
7.399277020331918919e+00
1.330339418036568588e+01
7.225151993843566878e+00
7.735777827895049086e+00
1.002925341359354938e+01
8.291859587312051971e+00
1.762584604821509515e+01
8.058239062071395509e+00
1.315904928495908166e+01
1.475547227809780537e+01
1.440618081907316395e+01
1.276615297284584649e+01
1.377362305878664728e+01
1.058513485680245481e+01
1.579730833933717626e+01
9.166995688475081394e+00
9.373021315815206478e+00
1.105581278308273596e+01
1.381976597885341995e+01
1.431752655671925822e+01
1.551264883747923129e+01
9.836981518731869656e+00
8.593479713983121826e+00
1.046415791390898242e+01
6.770275002573075795e+00
1.650676414605009157e+01
1.276615297284584649e+01
1.230916348999737586e+01
9.965574970333758387e+00
6.076507779746498805e+00
1.271618740744904485e+01
1.236077446474206631e+01
1.427299292922216978e+01
1.711271735549580697e+01
1.354055000514615159e+01
1.296408962885714899e+01
1.215301555949299761e+01
1.105581278308273596e+01
1.296408962885714899e+01
1.134007028277388685e+01
1.210051848659980855e+01
8.812923024107547576e+00
8.667244841319218907e+00
7.735777827895049086e+00
1.325545386523797831e+01
4.222008245644752300e+00
1.381976597885341995e+01
1.780552292517845459e+01
2.985410660720923204e+00
1.276615297284584649e+01
1.666031874701878124e+01
1.492705330360461602e+01
1.296408962885714899e+01
8.740387444736633427e+00
7.046725639945927711e+00
1.335116235624909109e+01
1.372732503515539548e+01
9.373021315815206478e+00
1.538904010394216471e+01
6.955796338302048021e+00
1.178062436274634450e+01
1.117038385124011413e+01
1.134007028277388685e+01
1.156244577056221523e+01
1.306193320280393344e+01
1.453814859003845150e+01
8.136857890256438353e+00
1.076405121554611632e+01
9.373021315815206478e+00
1.543035303761632804e+01
1.311058116710494836e+01
1.372732503515539548e+01
1.261566261010080048e+01
1.611647812414279102e+01
7.046725639945927711e+00
1.496964127403822076e+01
1.236077446474206631e+01
7.978845608028653835e+00
1.635176762293251684e+01
1.847236308621675960e+01
1.427299292922216978e+01
1.479855404066383784e+01
1.413855043925722121e+01
8.291859587312051971e+00
