1.306193320280393344e+01
1.291488987023529766e+01
1.395727947504383337e+01
6.579524642479540830e+00
1.058513485680245481e+01
1.315904928495908166e+01
9.373021315815206478e+00
1.271618740744904485e+01
1.642944866646030988e+01
1.291488987023529766e+01
6.955796338302048021e+00
1.543035303761632804e+01
7.978845608028653835e+00
1.210051848659980855e+01
1.296408962885714899e+01
1.339876023397903637e+01
1.134007028277388685e+01
8.740387444736633427e+00
1.296408962885714899e+01
8.136857890256438353e+00
8.740387444736633427e+00
1.034176589165282145e+01
9.166995688475081394e+00
1.711271735549580697e+01
8.812923024107547576e+00
1.286550196516137312e+01
1.440618081907316395e+01
1.409345127989185542e+01
1.271618740744904485e+01
1.354055000514615159e+01
1.058513485680245481e+01
1.543035303761632804e+01
9.836981518731869656e+00
9.373021315815206478e+00
1.117038385124011413e+01
1.339876023397903637e+01
1.427299292922216978e+01
1.530607971465162365e+01
1.028002345391383443e+01
9.507891862878782518e+00
1.058513485680245481e+01
8.444016491289504600e+00
1.575695754970980111e+01
1.256509862862843541e+01
1.178062436274634450e+01
9.965574970333758387e+00
7.898654169668588132e+00
1.261566261010080048e+01
1.064510777218481152e+01
1.422831991532699902e+01
1.627371578051287671e+01
1.296408962885714899e+01
1.230916348999737586e+01
1.204779266504070279e+01
6.955796338302048021e+00
5.970821321441846408e+00
1.040314189572019821e+01
6.076507779746498805e+00
1.266602473693425601e+01
1.046415791390898242e+01
1.117038385124011413e+01
9.373021315815206478e+00
8.740387444736633427e+00
8.444016491289504600e+00
7.569397566060480642e+00
1.325545386523797831e+01
1.368087033328175828e+01
8.136857890256438353e+00
1.627371578051287671e+01
1.194164264288369282e+01
1.599753570059363028e+01
1.296408962885714899e+01
1.445030398768713376e+01
9.166995688475081394e+00
8.291859587312051971e+00
1.344618962205996482e+01
1.344618962205996482e+01
8.740387444736633427e+00
1.501210842680413826e+01
8.519075891779829490e+00
1.178062436274634450e+01
1.117038385124011413e+01
1.156244577056221523e+01
1.156244577056221523e+01
1.281592373849173683e+01
1.422831991532699902e+01
5.411516379806009525e+00
8.444016491289504600e+00
1.070474469691662733e+01
9.507891862878782518e+00
1.466892917224166482e+01
1.339876023397903637e+01
1.230916348999737586e+01
1.276615297284584649e+01
1.599753570059363028e+01
4.222008245644752300e+00
8.136857890256438353e+00
1.225733520300188317e+01
1.449429283826230197e+01
8.740387444736633427e+00
7.312732791431452384e+00
1.530607971465162365e+01
1.798340469329240676e+01
1.386575534383213970e+01
1.453814859003845150e+01
1.391159267660409604e+01
9.166995688475081394e+00
