1.339876023397903637e+01
1.315904928495908166e+01
1.409345127989185542e+01
1.058513485680245481e+01
1.311058116710494836e+01
9.166995688475081394e+00
1.276615297284584649e+01
1.685029431422315938e+01
1.286550196516137312e+01
1.595769121605730767e+01
3.908820095223359381e+00
6.482044814428574497e+00
1.230916348999737586e+01
1.395727947504383337e+01
1.296408962885714899e+01
1.128379167095512514e+01
7.978845608028653835e+00
1.320733953636073110e+01
7.484820637019110379e+00
8.136857890256438353e+00
1.002925341359354938e+01
8.519075891779829490e+00
1.748077488947326685e+01
8.444016491289504600e+00
1.320733953636073110e+01
1.471226436021925466e+01
1.427299292922216978e+01
1.276615297284584649e+01
1.377362305878664728e+01
1.058513485680245481e+01
1.551264883747923129e+01
9.304852983362556174e+00
9.373021315815206478e+00
1.105581278308273596e+01
1.377362305878664728e+01
1.427299292922216978e+01
1.543035303761632804e+01
9.836981518731869656e+00
8.740387444736633427e+00
1.052482020710848865e+01
7.484820637019110379e+00
1.635176762293251684e+01
1.261566261010080048e+01
1.199483507827737583e+01
9.965574970333758387e+00
7.136496464611084889e+00
1.261566261010080048e+01
1.220528683538465842e+01
1.427299292922216978e+01
1.688803298257900920e+01
1.335116235624909109e+01
1.276615297284584649e+01
1.215301555949299761e+01
3.568248232305542444e+00
1.064510777218481152e+01
1.286550196516137312e+01
1.122723095552866468e+01
1.178062436274634450e+01
9.097283682934460103e+00
8.956231982162769611e+00
8.136857890256438353e+00
6.076507779746498805e+00
1.335116235624909109e+01
1.372732503515539548e+01
1.703815178355965898e+01
5.641895835477562571e+00
1.241217083805063837e+01
1.635176762293251684e+01
1.471226436021925466e+01
1.296408962885714899e+01
8.956231982162769611e+00
7.569397566060480642e+00
1.339876023397903637e+01
1.377362305878664728e+01
9.373021315815206478e+00
1.530607971465162365e+01
7.653039857325811823e+00
1.178062436274634450e+01
1.117038385124011413e+01
1.134007028277388685e+01
1.156244577056221523e+01
1.286550196516137312e+01
1.453814859003845150e+01
8.136857890256438353e+00
9.640875829802336483e+00
1.094004191971426110e+01
1.505445578434700415e+01
1.306193320280393344e+01
1.372732503515539548e+01
1.266602473693425601e+01
1.607692842495848140e+01
7.735777827895049086e+00
1.484151074652385738e+01
1.230916348999737586e+01
8.136857890256438353e+00
4.918490759365934828e+00
1.587770228520368221e+01
1.829923496393627147e+01
1.400281721259029588e+01
1.471226436021925466e+01
1.409345127989185542e+01
8.593479713983121826e+00
