7.653039857325811823e+00
1.296408962885714899e+01
1.261566261010080048e+01
8.956231982162769611e+00
1.349345229721172146e+01
1.070474469691662733e+01
5.292567428401227403e+00
1.306193320280393344e+01
9.027033336764100468e+00
1.266602473693425601e+01
1.509668435477122017e+01
1.194164264288369282e+01
8.812923024107547576e+00
1.449429283826230197e+01
9.027033336764100468e+00
1.145179781116143225e+01
1.286550196516137312e+01
1.236077446474206631e+01
1.178062436274634450e+01
9.507891862878782518e+00
1.286550196516137312e+01
8.291859587312051971e+00
9.373021315815206478e+00
1.058513485680245481e+01
9.965574970333758387e+00
9.373021315815206478e+00
1.567594437773643001e+01
8.136857890256438353e+00
7.978845608028653835e+00
7.399277020331918919e+00
1.139607097042601680e+01
5.753627391751591880e+00
1.386575534383213970e+01
1.251433034574463399e+01
1.306193320280393344e+01
1.128379167095512514e+01
9.574614729634383536e+00
5.753627391751591880e+00
1.391159267660409604e+01
9.901487006738307173e+00
5.970821321441846408e+00
9.507891862878782518e+00
1.058513485680245481e+01
1.183454054540639433e+01
1.358748446131948917e+01
1.422831991532699902e+01
1.052482020710848865e+01
9.965574970333758387e+00
7.898654169668588132e+00
9.373021315815206478e+00
1.058513485680245481e+01
5.411516379806009525e+00
1.178062436274634450e+01
1.377362305878664728e+01
1.117038385124011413e+01
6.955796338302048021e+00
1.009253008808064145e+01
8.136857890256438353e+00
1.178062436274634450e+01
9.373021315815206478e+00
1.315904928495908166e+01
1.449429283826230197e+01
1.271618740744904485e+01
1.172646028567007725e+01
7.978845608028653835e+00
1.167204486311898926e+01
8.058239062071395509e+00
8.136857890256438353e+00
9.507891862878782518e+00
8.136857890256438353e+00
1.236077446474206631e+01
7.225151993843566878e+00
9.965574970333758387e+00
1.058513485680245481e+01
9.965574970333758387e+00
6.383076486422923246e+00
8.884866446580955923e+00
8.884866446580955923e+00
1.286550196516137312e+01
8.136857890256438353e+00
7.225151993843566878e+00
1.311058116710494836e+01
9.373021315815206478e+00
1.427299292922216978e+01
1.117038385124011413e+01
1.261566261010080048e+01
1.475547227809780537e+01
1.381976597885341995e+01
9.373021315815206478e+00
8.136857890256438353e+00
1.325545386523797831e+01
1.311058116710494836e+01
8.740387444736633427e+00
1.440618081907316395e+01
9.836981518731869656e+00
1.167204486311898926e+01
1.058513485680245481e+01
1.178062436274634450e+01
1.099807968464679142e+01
1.271618740744904485e+01
1.335116235624909109e+01
8.136857890256438353e+00
8.136857890256438353e+00
1.058513485680245481e+01
9.373021315815206478e+00
6.579524642479540830e+00
1.167204486311898926e+01
1.386575534383213970e+01
1.194164264288369282e+01
1.236077446474206631e+01
7.225151993843566878e+00
1.492705330360461602e+01
7.399277020331918919e+00
9.373021315815206478e+00
1.183454054540639433e+01
1.344618962205996482e+01
8.740387444736633427e+00
8.593479713983121826e+00
7.225151993843566878e+00
7.046725639945927711e+00
1.381976597885341995e+01
1.431752655671925822e+01
1.339876023397903637e+01
1.276615297284584649e+01
1.344618962205996482e+01
9.901487006738307173e+00
1.076405121554611632e+01
