1.354055000514615159e+01
1.315904928495908166e+01
1.422831991532699902e+01
1.058513485680245481e+01
1.311058116710494836e+01
8.812923024107547576e+00
1.276615297284584649e+01
1.733448968263843781e+01
1.291488987023529766e+01
1.619528777809902209e+01
1.266602473693425601e+01
1.471226436021925466e+01
4.222008245644752300e+00
1.296408962885714899e+01
1.145179781116143225e+01
7.046725639945927711e+00
1.335116235624909109e+01
7.046725639945927711e+00
7.484820637019110379e+00
9.836981518731869656e+00
8.058239062071395509e+00
1.762584604821509515e+01
7.978845608028653835e+00
1.335116235624909109e+01
1.475547227809780537e+01
1.445030398768713376e+01
1.276615297284584649e+01
1.386575534383213970e+01
1.058513485680245481e+01
1.583755632390385770e+01
9.097283682934460103e+00
9.373021315815206478e+00
1.105581278308273596e+01
1.386575534383213970e+01
1.431752655671925822e+01
1.555363345008750464e+01
9.836981518731869656e+00
8.444016491289504600e+00
1.046415791390898242e+01
6.076507779746498805e+00
1.666031874701878124e+01
1.276615297284584649e+01
1.241217083805063837e+01
9.901487006738307173e+00
5.753627391751591880e+00
1.276615297284584649e+01
1.236077446474206631e+01
1.436192209445157708e+01
1.729772508200899850e+01
1.354055000514615159e+01
1.315904928495908166e+01
1.215301555949299761e+01
1.088169461344923583e+01
1.296408962885714899e+01
1.134007028277388685e+01
1.215301555949299761e+01
8.812923024107547576e+00
8.444016491289504600e+00
7.817640190446718762e+00
1.315904928495908166e+01
1.381976597885341995e+01
1.808929415419343556e+01
1.291488987023529766e+01
1.677456227108388731e+01
1.534761596392107741e+01
1.306193320280393344e+01
8.667244841319218907e+00
6.282549314314217703e+00
1.335116235624909109e+01
1.372732503515539548e+01
9.373021315815206478e+00
1.538904010394216471e+01
6.579524642479540830e+00
1.178062436274634450e+01
1.117038385124011413e+01
1.134007028277388685e+01
1.156244577056221523e+01
1.291488987023529766e+01
1.475547227809780537e+01
8.136857890256438353e+00
1.070474469691662733e+01
9.373021315815206478e+00
1.534761596392107741e+01
1.311058116710494836e+01
1.372732503515539548e+01
1.256509862862843541e+01
1.611647812414279102e+01
6.770275002573075795e+00
1.496964127403822076e+01
1.236077446474206631e+01
7.735777827895049086e+00
1.646815177937675045e+01
1.843786751347043307e+01
1.427299292922216978e+01
1.479855404066383784e+01
1.418350619798065715e+01
8.136857890256438353e+00
