1.354055000514615159e+01
1.315904928495908166e+01
1.422831991532699902e+01
1.058513485680245481e+01
1.301310337505149661e+01
8.058239062071395509e+00
1.276615297284584649e+01
1.829923496393627147e+01
1.291488987023529766e+01
1.662206308517478703e+01
1.335116235624909109e+01
1.563528038089343752e+01
1.296408962885714899e+01
1.145179781116143225e+01
2.256758334191025117e+00
1.395727947504383337e+01
4.918490759365934828e+00
9.373021315815206478e+00
5.753627391751591880e+00
6.955796338302048021e+00
1.819456736586892021e+01
6.863662517577697741e+00
1.386575534383213970e+01
1.501210842680413826e+01
1.488434347843123184e+01
1.276615297284584649e+01
1.427299292922216978e+01
1.052482020710848865e+01
1.599753570059363028e+01
8.136857890256438353e+00
8.812923024107547576e+00
1.094004191971426110e+01
1.422831991532699902e+01
1.440618081907316395e+01
1.595769121605730767e+01
9.373021315815206478e+00
6.770275002573075795e+00
1.034176589165282145e+01
1.729772508200899850e+01
1.363425735166143049e+01
1.306193320280393344e+01
9.373021315815206478e+00
1.276615297284584649e+01
1.286550196516137312e+01
1.436192209445157708e+01
1.801877032173578996e+01
1.391159267660409604e+01
1.391159267660409604e+01
1.183454054540639433e+01
1.040314189572019821e+01
1.296408962885714899e+01
1.178062436274634450e+01
1.236077446474206631e+01
7.484820637019110379e+00
7.225151993843566878e+00
6.955796338302048021e+00
1.311058116710494836e+01
1.400281721259029588e+01
1.888139487765259261e+01
1.404820733880128181e+01
1.769793569896924623e+01
1.563528038089343752e+01
1.335116235624909109e+01
7.484820637019110379e+00
1.325545386523797831e+01
1.377362305878664728e+01
9.373021315815206478e+00
1.571650316319191809e+01
1.178062436274634450e+01
1.117038385124011413e+01
1.122723095552866468e+01
1.145179781116143225e+01
1.330339418036568588e+01
1.559451034962034477e+01
7.399277020331918919e+00
1.070474469691662733e+01
9.236181543108379799e+00
1.543035303761632804e+01
1.325545386523797831e+01
1.386575534383213970e+01
1.251433034574463399e+01
1.646815177937675045e+01
1.271618740744904485e+01
1.563528038089343752e+01
5.753627391751591880e+00
1.696325844612841038e+01
1.888139487765259261e+01
1.445030398768713376e+01
1.479855404066383784e+01
1.436192209445157708e+01
6.579524642479540830e+00
