1.354055000514615159e+01
1.320733953636073110e+01
1.422831991532699902e+01
1.058513485680245481e+01
1.306193320280393344e+01
8.740387444736633427e+00
1.276615297284584649e+01
1.755346033766304004e+01
1.291488987023529766e+01
1.623454913941802857e+01
1.291488987023529766e+01
1.475547227809780537e+01
1.296408962885714899e+01
1.145179781116143225e+01
6.863662517577697741e+00
1.344618962205996482e+01
6.863662517577697741e+00
7.225151993843566878e+00
9.706684619910241452e+00
7.978845608028653835e+00
1.776973289316191185e+01
7.978845608028653835e+00
1.339876023397903637e+01
1.479855404066383784e+01
1.458187244392064308e+01
1.276615297284584649e+01
1.386575534383213970e+01
1.058513485680245481e+01
1.587770228520368221e+01
8.740387444736633427e+00
9.236181543108379799e+00
1.094004191971426110e+01
1.395727947504383337e+01
1.431752655671925822e+01
1.567594437773643001e+01
9.836981518731869656e+00
8.136857890256438353e+00
1.046415791390898242e+01
5.641895835477562571e+00
1.271618740744904485e+01
1.677456227108388731e+01
1.276615297284584649e+01
9.772050238058398008e+00
5.170882945826410726e+00
1.276615297284584649e+01
1.236077446474206631e+01
1.436192209445157708e+01
1.755346033766304004e+01
1.368087033328175828e+01
1.320733953636073110e+01
1.210051848659980855e+01
1.064510777218481152e+01
1.296408962885714899e+01
1.134007028277388685e+01
1.220528683538465842e+01
8.519075891779829490e+00
8.214724333230154940e+00
7.817640190446718762e+00
1.311058116710494836e+01
1.381976597885341995e+01
1.843786751347043307e+01
1.315904928495908166e+01
1.688803298257900920e+01
1.543035303761632804e+01
1.315904928495908166e+01
8.667244841319218907e+00
5.753627391751591880e+00
1.335116235624909109e+01
1.372732503515539548e+01
9.373021315815206478e+00
1.543035303761632804e+01
5.753627391751591880e+00
1.178062436274634450e+01
1.117038385124011413e+01
1.134007028277388685e+01
1.156244577056221523e+01
1.296408962885714899e+01
1.509668435477122017e+01
8.136857890256438353e+00
1.070474469691662733e+01
9.373021315815206478e+00
1.543035303761632804e+01
1.320733953636073110e+01
1.377362305878664728e+01
1.256509862862843541e+01
1.611647812414279102e+01
1.513879513212096128e+01
6.282549314314217703e+00
1.236077446474206631e+01
7.312732791431452384e+00
1.646815177937675045e+01
1.847236308621675960e+01
1.431752655671925822e+01
1.479855404066383784e+01
1.427299292922216978e+01
8.136857890256438353e+00
