1.296408962885714899e+01
5.170882945826410726e+00
1.276615297284584649e+01
1.368087033328175828e+01
7.898654169668588132e+00
1.058513485680245481e+01
1.315904928495908166e+01
9.027033336764100468e+00
1.271618740744904485e+01
1.579730833933717626e+01
1.276615297284584649e+01
8.136857890256438353e+00
1.505445578434700415e+01
8.444016491289504600e+00
1.178062436274634450e+01
1.296408962885714899e+01
1.286550196516137312e+01
1.161737456321036532e+01
9.236181543108379799e+00
1.296408962885714899e+01
8.368283871884004910e+00
9.027033336764100468e+00
1.058513485680245481e+01
9.574614729634383536e+00
1.666031874701878124e+01
9.166995688475081394e+00
6.675581178124545545e+00
5.046265044040320724e+00
5.046265044040320724e+00
1.266602473693425601e+01
1.391159267660409604e+01
1.261566261010080048e+01
1.354055000514615159e+01
1.271618740744904485e+01
9.965574970333758387e+00
1.488434347843123184e+01
9.836981518731869656e+00
9.373021315815206478e+00
1.117038385124011413e+01
1.311058116710494836e+01
1.413855043925722121e+01
1.509668435477122017e+01
1.040314189572019821e+01
9.836981518731869656e+00
6.076507779746498805e+00
9.097283682934460103e+00
1.058513485680245481e+01
1.484151074652385738e+01
1.178062436274634450e+01
1.178062436274634450e+01
1.009253008808064145e+01
8.136857890256438353e+00
1.215301555949299761e+01
1.021790793990058255e+01
1.404820733880128181e+01
1.567594437773643001e+01
1.296408962885714899e+01
1.178062436274634450e+01
6.579524642479540830e+00
1.172646028567007725e+01
7.978845608028653835e+00
7.569397566060480642e+00
9.640875829802336483e+00
7.484820637019110379e+00
1.256509862862843541e+01
1.009253008808064145e+01
6.180387232371033157e+00
1.076405121554611632e+01
9.574614729634383536e+00
8.956231982162769611e+00
8.740387444736633427e+00
1.306193320280393344e+01
7.484820637019110379e+00
5.970821321441846408e+00
1.335116235624909109e+01
8.740387444736633427e+00
1.534761596392107741e+01
1.122723095552866468e+01
1.563528038089343752e+01
1.286550196516137312e+01
1.409345127989185542e+01
9.373021315815206478e+00
8.136857890256438353e+00
1.349345229721172146e+01
1.335116235624909109e+01
8.740387444736633427e+00
1.453814859003845150e+01
9.373021315815206478e+00
1.178062436274634450e+01
1.117038385124011413e+01
1.178062436274634450e+01
1.150725478350318376e+01
1.281592373849173683e+01
1.381976597885341995e+01
7.225151993843566878e+00
8.136857890256438353e+00
1.070474469691662733e+01
9.373021315815206478e+00
1.436192209445157708e+01
1.246335526484300615e+01
1.215301555949299761e+01
1.261566261010080048e+01
5.863230142835038627e+00
1.559451034962034477e+01
6.675581178124545545e+00
8.956231982162769611e+00
1.204779266504070279e+01
1.386575534383213970e+01
8.136857890256438353e+00
8.444016491289504600e+00
5.170882945826410726e+00
3.568248232305542444e+00
1.496964127403822076e+01
1.395727947504383337e+01
1.372732503515539548e+01
1.315904928495908166e+01
1.404820733880128181e+01
9.373021315815206478e+00
1.070474469691662733e+01
