6.770275002573075795e+00
1.296408962885714899e+01
1.271618740744904485e+01
8.368283871884004910e+00
1.372732503515539548e+01
1.058513485680245481e+01
1.311058116710494836e+01
9.027033336764100468e+00
1.271618740744904485e+01
1.543035303761632804e+01
1.256509862862843541e+01
8.519075891779829490e+00
1.462546558286290477e+01
8.740387444736633427e+00
1.178062436274634450e+01
1.296408962885714899e+01
1.246335526484300615e+01
1.167204486311898926e+01
9.373021315815206478e+00
1.296408962885714899e+01
8.444016491289504600e+00
9.304852983362556174e+00
1.058513485680245481e+01
9.836981518731869656e+00
1.639065416446577927e+01
9.166995688475081394e+00
7.484820637019110379e+00
6.675581178124545545e+00
6.482044814428574497e+00
1.256509862862843541e+01
1.381976597885341995e+01
1.261566261010080048e+01
1.349345229721172146e+01
1.220528683538465842e+01
9.901487006738307173e+00
1.445030398768713376e+01
9.836981518731869656e+00
9.507891862878782518e+00
1.117038385124011413e+01
1.296408962885714899e+01
1.386575534383213970e+01
1.466892917224166482e+01
1.052482020710848865e+01
9.836981518731869656e+00
7.046725639945927711e+00
9.373021315815206478e+00
1.058513485680245481e+01
1.445030398768713376e+01
1.178062436274634450e+01
1.150725478350318376e+01
4.513516668382050234e+00
1.021790793990058255e+01
8.136857890256438353e+00
1.178062436274634450e+01
9.965574970333758387e+00
1.358748446131948917e+01
1.509668435477122017e+01
1.286550196516137312e+01
1.178062436274634450e+01
7.225151993843566878e+00
1.172646028567007725e+01
7.653039857325811823e+00
8.136857890256438353e+00
9.373021315815206478e+00
7.978845608028653835e+00
1.251433034574463399e+01
6.863662517577697741e+00
9.965574970333758387e+00
1.064510777218481152e+01
9.772050238058398008e+00
4.513516668382050234e+00
8.740387444736633427e+00
8.740387444736633427e+00
1.296408962885714899e+01
7.735777827895049086e+00
6.863662517577697741e+00
1.335116235624909109e+01
9.236181543108379799e+00
1.501210842680413826e+01
1.117038385124011413e+01
1.276615297284584649e+01
1.518078909665319287e+01
1.400281721259029588e+01
9.373021315815206478e+00
8.136857890256438353e+00
1.330339418036568588e+01
1.325545386523797831e+01
8.740387444736633427e+00
1.453814859003845150e+01
9.440697438826296306e+00
1.178062436274634450e+01
1.082303275961201905e+01
1.178062436274634450e+01
1.139607097042601680e+01
1.271618740744904485e+01
1.354055000514615159e+01
7.653039857325811823e+00
8.136857890256438353e+00
1.058513485680245481e+01
9.373021315815206478e+00
5.292567428401227403e+00
1.210051848659980855e+01
1.395727947504383337e+01
1.210051848659980855e+01
1.256509862862843541e+01
6.383076486422923246e+00
1.534761596392107741e+01
6.863662517577697741e+00
9.236181543108379799e+00
1.204779266504070279e+01
1.377362305878664728e+01
8.593479713983121826e+00
8.444016491289504600e+00
6.383076486422923246e+00
5.753627391751591880e+00
1.475547227809780537e+01
1.404820733880128181e+01
1.363425735166143049e+01
1.286550196516137312e+01
1.391159267660409604e+01
9.640875829802336483e+00
1.064510777218481152e+01
