1.296408962885714899e+01
1.286550196516137312e+01
1.377362305878664728e+01
7.225151993843566878e+00
1.058513485680245481e+01
9.640875829802336483e+00
1.315904928495908166e+01
1.266602473693425601e+01
1.635176762293251684e+01
1.286550196516137312e+01
7.399277020331918919e+00
1.538904010394216471e+01
8.136857890256438353e+00
1.194164264288369282e+01
1.296408962885714899e+01
1.330339418036568588e+01
1.145179781116143225e+01
8.812923024107547576e+00
1.296408962885714899e+01
8.136857890256438353e+00
8.740387444736633427e+00
1.058513485680245481e+01
9.166995688475081394e+00
1.707547527140466670e+01
9.097283682934460103e+00
2.763953195770683990e+00
1.286550196516137312e+01
1.431752655671925822e+01
1.391159267660409604e+01
1.271618740744904485e+01
1.344618962205996482e+01
1.040314189572019821e+01
1.538904010394216471e+01
9.836981518731869656e+00
9.373021315815206478e+00
1.117038385124011413e+01
1.330339418036568588e+01
1.427299292922216978e+01
1.526443044094783019e+01
1.028002345391383443e+01
9.574614729634383536e+00
8.593479713983121826e+00
1.058513485680245481e+01
1.543035303761632804e+01
1.178062436274634450e+01
1.220528683538465842e+01
9.965574970333758387e+00
7.978845608028653835e+00
1.266602473693425601e+01
1.021790793990058255e+01
1.404820733880128181e+01
1.603728119216292924e+01
1.296408962885714899e+01
1.199483507827737583e+01
1.188821220645068522e+01
6.482044814428574497e+00
6.955796338302048021e+00
4.222008245644752300e+00
1.009253008808064145e+01
6.675581178124545545e+00
1.266602473693425601e+01
1.040314189572019821e+01
2.763953195770683990e+00
1.117038385124011413e+01
9.373021315815206478e+00
8.740387444736633427e+00
8.444016491289504600e+00
7.225151993843566878e+00
1.325545386523797831e+01
1.368087033328175828e+01
8.136857890256438353e+00
1.591774699517169012e+01
1.167204486311898926e+01
1.587770228520368221e+01
1.296408962885714899e+01
1.436192209445157708e+01
9.236181543108379799e+00
8.291859587312051971e+00
1.349345229721172146e+01
1.344618962205996482e+01
8.740387444736633427e+00
1.492705330360461602e+01
8.884866446580955923e+00
1.178062436274634450e+01
1.117038385124011413e+01
1.167204486311898926e+01
1.156244577056221523e+01
1.281592373849173683e+01
1.418350619798065715e+01
6.076507779746498805e+00
8.519075891779829490e+00
1.070474469691662733e+01
9.373021315815206478e+00
1.462546558286290477e+01
1.335116235624909109e+01
1.225733520300188317e+01
1.256509862862843541e+01
1.591774699517169012e+01
5.292567428401227403e+00
8.291859587312051971e+00
1.215301555949299761e+01
1.445030398768713376e+01
8.740387444736633427e+00
7.735777827895049086e+00
1.509668435477122017e+01
1.780552292517845459e+01
1.381976597885341995e+01
1.453814859003845150e+01
1.386575534383213970e+01
9.373021315815206478e+00
