6.955796338302048021e+00
6.863662517577697741e+00
8.214724333230154940e+00
1.225733520300188317e+01
1.040314189572019821e+01
7.046725639945927711e+00
9.236181543108379799e+00
1.052482020710848865e+01
6.482044814428574497e+00
1.028002345391383443e+01
7.225151993843566878e+00
8.667244841319218907e+00
1.117038385124011413e+01
6.863662517577697741e+00
1.117038385124011413e+01
6.579524642479540830e+00
1.286550196516137312e+01
1.009253008808064145e+01
9.373021315815206478e+00
6.770275002573075795e+00
7.569397566060480642e+00
9.304852983362556174e+00
1.188821220645068522e+01
9.574614729634383536e+00
1.150725478350318376e+01
1.094004191971426110e+01
1.156244577056221523e+01
9.440697438826296306e+00
5.170882945826410726e+00
7.225151993843566878e+00
6.955796338302048021e+00
1.082303275961201905e+01
8.214724333230154940e+00
7.817640190446718762e+00
8.884866446580955923e+00
1.046415791390898242e+01
6.579524642479540830e+00
9.440697438826296306e+00
9.236181543108379799e+00
1.363425735166143049e+01
8.812923024107547576e+00
8.444016491289504600e+00
7.817640190446718762e+00
8.136857890256438353e+00
1.034176589165282145e+01
1.161737456321036532e+01
1.058513485680245481e+01
1.105581278308273596e+01
8.136857890256438353e+00
9.236181543108379799e+00
9.836981518731869656e+00
8.740387444736633427e+00
1.220528683538465842e+01
8.136857890256438353e+00
2.256758334191025117e+00
7.569397566060480642e+00
7.569397566060480642e+00
7.653039857325811823e+00
9.640875829802336483e+00
7.046725639945927711e+00
1.046415791390898242e+01
9.965574970333758387e+00
4.513516668382050234e+00
1.156244577056221523e+01
1.117038385124011413e+01
9.373021315815206478e+00
9.640875829802336483e+00
7.569397566060480642e+00
9.373021315815206478e+00
1.009253008808064145e+01
7.569397566060480642e+00
2.256758334191025117e+00
1.117038385124011413e+01
1.215301555949299761e+01
1.034176589165282145e+01
8.519075891779829490e+00
9.965574970333758387e+00
5.970821321441846408e+00
5.411516379806009525e+00
6.482044814428574497e+00
3.908820095223359381e+00
1.015541250385961369e+01
2.985410660720923204e+00
4.222008245644752300e+00
8.136857890256438353e+00
1.046415791390898242e+01
1.301310337505149661e+01
2.985410660720923204e+00
1.088169461344923583e+01
8.593479713983121826e+00
1.088169461344923583e+01
8.444016491289504600e+00
9.965574970333758387e+00
8.136857890256438353e+00
5.753627391751591880e+00
8.740387444736633427e+00
8.136857890256438353e+00
6.180387232371033157e+00
7.399277020331918919e+00
7.312732791431452384e+00
7.569397566060480642e+00
1.009253008808064145e+01
9.304852983362556174e+00
9.507891862878782518e+00
6.383076486422923246e+00
9.373021315815206478e+00
7.569397566060480642e+00
8.291859587312051971e+00
8.740387444736633427e+00
7.399277020331918919e+00
8.368283871884004910e+00
6.579524642479540830e+00
1.111324596323282954e+01
6.383076486422923246e+00
5.641895835477562571e+00
7.225151993843566878e+00
7.569397566060480642e+00
5.863230142835038627e+00
1.094004191971426110e+01
8.593479713983121826e+00
1.156244577056221523e+01
1.150725478350318376e+01
9.772050238058398008e+00
1.204779266504070279e+01
1.225733520300188317e+01
9.373021315815206478e+00
8.740387444736633427e+00
5.292567428401227403e+00
5.970821321441846408e+00
1.210051848659980855e+01
5.753627391751591880e+00
1.070474469691662733e+01
6.383076486422923246e+00
7.569397566060480642e+00
8.740387444736633427e+00
6.482044814428574497e+00
6.383076486422923246e+00
9.373021315815206478e+00
1.251433034574463399e+01
1.009253008808064145e+01
1.034176589165282145e+01
1.122723095552866468e+01
9.507891862878782518e+00
4.513516668382050234e+00
1.150725478350318376e+01
8.519075891779829490e+00
1.220528683538465842e+01
6.579524642479540830e+00
6.863662517577697741e+00
8.593479713983121826e+00
9.901487006738307173e+00
9.373021315815206478e+00
7.898654169668588132e+00
5.170882945826410726e+00
1.058513485680245481e+01
1.188821220645068522e+01
9.965574970333758387e+00
1.156244577056221523e+01
8.291859587312051971e+00
8.291859587312051971e+00
1.354055000514615159e+01
9.373021315815206478e+00
1.117038385124011413e+01
1.281592373849173683e+01
9.027033336764100468e+00
8.884866446580955923e+00
6.180387232371033157e+00
8.740387444736633427e+00
4.068428945128219176e+00
5.046265044040320724e+00
8.136857890256438353e+00
1.134007028277388685e+01
1.117038385124011413e+01
1.178062436274634450e+01
1.183454054540639433e+01
7.569397566060480642e+00
1.178062436274634450e+01
9.836981518731869656e+00
9.304852983362556174e+00
