1.339876023397903637e+01
1.320733953636073110e+01
1.409345127989185542e+01
1.058513485680245481e+01
1.311058116710494836e+01
9.166995688475081394e+00
1.276615297284584649e+01
1.692568750643268771e+01
1.286550196516137312e+01
1.603728119216292924e+01
2.256758334191025117e+00
6.076507779746498805e+00
1.236077446474206631e+01
1.422831991532699902e+01
1.296408962885714899e+01
1.134007028277388685e+01
7.978845608028653835e+00
1.325545386523797831e+01
7.312732791431452384e+00
8.136857890256438353e+00
1.002925341359354938e+01
8.368283871884004910e+00
1.751715531361111644e+01
8.444016491289504600e+00
1.315904928495908166e+01
1.475547227809780537e+01
1.427299292922216978e+01
1.276615297284584649e+01
1.377362305878664728e+01
1.058513485680245481e+01
1.563528038089343752e+01
9.166995688475081394e+00
9.373021315815206478e+00
1.105581278308273596e+01
1.377362305878664728e+01
1.427299292922216978e+01
1.547155565579009817e+01
9.836981518731869656e+00
8.740387444736633427e+00
1.046415791390898242e+01
7.312732791431452384e+00
1.646815177937675045e+01
1.266602473693425601e+01
1.204779266504070279e+01
9.965574970333758387e+00
6.675581178124545545e+00
1.266602473693425601e+01
1.220528683538465842e+01
1.427299292922216978e+01
1.696325844612841038e+01
1.335116235624909109e+01
1.276615297284584649e+01
1.215301555949299761e+01
1.064510777218481152e+01
1.286550196516137312e+01
1.122723095552866468e+01
1.188821220645068522e+01
9.027033336764100468e+00
8.812923024107547576e+00
7.978845608028653835e+00
5.753627391751591880e+00
1.335116235624909109e+01
1.372732503515539548e+01
1.726088217525477830e+01
5.292567428401227403e+00
1.246335526484300615e+01
1.635176762293251684e+01
1.479855404066383784e+01
1.296408962885714899e+01
8.956231982162769611e+00
7.312732791431452384e+00
1.335116235624909109e+01
1.377362305878664728e+01
9.373021315815206478e+00
1.530607971465162365e+01
7.569397566060480642e+00
1.178062436274634450e+01
1.117038385124011413e+01
1.134007028277388685e+01
1.156244577056221523e+01
1.291488987023529766e+01
1.453814859003845150e+01
8.136857890256438353e+00
1.094004191971426110e+01
9.574614729634383536e+00
1.513879513212096128e+01
1.311058116710494836e+01
1.372732503515539548e+01
1.266602473693425601e+01
1.607692842495848140e+01
7.653039857325811823e+00
1.488434347843123184e+01
1.230916348999737586e+01
8.136857890256438353e+00
4.222008245644752300e+00
1.599753570059363028e+01
1.826441241104166124e+01
1.400281721259029588e+01
1.475547227809780537e+01
1.413855043925722121e+01
8.444016491289504600e+00
