1.296408962885714899e+01
2.763953195770683990e+00
1.276615297284584649e+01
1.368087033328175828e+01
7.653039857325811823e+00
1.058513485680245481e+01
1.315904928495908166e+01
9.166995688475081394e+00
1.266602473693425601e+01
1.595769121605730767e+01
1.276615297284584649e+01
7.978845608028653835e+00
1.526443044094783019e+01
8.136857890256438353e+00
1.178062436274634450e+01
1.296408962885714899e+01
1.306193320280393344e+01
1.150725478350318376e+01
9.097283682934460103e+00
1.296408962885714899e+01
8.136857890256438353e+00
8.812923024107547576e+00
1.058513485680245481e+01
9.236181543108379799e+00
1.677456227108388731e+01
9.097283682934460103e+00
5.753627391751591880e+00
2.985410660720923204e+00
3.385137501286537898e+00
1.281592373849173683e+01
1.395727947504383337e+01
1.381976597885341995e+01
1.271618740744904485e+01
1.306193320280393344e+01
1.513879513212096128e+01
9.965574970333758387e+00
9.836981518731869656e+00
9.373021315815206478e+00
1.117038385124011413e+01
1.311058116710494836e+01
1.427299292922216978e+01
1.513879513212096128e+01
1.040314189572019821e+01
9.772050238058398008e+00
5.292567428401227403e+00
8.956231982162769611e+00
1.058513485680245481e+01
1.513879513212096128e+01
1.178062436274634450e+01
1.183454054540639433e+01
9.965574970333758387e+00
8.136857890256438353e+00
1.241217083805063837e+01
1.021790793990058255e+01
1.404820733880128181e+01
1.579730833933717626e+01
1.296408962885714899e+01
1.178062436274634450e+01
1.172646028567007725e+01
6.076507779746498805e+00
7.046725639945927711e+00
7.653039857325811823e+00
9.706684619910241452e+00
7.225151993843566878e+00
1.266602473693425601e+01
1.021790793990058255e+01
5.292567428401227403e+00
1.088169461344923583e+01
9.373021315815206478e+00
8.812923024107547576e+00
8.740387444736633427e+00
1.315904928495908166e+01
7.312732791431452384e+00
4.787307364817191768e+00
1.358748446131948917e+01
8.444016491289504600e+00
1.551264883747923129e+01
1.150725478350318376e+01
1.579730833933717626e+01
1.296408962885714899e+01
1.418350619798065715e+01
9.304852983362556174e+00
8.291859587312051971e+00
1.354055000514615159e+01
1.339876023397903637e+01
8.740387444736633427e+00
1.462546558286290477e+01
9.236181543108379799e+00
1.178062436274634450e+01
1.117038385124011413e+01
1.178062436274634450e+01
1.161737456321036532e+01
1.281592373849173683e+01
1.400281721259029588e+01
6.863662517577697741e+00
8.291859587312051971e+00
1.070474469691662733e+01
9.373021315815206478e+00
1.449429283826230197e+01
1.301310337505149661e+01
1.220528683538465842e+01
1.256509862862843541e+01
4.652426491681278087e+00
1.583755632390385770e+01
6.383076486422923246e+00
8.812923024107547576e+00
1.210051848659980855e+01
1.400281721259029588e+01
8.136857890256438353e+00
8.444016491289504600e+00
3.908820095223359381e+00
1.492705330360461602e+01
1.769793569896924623e+01
1.377362305878664728e+01
1.344618962205996482e+01
1.431752655671925822e+01
9.373021315815206478e+00
