1.354055000514615159e+01
1.320733953636073110e+01
1.422831991532699902e+01
1.058513485680245481e+01
1.306193320280393344e+01
8.593479713983121826e+00
1.276615297284584649e+01
1.794796937867891984e+01
1.291488987023529766e+01
1.642944866646030988e+01
1.306193320280393344e+01
1.488434347843123184e+01
1.296408962885714899e+01
1.145179781116143225e+01
6.180387232371033157e+00
1.354055000514615159e+01
6.770275002573075795e+00
7.136496464611084889e+00
9.507891862878782518e+00
7.735777827895049086e+00
1.791246396432553922e+01
7.735777827895049086e+00
1.339876023397903637e+01
1.488434347843123184e+01
1.471226436021925466e+01
1.276615297284584649e+01
1.395727947504383337e+01
1.052482020710848865e+01
1.595769121605730767e+01
8.667244841319218907e+00
9.097283682934460103e+00
1.094004191971426110e+01
1.395727947504383337e+01
1.436192209445157708e+01
1.579730833933717626e+01
9.706684619910241452e+00
7.978845608028653835e+00
1.046415791390898242e+01
4.513516668382050234e+00
1.291488987023529766e+01
1.681247093473193388e+01
1.276615297284584649e+01
9.772050238058398008e+00
3.908820095223359381e+00
1.276615297284584649e+01
1.256509862862843541e+01
1.436192209445157708e+01
1.758969042850511855e+01
1.377362305878664728e+01
1.330339418036568588e+01
1.204779266504070279e+01
1.052482020710848865e+01
1.296408962885714899e+01
1.145179781116143225e+01
1.225733520300188317e+01
8.368283871884004910e+00
7.817640190446718762e+00
7.484820637019110379e+00
1.311058116710494836e+01
1.381976597885341995e+01
1.857546544836034741e+01
1.325545386523797831e+01
1.714987856615383066e+01
1.559451034962034477e+01
1.325545386523797831e+01
8.444016491289504600e+00
4.918490759365934828e+00
1.335116235624909109e+01
1.372732503515539548e+01
9.373021315815206478e+00
1.543035303761632804e+01
5.292567428401227403e+00
1.178062436274634450e+01
1.117038385124011413e+01
1.134007028277388685e+01
1.156244577056221523e+01
1.306193320280393344e+01
1.526443044094783019e+01
7.898654169668588132e+00
1.070474469691662733e+01
9.373021315815206478e+00
1.543035303761632804e+01
1.325545386523797831e+01
1.386575534383213970e+01
1.256509862862843541e+01
1.623454913941802857e+01
1.246335526484300615e+01
1.513879513212096128e+01
6.076507779746498805e+00
7.225151993843566878e+00
1.654528640181426269e+01
1.864388360059940553e+01
1.427299292922216978e+01
1.479855404066383784e+01
1.427299292922216978e+01
7.817640190446718762e+00
