1.306193320280393344e+01
1.286550196516137312e+01
1.386575534383213970e+01
6.955796338302048021e+00
1.058513485680245481e+01
9.574614729634383536e+00
1.315904928495908166e+01
1.271618740744904485e+01
1.642944866646030988e+01
1.291488987023529766e+01
7.136496464611084889e+00
1.538904010394216471e+01
8.136857890256438353e+00
1.199483507827737583e+01
1.296408962885714899e+01
1.335116235624909109e+01
1.139607097042601680e+01
8.740387444736633427e+00
1.296408962885714899e+01
8.136857890256438353e+00
8.740387444736633427e+00
1.046415791390898242e+01
9.166995688475081394e+00
1.711271735549580697e+01
8.956231982162769611e+00
1.286550196516137312e+01
1.440618081907316395e+01
1.404820733880128181e+01
1.271618740744904485e+01
1.344618962205996482e+01
1.046415791390898242e+01
1.538904010394216471e+01
9.836981518731869656e+00
9.373021315815206478e+00
1.117038385124011413e+01
1.330339418036568588e+01
1.427299292922216978e+01
1.530607971465162365e+01
1.028002345391383443e+01
9.574614729634383536e+00
8.593479713983121826e+00
1.058513485680245481e+01
1.567594437773643001e+01
1.261566261010080048e+01
1.178062436274634450e+01
9.965574970333758387e+00
7.978845608028653835e+00
1.261566261010080048e+01
1.040314189572019821e+01
1.418350619798065715e+01
1.611647812414279102e+01
1.296408962885714899e+01
1.220528683538465842e+01
1.194164264288369282e+01
6.955796338302048021e+00
2.985410660720923204e+00
6.076507779746498805e+00
1.009253008808064145e+01
6.383076486422923246e+00
1.266602473693425601e+01
1.046415791390898242e+01
1.117038385124011413e+01
9.373021315815206478e+00
8.740387444736633427e+00
8.444016491289504600e+00
7.399277020331918919e+00
1.325545386523797831e+01
1.368087033328175828e+01
8.136857890256438353e+00
1.611647812414279102e+01
1.183454054540639433e+01
1.595769121605730767e+01
1.296408962885714899e+01
1.440618081907316395e+01
9.166995688475081394e+00
8.291859587312051971e+00
1.344618962205996482e+01
1.344618962205996482e+01
8.740387444736633427e+00
1.501210842680413826e+01
8.740387444736633427e+00
1.178062436274634450e+01
1.117038385124011413e+01
1.161737456321036532e+01
1.156244577056221523e+01
1.281592373849173683e+01
1.422831991532699902e+01
5.753627391751591880e+00
8.444016491289504600e+00
1.070474469691662733e+01
9.507891862878782518e+00
1.471226436021925466e+01
1.339876023397903637e+01
1.225733520300188317e+01
1.261566261010080048e+01
1.599753570059363028e+01
4.787307364817191768e+00
8.291859587312051971e+00
1.225733520300188317e+01
1.449429283826230197e+01
8.740387444736633427e+00
7.569397566060480642e+00
1.513879513212096128e+01
1.787688803255549530e+01
1.386575534383213970e+01
1.449429283826230197e+01
1.391159267660409604e+01
9.236181543108379799e+00
