6.863662517577697741e+00
1.349345229721172146e+01
1.372732503515539548e+01
1.471226436021925466e+01
1.276615297284584649e+01
9.373021315815206478e+00
9.373021315815206478e+00
1.070474469691662733e+01
8.136857890256438353e+00
1.413855043925722121e+01
1.204779266504070279e+01
1.220528683538465842e+01
1.296408962885714899e+01
1.117038385124011413e+01
1.178062436274634450e+01
7.312732791431452384e+00
1.381976597885341995e+01
1.422831991532699902e+01
8.136857890256438353e+00
1.236077446474206631e+01
1.058513485680245481e+01
1.395727947504383337e+01
1.266602473693425601e+01
8.812923024107547576e+00
1.418350619798065715e+01
9.304852983362556174e+00
1.241217083805063837e+01
1.167204486311898926e+01
1.117038385124011413e+01
7.653039857325811823e+00
4.918490759365934828e+00
1.236077446474206631e+01
8.136857890256438353e+00
6.482044814428574497e+00
1.344618962205996482e+01
1.117038385124011413e+01
1.199483507827737583e+01
8.740387444736633427e+00
5.046265044040320724e+00
1.236077446474206631e+01
9.373021315815206478e+00
1.445030398768713376e+01
7.399277020331918919e+00
8.444016491289504600e+00
9.507891862878782518e+00
1.518078909665319287e+01
1.117038385124011413e+01
1.363425735166143049e+01
8.740387444736633427e+00
8.884866446580955923e+00
7.735777827895049086e+00
9.965574970333758387e+00
1.058513485680245481e+01
9.772050238058398008e+00
8.956231982162769611e+00
1.368087033328175828e+01
1.261566261010080048e+01
1.199483507827737583e+01
1.496964127403822076e+01
1.492705330360461602e+01
9.373021315815206478e+00
7.898654169668588132e+00
9.373021315815206478e+00
6.383076486422923246e+00
1.271618740744904485e+01
1.058513485680245481e+01
1.215301555949299761e+01
1.513879513212096128e+01
9.373021315815206478e+00
1.256509862862843541e+01
8.593479713983121826e+00
8.444016491289504600e+00
1.117038385124011413e+01
1.296408962885714899e+01
9.507891862878782518e+00
1.325545386523797831e+01
1.404820733880128181e+01
1.220528683538465842e+01
1.204779266504070279e+01
9.772050238058398008e+00
2.763953195770683990e+00
6.863662517577697741e+00
1.236077446474206631e+01
1.391159267660409604e+01
1.276615297284584649e+01
1.194164264288369282e+01
1.368087033328175828e+01
1.058513485680245481e+01
4.370193722368316713e+00
8.291859587312051971e+00
1.466892917224166482e+01
9.373021315815206478e+00
1.261566261010080048e+01
1.422831991532699902e+01
1.368087033328175828e+01
1.178062436274634450e+01
1.178062436274634450e+01
1.391159267660409604e+01
9.373021315815206478e+00
8.593479713983121826e+00
9.965574970333758387e+00
8.740387444736633427e+00
1.178062436274634450e+01
8.136857890256438353e+00
8.136857890256438353e+00
1.058513485680245481e+01
8.740387444736633427e+00
8.740387444736633427e+00
9.373021315815206478e+00
1.236077446474206631e+01
1.178062436274634450e+01
1.058513485680245481e+01
9.373021315815206478e+00
1.296408962885714899e+01
9.373021315815206478e+00
1.276615297284584649e+01
7.225151993843566878e+00
9.965574970333758387e+00
7.225151993843566878e+00
5.411516379806009525e+00
