1.492705330360461602e+01
1.611647812414279102e+01
1.522266721510391640e+01
1.330339418036568588e+01
9.236181543108379799e+00
8.740387444736633427e+00
1.070474469691662733e+01
1.471226436021925466e+01
1.188821220645068522e+01
1.236077446474206631e+01
1.178062436274634450e+01
1.286550196516137312e+01
1.178062436274634450e+01
1.583755632390385770e+01
1.436192209445157708e+01
5.411516379806009525e+00
1.358748446131948917e+01
1.058513485680245481e+01
1.427299292922216978e+01
1.296408962885714899e+01
1.505445578434700415e+01
7.312732791431452384e+00
8.291859587312051971e+00
1.354055000514615159e+01
1.320733953636073110e+01
1.117038385124011413e+01
1.349345229721172146e+01
5.970821321441846408e+00
1.479855404066383784e+01
1.128379167095512514e+01
1.315904928495908166e+01
8.884866446580955923e+00
1.256509862862843541e+01
6.863662517577697741e+00
1.530607971465162365e+01
4.787307364817191768e+00
7.735777827895049086e+00
9.772050238058398008e+00
1.681247093473193388e+01
1.082303275961201905e+01
1.530607971465162365e+01
8.956231982162769611e+00
8.136857890256438353e+00
9.965574970333758387e+00
1.064510777218481152e+01
9.965574970333758387e+00
4.918490759365934828e+00
1.471226436021925466e+01
1.236077446474206631e+01
1.276615297284584649e+01
1.646815177937675045e+01
1.547155565579009817e+01
1.052482020710848865e+01
9.373021315815206478e+00
1.276615297284584649e+01
1.325545386523797831e+01
1.046415791390898242e+01
1.744431859350498826e+01
1.296408962885714899e+01
7.898654169668588132e+00
1.088169461344923583e+01
5.411516379806009525e+00
1.296408962885714899e+01
4.068428945128219176e+00
8.812923024107547576e+00
1.409345127989185542e+01
1.449429283826230197e+01
1.391159267660409604e+01
1.204779266504070279e+01
8.593479713983121826e+00
1.236077446474206631e+01
1.475547227809780537e+01
1.296408962885714899e+01
1.220528683538465842e+01
1.400281721259029588e+01
1.028002345391383443e+01
1.681247093473193388e+01
4.222008245644752300e+00
7.484820637019110379e+00
1.311058116710494836e+01
1.635176762293251684e+01
1.413855043925722121e+01
1.236077446474206631e+01
1.479855404066383784e+01
1.178062436274634450e+01
9.304852983362556174e+00
7.225151993843566878e+00
9.304852983362556174e+00
1.178062436274634450e+01
6.955796338302048021e+00
5.292567428401227403e+00
1.040314189572019821e+01
8.740387444736633427e+00
8.291859587312051971e+00
9.373021315815206478e+00
1.286550196516137312e+01
1.256509862862843541e+01
1.172646028567007725e+01
9.772050238058398008e+00
1.381976597885341995e+01
9.901487006738307173e+00
1.466892917224166482e+01
9.965574970333758387e+00
