8.136857890256438353e+00
1.256509862862843541e+01
1.286550196516137312e+01
1.325545386523797831e+01
1.236077446474206631e+01
5.641895835477562571e+00
9.772050238058398008e+00
9.373021315815206478e+00
9.507891862878782518e+00
8.593479713983121826e+00
1.377362305878664728e+01
1.145179781116143225e+01
1.178062436274634450e+01
1.281592373849173683e+01
1.088169461344923583e+01
8.740387444736633427e+00
1.167204486311898926e+01
7.735777827895049086e+00
1.271618740744904485e+01
1.296408962885714899e+01
8.291859587312051971e+00
1.167204486311898926e+01
1.058513485680245481e+01
6.383076486422923246e+00
1.286550196516137312e+01
1.236077446474206631e+01
9.373021315815206478e+00
1.335116235624909109e+01
9.373021315815206478e+00
5.292567428401227403e+00
4.370193722368316713e+00
1.145179781116143225e+01
8.740387444736633427e+00
7.653039857325811823e+00
1.028002345391383443e+01
1.117038385124011413e+01
1.188821220645068522e+01
8.291859587312051971e+00
8.291859587312051971e+00
1.251433034574463399e+01
1.117038385124011413e+01
6.863662517577697741e+00
8.884866446580955923e+00
1.139607097042601680e+01
1.178062436274634450e+01
9.965574970333758387e+00
1.391159267660409604e+01
7.569397566060480642e+00
8.291859587312051971e+00
8.740387444736633427e+00
1.111324596323282954e+01
1.220528683538465842e+01
1.445030398768713376e+01
9.097283682934460103e+00
9.027033336764100468e+00
8.667244841319218907e+00
9.965574970333758387e+00
6.076507779746498805e+00
3.908820095223359381e+00
9.901487006738307173e+00
9.772050238058398008e+00
5.292567428401227403e+00
9.373021315815206478e+00
5.753627391751591880e+00
1.256509862862843541e+01
1.117038385124011413e+01
1.178062436274634450e+01
7.569397566060480642e+00
9.373021315815206478e+00
8.444016491289504600e+00
1.372732503515539548e+01
1.330339418036568588e+01
9.373021315815206478e+00
8.291859587312051971e+00
1.271618740744904485e+01
9.507891862878782518e+00
1.117038385124011413e+01
1.320733953636073110e+01
9.373021315815206478e+00
4.068428945128219176e+00
1.161737456321036532e+01
8.884866446580955923e+00
8.740387444736633427e+00
1.058513485680245481e+01
1.276615297284584649e+01
6.076507779746498805e+00
9.373021315815206478e+00
1.256509862862843541e+01
7.569397566060480642e+00
6.076507779746498805e+00
1.368087033328175828e+01
1.117038385124011413e+01
1.134007028277388685e+01
9.965574970333758387e+00
7.225151993843566878e+00
6.955796338302048021e+00
7.225151993843566878e+00
1.167204486311898926e+01
1.236077446474206631e+01
1.210051848659980855e+01
1.172646028567007725e+01
1.296408962885714899e+01
1.058513485680245481e+01
7.569397566060480642e+00
8.812923024107547576e+00
1.372732503515539548e+01
9.901487006738307173e+00
1.128379167095512514e+01
5.641895835477562571e+00
1.291488987023529766e+01
1.296408962885714899e+01
1.178062436274634450e+01
1.150725478350318376e+01
1.306193320280393344e+01
9.373021315815206478e+00
8.740387444736633427e+00
9.836981518731869656e+00
9.027033336764100468e+00
1.178062436274634450e+01
8.740387444736633427e+00
2.256758334191025117e+00
8.444016491289504600e+00
9.507891862878782518e+00
9.097283682934460103e+00
9.304852983362556174e+00
9.373021315815206478e+00
6.863662517577697741e+00
1.122723095552866468e+01
1.094004191971426110e+01
9.507891862878782518e+00
6.675581178124545545e+00
9.373021315815206478e+00
1.161737456321036532e+01
8.884866446580955923e+00
8.136857890256438353e+00
5.411516379806009525e+00
1.210051848659980855e+01
9.965574970333758387e+00
8.136857890256438353e+00
8.136857890256438353e+00
