8.136857890256438353e+00
1.296408962885714899e+01
1.306193320280393344e+01
1.372732503515539548e+01
1.236077446474206631e+01
9.772050238058398008e+00
9.373021315815206478e+00
3.385137501286537898e+00
9.965574970333758387e+00
8.444016491289504600e+00
1.386575534383213970e+01
1.178062436274634450e+01
1.194164264288369282e+01
1.286550196516137312e+01
1.105581278308273596e+01
8.444016491289504600e+00
1.178062436274634450e+01
7.046725639945927711e+00
1.306193320280393344e+01
1.296408962885714899e+01
8.291859587312051971e+00
1.178062436274634450e+01
1.058513485680245481e+01
6.180387232371033157e+00
1.330339418036568588e+01
1.236077446474206631e+01
9.373021315815206478e+00
1.349345229721172146e+01
9.373021315815206478e+00
1.178062436274634450e+01
6.955796338302048021e+00
1.099807968464679142e+01
1.117038385124011413e+01
8.444016491289504600e+00
1.210051848659980855e+01
8.519075891779829490e+00
8.136857890256438353e+00
1.286550196516137312e+01
1.117038385124011413e+01
6.675581178124545545e+00
8.956231982162769611e+00
1.167204486311898926e+01
1.215301555949299761e+01
9.901487006738307173e+00
1.418350619798065715e+01
7.569397566060480642e+00
8.136857890256438353e+00
9.027033336764100468e+00
1.117038385124011413e+01
1.291488987023529766e+01
1.466892917224166482e+01
8.740387444736633427e+00
9.027033336764100468e+00
8.740387444736633427e+00
9.965574970333758387e+00
9.901487006738307173e+00
9.965574970333758387e+00
4.222008245644752300e+00
9.373021315815206478e+00
3.742410318509555189e+00
1.261566261010080048e+01
1.204779266504070279e+01
1.178062436274634450e+01
7.225151993843566878e+00
1.413855043925722121e+01
1.395727947504383337e+01
9.373021315815206478e+00
8.136857890256438353e+00
9.373021315815206478e+00
8.136857890256438353e+00
1.271618740744904485e+01
9.836981518731869656e+00
1.172646028567007725e+01
1.349345229721172146e+01
9.507891862878782518e+00
1.188821220645068522e+01
9.027033336764100468e+00
8.444016491289504600e+00
1.058513485680245481e+01
1.286550196516137312e+01
4.513516668382050234e+00
9.373021315815206478e+00
1.276615297284584649e+01
6.955796338302048021e+00
4.918490759365934828e+00
1.386575534383213970e+01
1.161737456321036532e+01
1.150725478350318376e+01
9.836981518731869656e+00
6.770275002573075795e+00
6.383076486422923246e+00
7.225151993843566878e+00
1.178062436274634450e+01
1.236077446474206631e+01
1.251433034574463399e+01
1.183454054540639433e+01
1.296408962885714899e+01
1.058513485680245481e+01
6.863662517577697741e+00
8.667244841319218907e+00
1.400281721259029588e+01
9.836981518731869656e+00
1.194164264288369282e+01
1.325545386523797831e+01
1.325545386523797831e+01
1.178062436274634450e+01
1.167204486311898926e+01
1.325545386523797831e+01
9.373021315815206478e+00
8.740387444736633427e+00
9.965574970333758387e+00
8.956231982162769611e+00
1.178062436274634450e+01
8.740387444736633427e+00
8.291859587312051971e+00
9.507891862878782518e+00
9.027033336764100468e+00
9.304852983362556174e+00
9.373021315815206478e+00
1.194164264288369282e+01
5.170882945826410726e+00
1.117038385124011413e+01
9.706684619910241452e+00
5.527906391541367981e+00
9.373021315815206478e+00
1.178062436274634450e+01
9.304852983362556174e+00
7.978845608028653835e+00
1.595769121605730811e+00
1.225733520300188317e+01
9.965574970333758387e+00
7.898654169668588132e+00
7.735777827895049086e+00
