6.863662517577697741e+00
1.335116235624909109e+01
1.344618962205996482e+01
1.462546558286290477e+01
1.276615297284584649e+01
9.373021315815206478e+00
9.373021315815206478e+00
1.052482020710848865e+01
8.136857890256438353e+00
1.400281721259029588e+01
1.199483507827737583e+01
1.215301555949299761e+01
1.296408962885714899e+01
1.117038385124011413e+01
7.653039857325811823e+00
1.178062436274634450e+01
4.513516668382050234e+00
1.377362305878664728e+01
1.413855043925722121e+01
8.136857890256438353e+00
1.225733520300188317e+01
1.058513485680245481e+01
1.386575534383213970e+01
1.266602473693425601e+01
8.812923024107547576e+00
1.409345127989185542e+01
9.373021315815206478e+00
1.236077446474206631e+01
1.150725478350318376e+01
1.117038385124011413e+01
7.978845608028653835e+00
5.641895835477562571e+00
1.230916348999737586e+01
8.136857890256438353e+00
6.955796338302048021e+00
1.330339418036568588e+01
1.117038385124011413e+01
8.740387444736633427e+00
1.178062436274634450e+01
5.411516379806009525e+00
1.236077446474206631e+01
9.373021315815206478e+00
1.431752655671925822e+01
7.484820637019110379e+00
8.368283871884004910e+00
9.440697438826296306e+00
1.117038385124011413e+01
1.349345229721172146e+01
1.496964127403822076e+01
8.740387444736633427e+00
8.884866446580955923e+00
8.058239062071395509e+00
9.965574970333758387e+00
1.058513485680245481e+01
9.836981518731869656e+00
9.097283682934460103e+00
1.306193320280393344e+01
1.271618740744904485e+01
1.194164264288369282e+01
1.496964127403822076e+01
1.475547227809780537e+01
3.908820095223359381e+00
9.373021315815206478e+00
8.136857890256438353e+00
9.373021315815206478e+00
6.383076486422923246e+00
1.271618740744904485e+01
1.058513485680245481e+01
1.215301555949299761e+01
1.479855404066383784e+01
9.373021315815206478e+00
1.256509862862843541e+01
8.368283871884004910e+00
8.740387444736633427e+00
1.117038385124011413e+01
1.296408962885714899e+01
9.507891862878782518e+00
1.311058116710494836e+01
3.908820095223359381e+00
1.404820733880128181e+01
1.210051848659980855e+01
1.194164264288369282e+01
9.836981518731869656e+00
4.513516668382050234e+00
6.955796338302048021e+00
1.236077446474206631e+01
1.271618740744904485e+01
1.335116235624909109e+01
1.194164264288369282e+01
1.349345229721172146e+01
1.058513485680245481e+01
5.170882945826410726e+00
8.444016491289504600e+00
1.462546558286290477e+01
9.373021315815206478e+00
1.251433034574463399e+01
1.404820733880128181e+01
1.354055000514615159e+01
1.178062436274634450e+01
1.178062436274634450e+01
1.391159267660409604e+01
9.373021315815206478e+00
8.667244841319218907e+00
9.965574970333758387e+00
8.740387444736633427e+00
1.178062436274634450e+01
8.444016491289504600e+00
8.136857890256438353e+00
1.058513485680245481e+01
8.740387444736633427e+00
9.027033336764100468e+00
9.373021315815206478e+00
1.225733520300188317e+01
1.161737456321036532e+01
1.058513485680245481e+01
9.373021315815206478e+00
1.276615297284584649e+01
9.373021315815206478e+00
1.266602473693425601e+01
7.484820637019110379e+00
9.965574970333758387e+00
7.484820637019110379e+00
6.180387232371033157e+00
