1.466892917224166482e+01
1.571650316319191809e+01
1.484151074652385738e+01
1.296408962885714899e+01
9.373021315815206478e+00
9.166995688475081394e+00
1.082303275961201905e+01
5.411516379806009525e+00
1.449429283826230197e+01
1.199483507827737583e+01
1.236077446474206631e+01
1.296408962885714899e+01
1.117038385124011413e+01
1.178062436274634450e+01
1.492705330360461602e+01
1.436192209445157708e+01
7.569397566060480642e+00
1.339876023397903637e+01
1.070474469691662733e+01
1.427299292922216978e+01
1.296408962885714899e+01
8.291859587312051971e+00
1.492705330360461602e+01
8.740387444736633427e+00
1.354055000514615159e+01
1.266602473693425601e+01
1.117038385124011413e+01
1.291488987023529766e+01
7.653039857325811823e+00
1.431752655671925822e+01
1.117038385124011413e+01
1.296408962885714899e+01
8.740387444736633427e+00
1.236077446474206631e+01
8.136857890256438353e+00
1.513879513212096128e+01
7.225151993843566878e+00
8.291859587312051971e+00
9.640875829802336483e+00
1.603728119216292924e+01
1.105581278308273596e+01
1.488434347843123184e+01
8.740387444736633427e+00
8.444016491289504600e+00
9.965574970333758387e+00
1.058513485680245481e+01
9.772050238058398008e+00
7.225151993843566878e+00
1.445030398768713376e+01
1.236077446474206631e+01
1.266602473693425601e+01
1.538904010394216471e+01
1.571650316319191809e+01
9.640875829802336483e+00
6.076507779746498805e+00
9.373021315815206478e+00
1.271618740744904485e+01
1.306193320280393344e+01
1.058513485680245481e+01
1.650676414605009157e+01
8.812923024107547576e+00
1.286550196516137312e+01
7.484820637019110379e+00
1.111324596323282954e+01
7.136496464611084889e+00
1.296408962885714899e+01
9.236181543108379799e+00
1.368087033328175828e+01
1.418350619798065715e+01
1.320733953636073110e+01
1.210051848659980855e+01
9.097283682934460103e+00
1.236077446474206631e+01
1.436192209445157708e+01
1.296408962885714899e+01
1.595769121605730811e+00
1.215301555949299761e+01
1.386575534383213970e+01
1.058513485680245481e+01
7.312732791431452384e+00
1.563528038089343752e+01
8.444016491289504600e+00
1.301310337505149661e+01
1.551264883747923129e+01
1.395727947504383337e+01
1.204779266504070279e+01
1.445030398768713376e+01
1.178062436274634450e+01
9.236181543108379799e+00
8.136857890256438353e+00
9.706684619910241452e+00
8.136857890256438353e+00
1.178062436274634450e+01
6.863662517577697741e+00
7.136496464611084889e+00
1.058513485680245481e+01
8.740387444736633427e+00
8.593479713983121826e+00
9.373021315815206478e+00
1.261566261010080048e+01
1.178062436274634450e+01
1.117038385124011413e+01
9.373021315815206478e+00
1.344618962205996482e+01
9.640875829802336483e+00
1.363425735166143049e+01
9.965574970333758387e+00
5.046265044040320724e+00
6.482044814428574497e+00
