8.136857890256438353e+00
1.291488987023529766e+01
1.286550196516137312e+01
1.368087033328175828e+01
1.236077446474206631e+01
4.787307364817191768e+00
9.772050238058398008e+00
9.373021315815206478e+00
9.836981518731869656e+00
8.593479713983121826e+00
1.386575534383213970e+01
1.178062436274634450e+01
1.188821220645068522e+01
1.286550196516137312e+01
1.105581278308273596e+01
8.593479713983121826e+00
1.178062436274634450e+01
7.225151993843566878e+00
1.296408962885714899e+01
1.296408962885714899e+01
8.291859587312051971e+00
1.178062436274634450e+01
1.058513485680245481e+01
6.383076486422923246e+00
1.325545386523797831e+01
1.236077446474206631e+01
9.373021315815206478e+00
1.344618962205996482e+01
9.373021315815206478e+00
3.191538243211461623e+00
1.178062436274634450e+01
8.593479713983121826e+00
7.225151993843566878e+00
1.058513485680245481e+01
1.117038385124011413e+01
1.210051848659980855e+01
8.444016491289504600e+00
8.214724333230154940e+00
1.281592373849173683e+01
1.117038385124011413e+01
6.863662517577697741e+00
8.956231982162769611e+00
1.161737456321036532e+01
1.215301555949299761e+01
9.901487006738307173e+00
1.409345127989185542e+01
7.569397566060480642e+00
8.136857890256438353e+00
8.956231982162769611e+00
1.117038385124011413e+01
1.261566261010080048e+01
1.462546558286290477e+01
8.812923024107547576e+00
9.027033336764100468e+00
8.444016491289504600e+00
9.965574970333758387e+00
9.901487006738307173e+00
9.901487006738307173e+00
4.787307364817191768e+00
9.373021315815206478e+00
4.918490759365934828e+00
1.261566261010080048e+01
1.188821220645068522e+01
1.178062436274634450e+01
7.399277020331918919e+00
1.409345127989185542e+01
1.381976597885341995e+01
9.373021315815206478e+00
8.136857890256438353e+00
9.373021315815206478e+00
8.136857890256438353e+00
1.271618740744904485e+01
9.706684619910241452e+00
1.156244577056221523e+01
1.344618962205996482e+01
9.507891862878782518e+00
1.183454054540639433e+01
8.956231982162769611e+00
8.444016491289504600e+00
1.058513485680245481e+01
1.281592373849173683e+01
4.787307364817191768e+00
9.373021315815206478e+00
1.271618740744904485e+01
7.046725639945927711e+00
5.170882945826410726e+00
1.386575534383213970e+01
1.156244577056221523e+01
1.150725478350318376e+01
9.901487006738307173e+00
6.863662517577697741e+00
6.579524642479540830e+00
7.225151993843566878e+00
1.167204486311898926e+01
1.236077446474206631e+01
1.230916348999737586e+01
1.183454054540639433e+01
1.296408962885714899e+01
1.058513485680245481e+01
6.863662517577697741e+00
8.740387444736633427e+00
1.400281721259029588e+01
9.836981518731869656e+00
1.188821220645068522e+01
3.908820095223359381e+00
1.315904928495908166e+01
1.315904928495908166e+01
1.178062436274634450e+01
1.167204486311898926e+01
1.325545386523797831e+01
9.373021315815206478e+00
8.740387444736633427e+00
9.965574970333758387e+00
9.027033336764100468e+00
1.178062436274634450e+01
8.740387444736633427e+00
8.444016491289504600e+00
9.507891862878782518e+00
9.027033336764100468e+00
9.304852983362556174e+00
9.373021315815206478e+00
1.183454054540639433e+01
5.170882945826410726e+00
1.111324596323282954e+01
9.772050238058398008e+00
5.753627391751591880e+00
9.373021315815206478e+00
1.178062436274634450e+01
9.166995688475081394e+00
8.136857890256438353e+00
3.568248232305542444e+00
1.220528683538465842e+01
9.965574970333758387e+00
7.978845608028653835e+00
7.735777827895049086e+00
