1.479855404066383784e+01
1.595769121605730767e+01
1.501210842680413826e+01
1.296408962885714899e+01
9.236181543108379799e+00
8.884866446580955923e+00
1.070474469691662733e+01
1.453814859003845150e+01
1.194164264288369282e+01
1.236077446474206631e+01
1.156244577056221523e+01
1.296408962885714899e+01
1.178062436274634450e+01
1.551264883747923129e+01
1.436192209445157708e+01
6.675581178124545545e+00
1.358748446131948917e+01
1.058513485680245481e+01
1.427299292922216978e+01
1.296408962885714899e+01
1.505445578434700415e+01
7.817640190446718762e+00
8.740387444736633427e+00
1.354055000514615159e+01
1.296408962885714899e+01
1.117038385124011413e+01
1.325545386523797831e+01
6.955796338302048021e+00
1.445030398768713376e+01
1.117038385124011413e+01
1.311058116710494836e+01
8.740387444736633427e+00
1.236077446474206631e+01
8.136857890256438353e+00
1.522266721510391640e+01
6.180387232371033157e+00
8.136857890256438353e+00
9.640875829802336483e+00
1.631278838364701755e+01
1.099807968464679142e+01
1.518078909665319287e+01
8.812923024107547576e+00
8.136857890256438353e+00
9.965574970333758387e+00
1.058513485680245481e+01
9.901487006738307173e+00
6.579524642479540830e+00
1.453814859003845150e+01
1.241217083805063837e+01
1.271618740744904485e+01
1.615593100600235843e+01
1.538904010394216471e+01
9.965574970333758387e+00
9.373021315815206478e+00
4.513516668382050234e+00
1.271618740744904485e+01
1.315904928495908166e+01
1.046415791390898242e+01
1.692568750643268771e+01
8.812923024107547576e+00
1.296408962885714899e+01
6.770275002573075795e+00
1.094004191971426110e+01
1.296408962885714899e+01
6.076507779746498805e+00
8.812923024107547576e+00
1.391159267660409604e+01
1.431752655671925822e+01
1.349345229721172146e+01
1.210051848659980855e+01
8.884866446580955923e+00
1.236077446474206631e+01
1.462546558286290477e+01
1.296408962885714899e+01
1.220528683538465842e+01
1.395727947504383337e+01
1.034176589165282145e+01
6.180387232371033157e+00
1.627371578051287671e+01
7.978845608028653835e+00
1.311058116710494836e+01
1.583755632390385770e+01
1.404820733880128181e+01
1.220528683538465842e+01
1.462546558286290477e+01
1.178062436274634450e+01
9.236181543108379799e+00
7.653039857325811823e+00
9.304852983362556174e+00
7.653039857325811823e+00
1.178062436274634450e+01
5.753627391751591880e+00
6.383076486422923246e+00
1.046415791390898242e+01
8.593479713983121826e+00
8.136857890256438353e+00
9.373021315815206478e+00
1.271618740744904485e+01
1.220528683538465842e+01
1.150725478350318376e+01
9.507891862878782518e+00
1.381976597885341995e+01
9.640875829802336483e+00
1.418350619798065715e+01
9.965574970333758387e+00
5.411516379806009525e+00
