1.475547227809780537e+01
1.587770228520368221e+01
1.501210842680413826e+01
1.296408962885714899e+01
9.304852983362556174e+00
9.166995688475081394e+00
1.076405121554611632e+01
3.742410318509555189e+00
1.449429283826230197e+01
1.194164264288369282e+01
1.236077446474206631e+01
1.134007028277388685e+01
1.296408962885714899e+01
1.178062436274634450e+01
1.534761596392107741e+01
1.436192209445157708e+01
7.225151993843566878e+00
1.339876023397903637e+01
1.058513485680245481e+01
1.427299292922216978e+01
1.296408962885714899e+01
1.496964127403822076e+01
7.978845608028653835e+00
8.740387444736633427e+00
1.354055000514615159e+01
1.281592373849173683e+01
1.117038385124011413e+01
1.296408962885714899e+01
6.955796338302048021e+00
1.440618081907316395e+01
1.117038385124011413e+01
1.306193320280393344e+01
8.740387444736633427e+00
1.236077446474206631e+01
8.136857890256438353e+00
1.522266721510391640e+01
6.675581178124545545e+00
8.136857890256438353e+00
9.574614729634383536e+00
1.615593100600235843e+01
1.099807968464679142e+01
1.513879513212096128e+01
8.740387444736633427e+00
8.368283871884004910e+00
9.965574970333758387e+00
1.058513485680245481e+01
9.901487006738307173e+00
6.863662517577697741e+00
1.445030398768713376e+01
1.246335526484300615e+01
1.266602473693425601e+01
1.595769121605730767e+01
1.538904010394216471e+01
9.836981518731869656e+00
5.527906391541367981e+00
9.373021315815206478e+00
1.271618740744904485e+01
1.315904928495908166e+01
1.058513485680245481e+01
1.673656774376800982e+01
8.812923024107547576e+00
1.296408962885714899e+01
6.955796338302048021e+00
1.099807968464679142e+01
6.675581178124545545e+00
1.296408962885714899e+01
8.812923024107547576e+00
1.381976597885341995e+01
1.431752655671925822e+01
1.339876023397903637e+01
1.204779266504070279e+01
9.027033336764100468e+00
1.236077446474206631e+01
1.445030398768713376e+01
1.296408962885714899e+01
1.220528683538465842e+01
1.395727947504383337e+01
1.046415791390898242e+01
6.955796338302048021e+00
1.603728119216292924e+01
8.291859587312051971e+00
1.301310337505149661e+01
1.559451034962034477e+01
1.404820733880128181e+01
1.215301555949299761e+01
1.449429283826230197e+01
1.178062436274634450e+01
9.236181543108379799e+00
7.817640190446718762e+00
9.304852983362556174e+00
7.978845608028653835e+00
1.178062436274634450e+01
6.180387232371033157e+00
6.863662517577697741e+00
1.052482020710848865e+01
8.667244841319218907e+00
8.291859587312051971e+00
9.373021315815206478e+00
1.271618740744904485e+01
1.210051848659980855e+01
1.134007028277388685e+01
9.507891862878782518e+00
1.372732503515539548e+01
9.640875829802336483e+00
1.404820733880128181e+01
9.965574970333758387e+00
3.385137501286537898e+00
6.180387232371033157e+00
