1.492705330360461602e+01
1.611647812414279102e+01
1.513879513212096128e+01
1.320733953636073110e+01
9.236181543108379799e+00
8.740387444736633427e+00
1.070474469691662733e+01
1.466892917224166482e+01
1.188821220645068522e+01
1.236077446474206631e+01
1.167204486311898926e+01
1.286550196516137312e+01
1.178062436274634450e+01
1.575695754970980111e+01
1.436192209445157708e+01
5.753627391751591880e+00
1.358748446131948917e+01
1.058513485680245481e+01
1.427299292922216978e+01
1.296408962885714899e+01
1.505445578434700415e+01
7.484820637019110379e+00
8.368283871884004910e+00
1.354055000514615159e+01
1.315904928495908166e+01
1.117038385124011413e+01
1.335116235624909109e+01
6.076507779746498805e+00
1.475547227809780537e+01
1.122723095552866468e+01
1.315904928495908166e+01
8.884866446580955923e+00
1.246335526484300615e+01
7.046725639945927711e+00
1.526443044094783019e+01
5.411516379806009525e+00
7.898654169668588132e+00
9.640875829802336483e+00
1.669848676668040710e+01
1.088169461344923583e+01
1.526443044094783019e+01
8.884866446580955923e+00
8.136857890256438353e+00
9.965574970333758387e+00
1.058513485680245481e+01
9.901487006738307173e+00
5.527906391541367981e+00
1.471226436021925466e+01
1.236077446474206631e+01
1.276615297284584649e+01
1.642944866646030988e+01
1.547155565579009817e+01
1.046415791390898242e+01
9.373021315815206478e+00
1.276615297284584649e+01
1.320733953636073110e+01
1.046415791390898242e+01
1.733448968263843781e+01
1.296408962885714899e+01
7.898654169668588132e+00
1.088169461344923583e+01
5.753627391751591880e+00
1.296408962885714899e+01
4.652426491681278087e+00
8.812923024107547576e+00
1.395727947504383337e+01
1.445030398768713376e+01
1.386575534383213970e+01
1.204779266504070279e+01
8.519075891779829490e+00
1.236077446474206631e+01
1.475547227809780537e+01
1.296408962885714899e+01
1.220528683538465842e+01
1.395727947504383337e+01
1.034176589165282145e+01
1.669848676668040710e+01
4.787307364817191768e+00
7.484820637019110379e+00
1.311058116710494836e+01
1.627371578051287671e+01
1.413855043925722121e+01
1.236077446474206631e+01
1.479855404066383784e+01
1.178062436274634450e+01
9.166995688475081394e+00
7.225151993843566878e+00
9.304852983362556174e+00
7.136496464611084889e+00
1.178062436274634450e+01
3.568248232305542444e+00
5.641895835477562571e+00
1.040314189572019821e+01
8.444016491289504600e+00
8.291859587312051971e+00
9.373021315815206478e+00
1.286550196516137312e+01
1.236077446474206631e+01
1.167204486311898926e+01
9.706684619910241452e+00
1.381976597885341995e+01
9.772050238058398008e+00
1.453814859003845150e+01
9.965574970333758387e+00
3.191538243211461623e+00
