8.593479713983121826e+00
1.021790793990058255e+01
7.046725639945927711e+00
1.088169461344923583e+01
1.156244577056221523e+01
6.770275002573075795e+00
6.076507779746498805e+00
1.009253008808064145e+01
7.046725639945927711e+00
7.569397566060480642e+00
8.593479713983121826e+00
9.440697438826296306e+00
4.652426491681278087e+00
9.097283682934460103e+00
8.058239062071395509e+00
5.753627391751591880e+00
1.220528683538465842e+01
6.076507779746498805e+00
4.787307364817191768e+00
9.901487006738307173e+00
1.034176589165282145e+01
1.139607097042601680e+01
9.965574970333758387e+00
6.579524642479540830e+00
8.740387444736633427e+00
6.863662517577697741e+00
1.015541250385961369e+01
8.136857890256438353e+00
6.383076486422923246e+00
1.082303275961201905e+01
5.170882945826410726e+00
1.076405121554611632e+01
7.225151993843566878e+00
8.444016491289504600e+00
1.088169461344923583e+01
9.304852983362556174e+00
7.569397566060480642e+00
1.122723095552866468e+01
1.188821220645068522e+01
9.373021315815206478e+00
1.156244577056221523e+01
9.507891862878782518e+00
3.385137501286537898e+00
7.312732791431452384e+00
7.399277020331918919e+00
1.058513485680245481e+01
8.740387444736633427e+00
7.978845608028653835e+00
1.117038385124011413e+01
9.304852983362556174e+00
1.076405121554611632e+01
6.675581178124545545e+00
8.740387444736633427e+00
8.667244841319218907e+00
1.117038385124011413e+01
5.046265044040320724e+00
1.070474469691662733e+01
7.569397566060480642e+00
8.956231982162769611e+00
1.117038385124011413e+01
9.574614729634383536e+00
9.706684619910241452e+00
7.569397566060480642e+00
1.178062436274634450e+01
6.675581178124545545e+00
6.863662517577697741e+00
6.955796338302048021e+00
8.519075891779829490e+00
8.740387444736633427e+00
6.383076486422923246e+00
9.772050238058398008e+00
1.082303275961201905e+01
1.188821220645068522e+01
8.740387444736633427e+00
8.956231982162769611e+00
7.136496464611084889e+00
8.740387444736633427e+00
6.383076486422923246e+00
7.653039857325811823e+00
9.965574970333758387e+00
7.484820637019110379e+00
9.574614729634383536e+00
9.440697438826296306e+00
9.373021315815206478e+00
3.908820095223359381e+00
7.898654169668588132e+00
6.675581178124545545e+00
1.021790793990058255e+01
1.046415791390898242e+01
1.052482020710848865e+01
8.444016491289504600e+00
9.574614729634383536e+00
8.136857890256438353e+00
1.220528683538465842e+01
9.507891862878782518e+00
1.161737456321036532e+01
8.136857890256438353e+00
5.753627391751591880e+00
7.484820637019110379e+00
1.183454054540639433e+01
9.373021315815206478e+00
7.569397566060480642e+00
1.009253008808064145e+01
9.373021315815206478e+00
1.082303275961201905e+01
1.099807968464679142e+01
8.812923024107547576e+00
8.740387444736633427e+00
1.040314189572019821e+01
7.898654169668588132e+00
1.204779266504070279e+01
9.166995688475081394e+00
1.139607097042601680e+01
7.978845608028653835e+00
7.225151993843566878e+00
1.236077446474206631e+01
1.040314189572019821e+01
9.836981518731869656e+00
4.787307364817191768e+00
9.965574970333758387e+00
7.569397566060480642e+00
8.058239062071395509e+00
7.569397566060480642e+00
5.753627391751591880e+00
9.901487006738307173e+00
1.161737456321036532e+01
9.507891862878782518e+00
1.046415791390898242e+01
6.863662517577697741e+00
5.170882945826410726e+00
4.652426491681278087e+00
6.383076486422923246e+00
1.058513485680245481e+01
7.225151993843566878e+00
7.312732791431452384e+00
1.082303275961201905e+01
7.225151993843566878e+00
9.027033336764100468e+00
1.178062436274634450e+01
4.370193722368316713e+00
9.097283682934460103e+00
7.817640190446718762e+00
9.901487006738307173e+00
1.220528683538465842e+01
1.117038385124011413e+01
1.088169461344923583e+01
1.111324596323282954e+01
1.210051848659980855e+01
9.373021315815206478e+00
9.236181543108379799e+00
6.579524642479540830e+00
8.812923024107547576e+00
9.166995688475081394e+00
7.312732791431452384e+00
1.128379167095512514e+01
8.291859587312051971e+00
8.740387444736633427e+00
9.507891862878782518e+00
8.136857890256438353e+00
9.236181543108379799e+00
8.136857890256438353e+00
9.027033336764100468e+00
6.863662517577697741e+00
1.046415791390898242e+01
9.965574970333758387e+00
6.770275002573075795e+00
8.058239062071395509e+00
8.291859587312051971e+00
9.640875829802336483e+00
1.002925341359354938e+01
8.136857890256438353e+00
8.136857890256438353e+00
7.046725639945927711e+00
1.117038385124011413e+01
9.236181543108379799e+00
5.170882945826410726e+00
7.569397566060480642e+00
8.368283871884004910e+00
