8.136857890256438353e+00
1.261566261010080048e+01
1.286550196516137312e+01
1.325545386523797831e+01
1.241217083805063837e+01
5.527906391541367981e+00
9.772050238058398008e+00
9.373021315815206478e+00
9.640875829802336483e+00
8.667244841319218907e+00
1.381976597885341995e+01
1.156244577056221523e+01
1.178062436274634450e+01
1.286550196516137312e+01
1.094004191971426110e+01
8.740387444736633427e+00
1.172646028567007725e+01
7.653039857325811823e+00
1.276615297284584649e+01
1.296408962885714899e+01
8.291859587312051971e+00
1.178062436274634450e+01
1.058513485680245481e+01
6.383076486422923246e+00
1.291488987023529766e+01
1.236077446474206631e+01
9.373021315815206478e+00
1.339876023397903637e+01
9.373021315815206478e+00
5.170882945826410726e+00
3.568248232305542444e+00
1.150725478350318376e+01
8.740387444736633427e+00
7.653039857325811823e+00
1.040314189572019821e+01
1.117038385124011413e+01
1.194164264288369282e+01
8.291859587312051971e+00
8.291859587312051971e+00
1.261566261010080048e+01
1.117038385124011413e+01
6.863662517577697741e+00
8.884866446580955923e+00
1.139607097042601680e+01
1.194164264288369282e+01
9.965574970333758387e+00
1.400281721259029588e+01
7.569397566060480642e+00
8.214724333230154940e+00
8.740387444736633427e+00
1.117038385124011413e+01
1.230916348999737586e+01
1.462546558286290477e+01
9.027033336764100468e+00
9.027033336764100468e+00
8.593479713983121826e+00
9.965574970333758387e+00
5.970821321441846408e+00
2.985410660720923204e+00
9.901487006738307173e+00
9.772050238058398008e+00
5.170882945826410726e+00
9.373021315815206478e+00
5.527906391541367981e+00
1.256509862862843541e+01
1.139607097042601680e+01
1.178062436274634450e+01
7.399277020331918919e+00
1.381976597885341995e+01
9.373021315815206478e+00
8.444016491289504600e+00
1.349345229721172146e+01
9.373021315815206478e+00
8.291859587312051971e+00
1.271618740744904485e+01
9.507891862878782518e+00
1.117038385124011413e+01
1.320733953636073110e+01
9.507891862878782518e+00
2.523132522020160362e+00
1.167204486311898926e+01
8.884866446580955923e+00
8.667244841319218907e+00
1.058513485680245481e+01
1.276615297284584649e+01
5.753627391751591880e+00
9.373021315815206478e+00
1.256509862862843541e+01
7.484820637019110379e+00
5.753627391751591880e+00
1.377362305878664728e+01
1.128379167095512514e+01
1.134007028277388685e+01
9.965574970333758387e+00
7.046725639945927711e+00
6.955796338302048021e+00
7.225151993843566878e+00
1.167204486311898926e+01
1.236077446474206631e+01
1.210051848659980855e+01
1.178062436274634450e+01
1.296408962885714899e+01
1.058513485680245481e+01
7.399277020331918919e+00
8.812923024107547576e+00
1.391159267660409604e+01
9.901487006738307173e+00
1.139607097042601680e+01
5.411516379806009525e+00
1.296408962885714899e+01
1.296408962885714899e+01
1.178062436274634450e+01
1.150725478350318376e+01
1.315904928495908166e+01
9.373021315815206478e+00
8.740387444736633427e+00
9.965574970333758387e+00
9.027033336764100468e+00
1.178062436274634450e+01
8.812923024107547576e+00
8.444016491289504600e+00
9.507891862878782518e+00
9.027033336764100468e+00
9.304852983362556174e+00
9.373021315815206478e+00
6.482044814428574497e+00
1.156244577056221523e+01
1.099807968464679142e+01
9.507891862878782518e+00
6.482044814428574497e+00
9.373021315815206478e+00
1.167204486311898926e+01
8.956231982162769611e+00
8.136857890256438353e+00
5.170882945826410726e+00
1.210051848659980855e+01
9.965574970333758387e+00
8.136857890256438353e+00
8.058239062071395509e+00
