4.787307364817191768e+00
1.386575534383213970e+01
1.530607971465162365e+01
1.440618081907316395e+01
1.296408962885714899e+01
9.373021315815206478e+00
9.236181543108379799e+00
1.105581278308273596e+01
7.225151993843566878e+00
1.431752655671925822e+01
1.199483507827737583e+01
1.236077446474206631e+01
1.296408962885714899e+01
1.117038385124011413e+01
1.178062436274634450e+01
6.076507779746498805e+00
1.431752655671925822e+01
1.431752655671925822e+01
7.653039857325811823e+00
1.301310337505149661e+01
1.058513485680245481e+01
1.427299292922216978e+01
1.276615297284584649e+01
8.812923024107547576e+00
1.445030398768713376e+01
9.097283682934460103e+00
1.339876023397903637e+01
1.225733520300188317e+01
1.117038385124011413e+01
6.579524642479540830e+00
1.256509862862843541e+01
8.136857890256438353e+00
1.413855043925722121e+01
1.117038385124011413e+01
1.286550196516137312e+01
8.740387444736633427e+00
1.236077446474206631e+01
9.027033336764100468e+00
1.453814859003845150e+01
7.898654169668588132e+00
8.667244841319218907e+00
9.373021315815206478e+00
1.571650316319191809e+01
1.117038385124011413e+01
1.400281721259029588e+01
8.740387444736633427e+00
9.027033336764100468e+00
6.383076486422923246e+00
9.965574970333758387e+00
1.058513485680245481e+01
9.574614729634383536e+00
8.214724333230154940e+00
1.440618081907316395e+01
1.256509862862843541e+01
1.215301555949299761e+01
1.522266721510391640e+01
1.526443044094783019e+01
9.507891862878782518e+00
7.225151993843566878e+00
9.640875829802336483e+00
1.271618740744904485e+01
1.286550196516137312e+01
1.058513485680245481e+01
1.579730833933717626e+01
9.373021315815206478e+00
1.266602473693425601e+01
8.136857890256438353e+00
8.136857890256438353e+00
1.117038385124011413e+01
1.296408962885714899e+01
9.373021315815206478e+00
1.339876023397903637e+01
1.413855043925722121e+01
1.236077446474206631e+01
1.204779266504070279e+01
9.373021315815206478e+00
6.383076486422923246e+00
1.236077446474206631e+01
1.427299292922216978e+01
1.281592373849173683e+01
1.204779266504070279e+01
1.372732503515539548e+01
1.058513485680245481e+01
8.136857890256438353e+00
1.501210842680413826e+01
9.166995688475081394e+00
1.276615297284584649e+01
1.501210842680413826e+01
1.386575534383213970e+01
1.178062436274634450e+01
1.413855043925722121e+01
1.178062436274634450e+01
9.373021315815206478e+00
8.136857890256438353e+00
9.901487006738307173e+00
8.444016491289504600e+00
1.178062436274634450e+01
7.898654169668588132e+00
8.136857890256438353e+00
1.058513485680245481e+01
8.740387444736633427e+00
8.740387444736633427e+00
9.373021315815206478e+00
1.236077446474206631e+01
1.178062436274634450e+01
1.117038385124011413e+01
9.373021315815206478e+00
1.330339418036568588e+01
9.507891862878782518e+00
1.306193320280393344e+01
6.675581178124545545e+00
9.965574970333758387e+00
7.046725639945927711e+00
