5.863230142835038627e+00
1.526443044094783019e+01
1.377362305878664728e+01
1.427299292922216978e+01
1.296408962885714899e+01
9.373021315815206478e+00
9.373021315815206478e+00
1.111324596323282954e+01
7.653039857325811823e+00
1.427299292922216978e+01
1.199483507827737583e+01
1.236077446474206631e+01
1.296408962885714899e+01
1.117038385124011413e+01
1.178062436274634450e+01
6.180387232371033157e+00
1.409345127989185542e+01
1.431752655671925822e+01
7.735777827895049086e+00
1.281592373849173683e+01
1.058513485680245481e+01
1.409345127989185542e+01
1.276615297284584649e+01
8.812923024107547576e+00
1.440618081907316395e+01
9.097283682934460103e+00
1.306193320280393344e+01
1.210051848659980855e+01
1.117038385124011413e+01
6.955796338302048021e+00
1.236077446474206631e+01
8.136857890256438353e+00
3.568248232305542444e+00
1.395727947504383337e+01
1.117038385124011413e+01
1.230916348999737586e+01
8.740387444736633427e+00
1.236077446474206631e+01
9.166995688475081394e+00
1.453814859003845150e+01
7.817640190446718762e+00
8.519075891779829490e+00
9.373021315815206478e+00
1.559451034962034477e+01
1.117038385124011413e+01
1.386575534383213970e+01
8.740387444736633427e+00
9.027033336764100468e+00
6.955796338302048021e+00
9.965574970333758387e+00
1.058513485680245481e+01
9.640875829802336483e+00
8.444016491289504600e+00
1.409345127989185542e+01
1.256509862862843541e+01
1.199483507827737583e+01
1.522266721510391640e+01
1.513879513212096128e+01
9.507891862878782518e+00
7.399277020331918919e+00
9.507891862878782518e+00
3.908820095223359381e+00
1.271618740744904485e+01
1.058513485680245481e+01
1.261566261010080048e+01
1.571650316319191809e+01
9.373021315815206478e+00
1.256509862862843541e+01
8.136857890256438353e+00
8.136857890256438353e+00
1.117038385124011413e+01
1.296408962885714899e+01
9.373021315815206478e+00
1.339876023397903637e+01
1.413855043925722121e+01
1.236077446474206631e+01
1.204779266504070279e+01
9.373021315815206478e+00
6.482044814428574497e+00
1.236077446474206631e+01
1.427299292922216978e+01
1.276615297284584649e+01
1.199483507827737583e+01
1.377362305878664728e+01
1.058513485680245481e+01
8.214724333230154940e+00
1.492705330360461602e+01
9.166995688475081394e+00
1.271618740744904485e+01
1.475547227809780537e+01
1.377362305878664728e+01
1.178062436274634450e+01
1.178062436274634450e+01
1.404820733880128181e+01
9.373021315815206478e+00
8.291859587312051971e+00
9.965574970333758387e+00
8.519075891779829490e+00
1.178062436274634450e+01
8.136857890256438353e+00
8.136857890256438353e+00
1.058513485680245481e+01
8.740387444736633427e+00
8.740387444736633427e+00
9.373021315815206478e+00
1.236077446474206631e+01
1.178062436274634450e+01
1.117038385124011413e+01
9.373021315815206478e+00
1.325545386523797831e+01
9.507891862878782518e+00
1.296408962885714899e+01
6.863662517577697741e+00
9.965574970333758387e+00
7.225151993843566878e+00
