1.475547227809780537e+01
1.591774699517169012e+01
1.501210842680413826e+01
1.296408962885714899e+01
9.304852983362556174e+00
9.097283682934460103e+00
1.070474469691662733e+01
2.523132522020160362e+00
1.449429283826230197e+01
1.194164264288369282e+01
1.236077446474206631e+01
1.150725478350318376e+01
1.296408962885714899e+01
1.178062436274634450e+01
1.543035303761632804e+01
1.436192209445157708e+01
7.225151993843566878e+00
1.349345229721172146e+01
1.058513485680245481e+01
1.427299292922216978e+01
1.296408962885714899e+01
1.496964127403822076e+01
7.898654169668588132e+00
8.740387444736633427e+00
1.354055000514615159e+01
1.286550196516137312e+01
1.117038385124011413e+01
1.306193320280393344e+01
6.955796338302048021e+00
1.445030398768713376e+01
1.117038385124011413e+01
1.306193320280393344e+01
8.740387444736633427e+00
1.236077446474206631e+01
8.136857890256438353e+00
1.522266721510391640e+01
6.579524642479540830e+00
8.136857890256438353e+00
9.574614729634383536e+00
1.615593100600235843e+01
1.099807968464679142e+01
1.513879513212096128e+01
8.740387444736633427e+00
8.136857890256438353e+00
9.965574970333758387e+00
1.058513485680245481e+01
9.901487006738307173e+00
6.770275002573075795e+00
1.445030398768713376e+01
1.246335526484300615e+01
1.271618740744904485e+01
1.611647812414279102e+01
1.538904010394216471e+01
9.965574970333758387e+00
9.373021315815206478e+00
4.918490759365934828e+00
1.271618740744904485e+01
1.315904928495908166e+01
1.052482020710848865e+01
1.688803298257900920e+01
8.812923024107547576e+00
1.296408962885714899e+01
6.863662517577697741e+00
1.099807968464679142e+01
1.296408962885714899e+01
6.282549314314217703e+00
8.812923024107547576e+00
1.386575534383213970e+01
1.431752655671925822e+01
1.344618962205996482e+01
1.204779266504070279e+01
8.956231982162769611e+00
1.236077446474206631e+01
1.458187244392064308e+01
1.296408962885714899e+01
1.220528683538465842e+01
1.395727947504383337e+01
1.040314189572019821e+01
6.579524642479540830e+00
1.615593100600235843e+01
8.058239062071395509e+00
1.301310337505149661e+01
1.571650316319191809e+01
1.404820733880128181e+01
1.215301555949299761e+01
1.462546558286290477e+01
1.178062436274634450e+01
9.236181543108379799e+00
7.735777827895049086e+00
9.304852983362556174e+00
7.817640190446718762e+00
1.178062436274634450e+01
5.863230142835038627e+00
6.863662517577697741e+00
1.046415791390898242e+01
8.667244841319218907e+00
8.136857890256438353e+00
9.373021315815206478e+00
1.271618740744904485e+01
1.210051848659980855e+01
1.145179781116143225e+01
9.507891862878782518e+00
1.372732503515539548e+01
9.640875829802336483e+00
1.409345127989185542e+01
9.965574970333758387e+00
5.970821321441846408e+00
