6.282549314314217703e+00
1.358748446131948917e+01
1.404820733880128181e+01
1.488434347843123184e+01
1.286550196516137312e+01
9.373021315815206478e+00
9.373021315815206478e+00
1.088169461344923583e+01
7.978845608028653835e+00
1.413855043925722121e+01
1.199483507827737583e+01
1.230916348999737586e+01
1.296408962885714899e+01
1.117038385124011413e+01
1.178062436274634450e+01
7.046725639945927711e+00
1.400281721259029588e+01
1.436192209445157708e+01
8.136857890256438353e+00
1.236077446474206631e+01
1.058513485680245481e+01
1.400281721259029588e+01
1.266602473693425601e+01
8.812923024107547576e+00
1.427299292922216978e+01
9.236181543108379799e+00
1.266602473693425601e+01
1.178062436274634450e+01
1.117038385124011413e+01
7.312732791431452384e+00
1.236077446474206631e+01
4.222008245644752300e+00
8.136857890256438353e+00
5.753627391751591880e+00
1.354055000514615159e+01
1.117038385124011413e+01
1.215301555949299761e+01
8.740387444736633427e+00
4.222008245644752300e+00
1.236077446474206631e+01
9.373021315815206478e+00
1.453814859003845150e+01
7.484820637019110379e+00
8.444016491289504600e+00
9.507891862878782518e+00
1.530607971465162365e+01
1.117038385124011413e+01
1.372732503515539548e+01
8.740387444736633427e+00
9.027033336764100468e+00
7.312732791431452384e+00
9.965574970333758387e+00
1.058513485680245481e+01
9.772050238058398008e+00
8.812923024107547576e+00
1.381976597885341995e+01
1.256509862862843541e+01
1.210051848659980855e+01
1.513879513212096128e+01
1.501210842680413826e+01
9.373021315815206478e+00
7.735777827895049086e+00
9.373021315815206478e+00
5.527906391541367981e+00
1.271618740744904485e+01
1.058513485680245481e+01
1.236077446474206631e+01
1.547155565579009817e+01
9.373021315815206478e+00
1.256509862862843541e+01
8.444016491289504600e+00
8.291859587312051971e+00
1.117038385124011413e+01
1.296408962885714899e+01
9.373021315815206478e+00
1.335116235624909109e+01
1.413855043925722121e+01
1.236077446474206631e+01
1.210051848659980855e+01
9.706684619910241452e+00
6.770275002573075795e+00
1.236077446474206631e+01
1.413855043925722121e+01
1.276615297284584649e+01
1.194164264288369282e+01
1.368087033328175828e+01
1.058513485680245481e+01
8.368283871884004910e+00
1.484151074652385738e+01
9.373021315815206478e+00
1.261566261010080048e+01
1.431752655671925822e+01
1.377362305878664728e+01
1.178062436274634450e+01
1.178062436274634450e+01
1.400281721259029588e+01
9.373021315815206478e+00
8.444016491289504600e+00
9.965574970333758387e+00
8.667244841319218907e+00
1.178062436274634450e+01
8.136857890256438353e+00
8.136857890256438353e+00
1.058513485680245481e+01
8.740387444736633427e+00
8.740387444736633427e+00
9.373021315815206478e+00
1.236077446474206631e+01
1.178062436274634450e+01
1.088169461344923583e+01
9.373021315815206478e+00
1.296408962885714899e+01
9.507891862878782518e+00
1.296408962885714899e+01
7.225151993843566878e+00
9.965574970333758387e+00
7.225151993843566878e+00
4.787307364817191768e+00
