6.863662517577697741e+00
1.330339418036568588e+01
1.449429283826230197e+01
1.335116235624909109e+01
1.271618740744904485e+01
9.373021315815206478e+00
9.373021315815206478e+00
1.052482020710848865e+01
8.136857890256438353e+00
1.395727947504383337e+01
1.194164264288369282e+01
1.215301555949299761e+01
1.296408962885714899e+01
1.117038385124011413e+01
7.735777827895049086e+00
1.178062436274634450e+01
4.787307364817191768e+00
1.368087033328175828e+01
1.404820733880128181e+01
8.136857890256438353e+00
1.225733520300188317e+01
1.058513485680245481e+01
1.386575534383213970e+01
1.256509862862843541e+01
8.812923024107547576e+00
1.400281721259029588e+01
9.373021315815206478e+00
1.236077446474206631e+01
1.150725478350318376e+01
1.117038385124011413e+01
8.136857890256438353e+00
5.863230142835038627e+00
1.225733520300188317e+01
8.136857890256438353e+00
7.225151993843566878e+00
1.330339418036568588e+01
1.117038385124011413e+01
5.863230142835038627e+00
8.740387444736633427e+00
1.178062436274634450e+01
1.236077446474206631e+01
9.440697438826296306e+00
1.431752655671925822e+01
7.484820637019110379e+00
8.368283871884004910e+00
9.440697438826296306e+00
1.117038385124011413e+01
1.335116235624909109e+01
1.488434347843123184e+01
8.740387444736633427e+00
8.884866446580955923e+00
8.136857890256438353e+00
9.965574970333758387e+00
1.052482020710848865e+01
9.901487006738307173e+00
9.097283682934460103e+00
1.296408962885714899e+01
1.276615297284584649e+01
1.194164264288369282e+01
1.484151074652385738e+01
1.471226436021925466e+01
4.652426491681278087e+00
9.373021315815206478e+00
8.136857890256438353e+00
9.373021315815206478e+00
6.482044814428574497e+00
1.276615297284584649e+01
1.052482020710848865e+01
1.210051848659980855e+01
1.479855404066383784e+01
9.373021315815206478e+00
1.251433034574463399e+01
8.368283871884004910e+00
8.740387444736633427e+00
1.117038385124011413e+01
1.296408962885714899e+01
9.507891862878782518e+00
1.306193320280393344e+01
4.513516668382050234e+00
1.404820733880128181e+01
1.194164264288369282e+01
1.188821220645068522e+01
9.836981518731869656e+00
4.918490759365934828e+00
6.955796338302048021e+00
1.236077446474206631e+01
1.271618740744904485e+01
1.335116235624909109e+01
1.194164264288369282e+01
1.339876023397903637e+01
1.058513485680245481e+01
5.292567428401227403e+00
8.444016491289504600e+00
1.453814859003845150e+01
9.304852983362556174e+00
1.246335526484300615e+01
1.381976597885341995e+01
1.354055000514615159e+01
1.178062436274634450e+01
1.178062436274634450e+01
1.391159267660409604e+01
9.373021315815206478e+00
8.740387444736633427e+00
9.965574970333758387e+00
8.740387444736633427e+00
1.178062436274634450e+01
8.444016491289504600e+00
8.136857890256438353e+00
1.058513485680245481e+01
8.740387444736633427e+00
9.027033336764100468e+00
9.373021315815206478e+00
1.225733520300188317e+01
1.156244577056221523e+01
1.052482020710848865e+01
9.373021315815206478e+00
1.271618740744904485e+01
9.373021315815206478e+00
1.266602473693425601e+01
7.484820637019110379e+00
9.965574970333758387e+00
7.484820637019110379e+00
6.675581178124545545e+00
