4.513516668382050234e+00
1.404820733880128181e+01
1.538904010394216471e+01
1.440618081907316395e+01
1.296408962885714899e+01
9.373021315815206478e+00
9.236181543108379799e+00
1.105581278308273596e+01
7.225151993843566878e+00
1.431752655671925822e+01
1.199483507827737583e+01
1.236077446474206631e+01
1.296408962885714899e+01
1.117038385124011413e+01
1.178062436274634450e+01
5.527906391541367981e+00
1.436192209445157708e+01
1.431752655671925822e+01
7.569397566060480642e+00
1.306193320280393344e+01
1.058513485680245481e+01
1.427299292922216978e+01
1.276615297284584649e+01
8.667244841319218907e+00
1.458187244392064308e+01
9.097283682934460103e+00
1.339876023397903637e+01
1.225733520300188317e+01
1.117038385124011413e+01
5.970821321441846408e+00
1.261566261010080048e+01
8.136857890256438353e+00
1.418350619798065715e+01
1.117038385124011413e+01
1.291488987023529766e+01
8.740387444736633427e+00
1.236077446474206631e+01
8.956231982162769611e+00
1.466892917224166482e+01
7.735777827895049086e+00
8.740387444736633427e+00
9.373021315815206478e+00
1.575695754970980111e+01
1.117038385124011413e+01
1.409345127989185542e+01
8.740387444736633427e+00
8.956231982162769611e+00
6.180387232371033157e+00
9.965574970333758387e+00
1.058513485680245481e+01
9.574614729634383536e+00
8.136857890256438353e+00
1.440618081907316395e+01
1.256509862862843541e+01
1.215301555949299761e+01
1.522266721510391640e+01
1.526443044094783019e+01
9.507891862878782518e+00
7.225151993843566878e+00
9.640875829802336483e+00
1.271618740744904485e+01
1.296408962885714899e+01
1.058513485680245481e+01
1.587770228520368221e+01
9.373021315815206478e+00
1.266602473693425601e+01
8.136857890256438353e+00
8.136857890256438353e+00
1.117038385124011413e+01
1.296408962885714899e+01
9.373021315815206478e+00
1.344618962205996482e+01
1.413855043925722121e+01
1.241217083805063837e+01
1.204779266504070279e+01
9.373021315815206478e+00
6.383076486422923246e+00
1.236077446474206631e+01
1.431752655671925822e+01
1.281592373849173683e+01
1.204779266504070279e+01
1.372732503515539548e+01
1.058513485680245481e+01
8.136857890256438353e+00
1.513879513212096128e+01
8.956231982162769611e+00
1.276615297284584649e+01
1.513879513212096128e+01
1.386575534383213970e+01
1.178062436274634450e+01
1.418350619798065715e+01
1.178062436274634450e+01
9.304852983362556174e+00
8.136857890256438353e+00
9.901487006738307173e+00
8.368283871884004910e+00
1.178062436274634450e+01
7.735777827895049086e+00
7.978845608028653835e+00
1.058513485680245481e+01
8.740387444736633427e+00
8.740387444736633427e+00
9.373021315815206478e+00
1.236077446474206631e+01
1.178062436274634450e+01
1.117038385124011413e+01
9.373021315815206478e+00
1.330339418036568588e+01
9.507891862878782518e+00
1.315904928495908166e+01
6.675581178124545545e+00
9.965574970333758387e+00
7.046725639945927711e+00
