1.501210842680413826e+01
1.619528777809902209e+01
1.526443044094783019e+01
1.330339418036568588e+01
9.236181543108379799e+00
8.593479713983121826e+00
1.070474469691662733e+01
1.475547227809780537e+01
1.188821220645068522e+01
1.236077446474206631e+01
1.178062436274634450e+01
1.281592373849173683e+01
1.178062436274634450e+01
1.583755632390385770e+01
1.436192209445157708e+01
4.918490759365934828e+00
1.363425735166143049e+01
1.058513485680245481e+01
1.427299292922216978e+01
1.296408962885714899e+01
1.505445578434700415e+01
7.225151993843566878e+00
8.214724333230154940e+00
1.354055000514615159e+01
1.339876023397903637e+01
1.117038385124011413e+01
1.354055000514615159e+01
5.753627391751591880e+00
1.479855404066383784e+01
1.145179781116143225e+01
1.315904928495908166e+01
8.884866446580955923e+00
1.256509862862843541e+01
6.675581178124545545e+00
1.534761596392107741e+01
4.513516668382050234e+00
7.653039857325811823e+00
9.965574970333758387e+00
1.685029431422315938e+01
1.082303275961201905e+01
1.530607971465162365e+01
8.884866446580955923e+00
8.136857890256438353e+00
9.965574970333758387e+00
1.064510777218481152e+01
9.965574970333758387e+00
4.513516668382050234e+00
1.479855404066383784e+01
1.236077446474206631e+01
1.276615297284584649e+01
1.662206308517478703e+01
1.547155565579009817e+01
1.052482020710848865e+01
9.373021315815206478e+00
1.276615297284584649e+01
1.325545386523797831e+01
1.046415791390898242e+01
1.758969042850511855e+01
1.296408962885714899e+01
7.817640190446718762e+00
1.088169461344923583e+01
4.652426491681278087e+00
1.296408962885714899e+01
2.256758334191025117e+00
8.593479713983121826e+00
1.409345127989185542e+01
1.449429283826230197e+01
1.404820733880128181e+01
1.204779266504070279e+01
8.519075891779829490e+00
1.236077446474206631e+01
1.471226436021925466e+01
1.296408962885714899e+01
1.220528683538465842e+01
1.409345127989185542e+01
1.021790793990058255e+01
1.707547527140466670e+01
3.191538243211461623e+00
7.136496464611084889e+00
1.325545386523797831e+01
1.642944866646030988e+01
1.413855043925722121e+01
1.236077446474206631e+01
1.479855404066383784e+01
1.178062436274634450e+01
9.304852983362556174e+00
7.225151993843566878e+00
9.304852983362556174e+00
1.178062436274634450e+01
6.955796338302048021e+00
5.170882945826410726e+00
1.040314189572019821e+01
8.740387444736633427e+00
8.291859587312051971e+00
9.373021315815206478e+00
1.291488987023529766e+01
1.266602473693425601e+01
1.188821220645068522e+01
9.836981518731869656e+00
1.386575534383213970e+01
9.965574970333758387e+00
1.475547227809780537e+01
9.965574970333758387e+00
