1.509668435477122017e+01
1.631278838364701755e+01
1.526443044094783019e+01
1.330339418036568588e+01
9.236181543108379799e+00
8.593479713983121826e+00
1.070474469691662733e+01
1.479855404066383784e+01
1.188821220645068522e+01
1.236077446474206631e+01
1.178062436274634450e+01
1.281592373849173683e+01
1.178062436274634450e+01
1.603728119216292924e+01
1.436192209445157708e+01
4.222008245644752300e+00
1.368087033328175828e+01
1.058513485680245481e+01
1.427299292922216978e+01
1.296408962885714899e+01
1.505445578434700415e+01
7.225151993843566878e+00
8.136857890256438353e+00
1.354055000514615159e+01
1.349345229721172146e+01
1.117038385124011413e+01
1.358748446131948917e+01
5.527906391541367981e+00
1.475547227809780537e+01
1.145179781116143225e+01
1.315904928495908166e+01
8.884866446580955923e+00
1.261566261010080048e+01
6.383076486422923246e+00
1.538904010394216471e+01
3.568248232305542444e+00
7.484820637019110379e+00
1.002925341359354938e+01
1.692568750643268771e+01
1.082303275961201905e+01
1.530607971465162365e+01
8.956231982162769611e+00
8.136857890256438353e+00
9.965574970333758387e+00
1.070474469691662733e+01
9.965574970333758387e+00
3.568248232305542444e+00
1.484151074652385738e+01
1.241217083805063837e+01
1.276615297284584649e+01
1.681247093473193388e+01
1.547155565579009817e+01
1.052482020710848865e+01
9.373021315815206478e+00
1.276615297284584649e+01
1.325545386523797831e+01
1.058513485680245481e+01
1.766192765414112031e+01
1.296408962885714899e+01
7.735777827895049086e+00
1.088169461344923583e+01
4.222008245644752300e+00
1.296408962885714899e+01
1.418350619798065715e+01
8.444016491289504600e+00
1.449429283826230197e+01
1.404820733880128181e+01
1.204779266504070279e+01
8.444016491289504600e+00
1.236077446474206631e+01
1.479855404066383784e+01
1.296408962885714899e+01
1.220528683538465842e+01
1.418350619798065715e+01
1.021790793990058255e+01
1.718695942796624365e+01
6.955796338302048021e+00
1.325545386523797831e+01
1.669848676668040710e+01
1.413855043925722121e+01
1.236077446474206631e+01
1.488434347843123184e+01
1.178062436274634450e+01
9.304852983362556174e+00
7.136496464611084889e+00
9.236181543108379799e+00
1.178062436274634450e+01
6.955796338302048021e+00
4.787307364817191768e+00
1.034176589165282145e+01
8.740387444736633427e+00
8.291859587312051971e+00
9.373021315815206478e+00
1.296408962885714899e+01
1.276615297284584649e+01
1.183454054540639433e+01
9.836981518731869656e+00
1.386575534383213970e+01
9.965574970333758387e+00
1.479855404066383784e+01
9.965574970333758387e+00
