3.908820095223359381e+00
1.413855043925722121e+01
1.543035303761632804e+01
1.440618081907316395e+01
1.296408962885714899e+01
9.373021315815206478e+00
9.236181543108379799e+00
1.099807968464679142e+01
7.225151993843566878e+00
1.431752655671925822e+01
1.199483507827737583e+01
1.236077446474206631e+01
1.296408962885714899e+01
1.117038385124011413e+01
1.178062436274634450e+01
5.046265044040320724e+00
1.445030398768713376e+01
1.431752655671925822e+01
7.569397566060480642e+00
1.306193320280393344e+01
1.058513485680245481e+01
1.436192209445157708e+01
1.276615297284584649e+01
8.444016491289504600e+00
1.466892917224166482e+01
9.097283682934460103e+00
1.339876023397903637e+01
1.230916348999737586e+01
1.117038385124011413e+01
5.753627391751591880e+00
1.266602473693425601e+01
8.136857890256438353e+00
1.418350619798065715e+01
1.117038385124011413e+01
1.291488987023529766e+01
8.740387444736633427e+00
1.236077446474206631e+01
8.740387444736633427e+00
1.466892917224166482e+01
7.735777827895049086e+00
8.740387444736633427e+00
9.373021315815206478e+00
1.575695754970980111e+01
1.117038385124011413e+01
1.418350619798065715e+01
8.740387444736633427e+00
8.740387444736633427e+00
5.753627391751591880e+00
9.965574970333758387e+00
1.058513485680245481e+01
9.574614729634383536e+00
8.136857890256438353e+00
1.440618081907316395e+01
1.256509862862843541e+01
1.215301555949299761e+01
1.522266721510391640e+01
1.534761596392107741e+01
9.507891862878782518e+00
6.863662517577697741e+00
9.574614729634383536e+00
1.271618740744904485e+01
1.301310337505149661e+01
1.052482020710848865e+01
1.587770228520368221e+01
9.373021315815206478e+00
1.271618740744904485e+01
8.136857890256438353e+00
8.136857890256438353e+00
1.117038385124011413e+01
1.296408962885714899e+01
9.373021315815206478e+00
1.349345229721172146e+01
1.413855043925722121e+01
1.251433034574463399e+01
1.204779266504070279e+01
9.373021315815206478e+00
6.076507779746498805e+00
1.236077446474206631e+01
1.431752655671925822e+01
1.286550196516137312e+01
1.210051848659980855e+01
1.372732503515539548e+01
1.058513485680245481e+01
8.058239062071395509e+00
1.530607971465162365e+01
8.956231982162769611e+00
1.276615297284584649e+01
1.518078909665319287e+01
1.386575534383213970e+01
1.178062436274634450e+01
1.427299292922216978e+01
1.178062436274634450e+01
9.236181543108379799e+00
8.136857890256438353e+00
9.836981518731869656e+00
8.291859587312051971e+00
1.178062436274634450e+01
7.653039857325811823e+00
7.817640190446718762e+00
1.058513485680245481e+01
8.740387444736633427e+00
8.740387444736633427e+00
9.373021315815206478e+00
1.236077446474206631e+01
1.178062436274634450e+01
1.117038385124011413e+01
9.373021315815206478e+00
1.330339418036568588e+01
9.507891862878782518e+00
1.315904928495908166e+01
9.965574970333758387e+00
6.383076486422923246e+00
7.046725639945927711e+00
