1.458187244392064308e+01
1.547155565579009817e+01
1.445030398768713376e+01
1.296408962885714899e+01
9.373021315815206478e+00
9.166995688475081394e+00
1.094004191971426110e+01
6.579524642479540830e+00
1.445030398768713376e+01
1.204779266504070279e+01
1.236077446474206631e+01
1.296408962885714899e+01
1.117038385124011413e+01
1.178062436274634450e+01
4.068428945128219176e+00
1.466892917224166482e+01
1.431752655671925822e+01
7.569397566060480642e+00
1.315904928495908166e+01
1.058513485680245481e+01
1.436192209445157708e+01
1.286550196516137312e+01
8.444016491289504600e+00
1.479855404066383784e+01
9.097283682934460103e+00
1.349345229721172146e+01
1.236077446474206631e+01
1.117038385124011413e+01
5.292567428401227403e+00
1.271618740744904485e+01
7.978845608028653835e+00
1.422831991532699902e+01
1.117038385124011413e+01
1.296408962885714899e+01
8.740387444736633427e+00
1.236077446474206631e+01
8.444016491289504600e+00
1.492705330360461602e+01
7.399277020331918919e+00
8.667244841319218907e+00
9.373021315815206478e+00
1.583755632390385770e+01
1.117038385124011413e+01
1.440618081907316395e+01
8.740387444736633427e+00
8.740387444736633427e+00
9.965574970333758387e+00
1.058513485680245481e+01
4.787307364817191768e+00
9.574614729634383536e+00
7.735777827895049086e+00
1.436192209445157708e+01
1.266602473693425601e+01
1.215301555949299761e+01
1.526443044094783019e+01
1.547155565579009817e+01
9.574614729634383536e+00
6.863662517577697741e+00
9.440697438826296306e+00
1.271618740744904485e+01
1.311058116710494836e+01
1.046415791390898242e+01
1.607692842495848140e+01
9.373021315815206478e+00
1.276615297284584649e+01
8.136857890256438353e+00
1.117038385124011413e+01
7.817640190446718762e+00
1.296408962885714899e+01
9.373021315815206478e+00
1.358748446131948917e+01
1.413855043925722121e+01
1.276615297284584649e+01
1.204779266504070279e+01
9.373021315815206478e+00
5.292567428401227403e+00
1.236077446474206631e+01
1.431752655671925822e+01
1.296408962885714899e+01
1.210051848659980855e+01
1.381976597885341995e+01
1.058513485680245481e+01
7.653039857325811823e+00
1.543035303761632804e+01
8.812923024107547576e+00
1.281592373849173683e+01
1.526443044094783019e+01
1.386575534383213970e+01
1.183454054540639433e+01
1.436192209445157708e+01
1.178062436274634450e+01
9.236181543108379799e+00
8.136857890256438353e+00
9.772050238058398008e+00
8.136857890256438353e+00
1.178062436274634450e+01
7.735777827895049086e+00
7.225151993843566878e+00
1.058513485680245481e+01
8.740387444736633427e+00
8.740387444736633427e+00
9.373021315815206478e+00
1.246335526484300615e+01
1.178062436274634450e+01
1.117038385124011413e+01
9.373021315815206478e+00
1.339876023397903637e+01
9.507891862878782518e+00
1.344618962205996482e+01
9.965574970333758387e+00
6.383076486422923246e+00
7.136496464611084889e+00
