7.978845608028653835e+00
1.301310337505149661e+01
1.306193320280393344e+01
1.391159267660409604e+01
1.236077446474206631e+01
9.706684619910241452e+00
9.373021315815206478e+00
1.128379167095512559e+00
1.009253008808064145e+01
8.444016491289504600e+00
1.386575534383213970e+01
1.178062436274634450e+01
1.194164264288369282e+01
1.286550196516137312e+01
1.111324596323282954e+01
8.444016491289504600e+00
1.178062436274634450e+01
6.955796338302048021e+00
1.315904928495908166e+01
1.296408962885714899e+01
8.291859587312051971e+00
1.178062436274634450e+01
1.058513485680245481e+01
6.180387232371033157e+00
1.339876023397903637e+01
1.236077446474206631e+01
9.373021315815206478e+00
1.358748446131948917e+01
9.373021315815206478e+00
1.178062436274634450e+01
6.955796338302048021e+00
1.111324596323282954e+01
1.117038385124011413e+01
8.444016491289504600e+00
1.210051848659980855e+01
8.593479713983121826e+00
8.058239062071395509e+00
1.286550196516137312e+01
1.117038385124011413e+01
6.579524642479540830e+00
8.884866446580955923e+00
1.172646028567007725e+01
1.215301555949299761e+01
9.836981518731869656e+00
1.427299292922216978e+01
7.569397566060480642e+00
8.214724333230154940e+00
9.166995688475081394e+00
1.117038385124011413e+01
1.296408962885714899e+01
1.475547227809780537e+01
8.740387444736633427e+00
9.027033336764100468e+00
8.444016491289504600e+00
9.965574970333758387e+00
9.901487006738307173e+00
1.009253008808064145e+01
3.191538243211461623e+00
9.373021315815206478e+00
1.595769121605730811e+00
1.266602473693425601e+01
1.210051848659980855e+01
1.178062436274634450e+01
1.418350619798065715e+01
7.225151993843566878e+00
1.427299292922216978e+01
9.373021315815206478e+00
8.136857890256438353e+00
9.373021315815206478e+00
8.136857890256438353e+00
1.271618740744904485e+01
9.901487006738307173e+00
1.183454054540639433e+01
1.363425735166143049e+01
9.373021315815206478e+00
1.210051848659980855e+01
9.027033336764100468e+00
8.444016491289504600e+00
1.064510777218481152e+01
1.286550196516137312e+01
3.908820095223359381e+00
9.373021315815206478e+00
1.276615297284584649e+01
6.955796338302048021e+00
4.370193722368316713e+00
1.386575534383213970e+01
1.167204486311898926e+01
1.156244577056221523e+01
9.836981518731869656e+00
6.579524642479540830e+00
5.970821321441846408e+00
7.225151993843566878e+00
1.178062436274634450e+01
1.236077446474206631e+01
1.266602473693425601e+01
1.183454054540639433e+01
1.296408962885714899e+01
1.058513485680245481e+01
6.770275002573075795e+00
8.667244841319218907e+00
1.400281721259029588e+01
9.836981518731869656e+00
1.225733520300188317e+01
1.330339418036568588e+01
1.325545386523797831e+01
1.178062436274634450e+01
1.178062436274634450e+01
1.325545386523797831e+01
9.373021315815206478e+00
8.740387444736633427e+00
1.009253008808064145e+01
8.812923024107547576e+00
1.178062436274634450e+01
8.884866446580955923e+00
8.136857890256438353e+00
9.574614729634383536e+00
9.027033336764100468e+00
9.304852983362556174e+00
9.373021315815206478e+00
1.194164264288369282e+01
4.513516668382050234e+00
1.128379167095512514e+01
9.706684619910241452e+00
4.787307364817191768e+00
9.373021315815206478e+00
1.188821220645068522e+01
9.304852983362556174e+00
7.978845608028653835e+00
1.225733520300188317e+01
9.965574970333758387e+00
7.735777827895049086e+00
7.653039857325811823e+00
