7.898654169668588132e+00
1.301310337505149661e+01
1.315904928495908166e+01
1.400281721259029588e+01
1.246335526484300615e+01
9.574614729634383536e+00
9.373021315815206478e+00
1.009253008808064145e+01
8.444016491289504600e+00
1.386575534383213970e+01
1.178062436274634450e+01
1.194164264288369282e+01
1.286550196516137312e+01
1.117038385124011413e+01
8.444016491289504600e+00
1.178062436274634450e+01
6.955796338302048021e+00
1.320733953636073110e+01
1.320733953636073110e+01
8.291859587312051971e+00
1.178062436274634450e+01
1.058513485680245481e+01
5.863230142835038627e+00
1.349345229721172146e+01
1.236077446474206631e+01
9.373021315815206478e+00
1.368087033328175828e+01
9.373021315815206478e+00
1.178062436274634450e+01
6.955796338302048021e+00
1.117038385124011413e+01
1.117038385124011413e+01
8.368283871884004910e+00
1.210051848659980855e+01
8.593479713983121826e+00
7.898654169668588132e+00
1.286550196516137312e+01
1.117038385124011413e+01
6.482044814428574497e+00
8.884866446580955923e+00
1.178062436274634450e+01
1.230916348999737586e+01
9.836981518731869656e+00
1.427299292922216978e+01
7.569397566060480642e+00
8.291859587312051971e+00
9.440697438826296306e+00
1.117038385124011413e+01
1.306193320280393344e+01
1.479855404066383784e+01
8.740387444736633427e+00
9.027033336764100468e+00
8.444016491289504600e+00
9.965574970333758387e+00
9.901487006738307173e+00
1.021790793990058255e+01
9.373021315815206478e+00
1.271618740744904485e+01
1.220528683538465842e+01
1.178062436274634450e+01
1.436192209445157708e+01
7.046725639945927711e+00
1.427299292922216978e+01
9.373021315815206478e+00
8.136857890256438353e+00
9.373021315815206478e+00
8.136857890256438353e+00
1.271618740744904485e+01
1.009253008808064145e+01
1.183454054540639433e+01
1.377362305878664728e+01
9.373021315815206478e+00
1.230916348999737586e+01
9.027033336764100468e+00
8.519075891779829490e+00
1.088169461344923583e+01
1.286550196516137312e+01
1.595769121605730811e+00
9.373021315815206478e+00
1.276615297284584649e+01
6.863662517577697741e+00
3.568248232305542444e+00
1.391159267660409604e+01
1.178062436274634450e+01
1.161737456321036532e+01
9.836981518731869656e+00
6.383076486422923246e+00
7.225151993843566878e+00
5.753627391751591880e+00
1.178062436274634450e+01
1.251433034574463399e+01
1.281592373849173683e+01
1.183454054540639433e+01
1.296408962885714899e+01
1.058513485680245481e+01
6.579524642479540830e+00
8.667244841319218907e+00
1.404820733880128181e+01
9.836981518731869656e+00
1.230916348999737586e+01
1.330339418036568588e+01
1.335116235624909109e+01
1.178062436274634450e+01
1.178062436274634450e+01
1.344618962205996482e+01
9.373021315815206478e+00
8.740387444736633427e+00
1.002925341359354938e+01
8.740387444736633427e+00
1.178062436274634450e+01
8.884866446580955923e+00
8.136857890256438353e+00
9.901487006738307173e+00
9.027033336764100468e+00
9.304852983362556174e+00
9.373021315815206478e+00
1.204779266504070279e+01
3.385137501286537898e+00
1.134007028277388685e+01
9.965574970333758387e+00
4.513516668382050234e+00
9.373021315815206478e+00
1.204779266504070279e+01
9.373021315815206478e+00
7.978845608028653835e+00
1.236077446474206631e+01
9.965574970333758387e+00
7.653039857325811823e+00
7.484820637019110379e+00
