1.513879513212096128e+01
1.635176762293251684e+01
1.530607971465162365e+01
1.339876023397903637e+01
9.166995688475081394e+00
8.291859587312051971e+00
1.064510777218481152e+01
1.479855404066383784e+01
1.188821220645068522e+01
1.236077446474206631e+01
1.178062436274634450e+01
1.276615297284584649e+01
1.178062436274634450e+01
1.631278838364701755e+01
1.436192209445157708e+01
1.381976597885341995e+01
1.058513485680245481e+01
1.427299292922216978e+01
1.296408962885714899e+01
1.518078909665319287e+01
6.863662517577697741e+00
8.058239062071395509e+00
1.354055000514615159e+01
1.409345127989185542e+01
1.122723095552866468e+01
1.372732503515539548e+01
4.068428945128219176e+00
1.496964127403822076e+01
1.156244577056221523e+01
1.315904928495908166e+01
9.027033336764100468e+00
1.261566261010080048e+01
1.543035303761632804e+01
5.641895835477562571e+00
7.569397566060480642e+00
1.046415791390898242e+01
1.737117647432762624e+01
1.555363345008750464e+01
1.076405121554611632e+01
9.027033336764100468e+00
8.136857890256438353e+00
9.965574970333758387e+00
1.070474469691662733e+01
9.965574970333758387e+00
1.488434347843123184e+01
1.241217083805063837e+01
1.276615297284584649e+01
1.700074635581867355e+01
1.547155565579009817e+01
1.105581278308273596e+01
9.373021315815206478e+00
1.276615297284584649e+01
1.325545386523797831e+01
1.046415791390898242e+01
1.794796937867891984e+01
1.296408962885714899e+01
7.225151993843566878e+00
1.099807968464679142e+01
1.296408962885714899e+01
1.453814859003845150e+01
8.214724333230154940e+00
1.471226436021925466e+01
1.427299292922216978e+01
1.204779266504070279e+01
7.978845608028653835e+00
1.236077446474206631e+01
1.496964127403822076e+01
1.315904928495908166e+01
1.220528683538465842e+01
1.418350619798065715e+01
1.009253008808064145e+01
1.740778594902202769e+01
6.675581178124545545e+00
1.330339418036568588e+01
1.685029431422315938e+01
1.413855043925722121e+01
1.236077446474206631e+01
1.501210842680413826e+01
1.178062436274634450e+01
9.440697438826296306e+00
6.863662517577697741e+00
9.097283682934460103e+00
1.178062436274634450e+01
6.579524642479540830e+00
1.034176589165282145e+01
8.136857890256438353e+00
8.291859587312051971e+00
9.373021315815206478e+00
1.296408962885714899e+01
1.281592373849173683e+01
1.178062436274634450e+01
9.836981518731869656e+00
1.381976597885341995e+01
9.965574970333758387e+00
1.496964127403822076e+01
9.965574970333758387e+00
