6.180387232371033157e+00
1.368087033328175828e+01
1.418350619798065715e+01
1.492705330360461602e+01
1.286550196516137312e+01
9.373021315815206478e+00
9.373021315815206478e+00
1.094004191971426110e+01
7.898654169668588132e+00
1.418350619798065715e+01
1.199483507827737583e+01
1.230916348999737586e+01
1.296408962885714899e+01
1.117038385124011413e+01
1.178062436274634450e+01
6.863662517577697741e+00
1.404820733880128181e+01
1.436192209445157708e+01
7.978845608028653835e+00
1.246335526484300615e+01
1.058513485680245481e+01
1.404820733880128181e+01
1.271618740744904485e+01
8.812923024107547576e+00
1.436192209445157708e+01
9.236181543108379799e+00
1.281592373849173683e+01
1.178062436274634450e+01
1.117038385124011413e+01
6.955796338302048021e+00
1.236077446474206631e+01
3.568248232305542444e+00
8.136857890256438353e+00
5.170882945826410726e+00
1.358748446131948917e+01
1.117038385124011413e+01
1.220528683538465842e+01
8.740387444736633427e+00
3.908820095223359381e+00
1.236077446474206631e+01
9.304852983362556174e+00
1.453814859003845150e+01
7.399277020331918919e+00
8.444016491289504600e+00
9.373021315815206478e+00
1.543035303761632804e+01
1.117038385124011413e+01
1.372732503515539548e+01
8.740387444736633427e+00
9.027033336764100468e+00
7.225151993843566878e+00
9.965574970333758387e+00
1.058513485680245481e+01
9.772050238058398008e+00
8.740387444736633427e+00
1.391159267660409604e+01
1.256509862862843541e+01
1.210051848659980855e+01
1.518078909665319287e+01
1.501210842680413826e+01
9.373021315815206478e+00
7.653039857325811823e+00
9.373021315815206478e+00
5.046265044040320724e+00
1.271618740744904485e+01
1.058513485680245481e+01
1.241217083805063837e+01
1.559451034962034477e+01
9.373021315815206478e+00
1.256509862862843541e+01
8.444016491289504600e+00
8.136857890256438353e+00
1.117038385124011413e+01
1.296408962885714899e+01
9.373021315815206478e+00
1.339876023397903637e+01
1.413855043925722121e+01
1.236077446474206631e+01
1.210051848659980855e+01
9.574614729634383536e+00
7.046725639945927711e+00
1.236077446474206631e+01
1.427299292922216978e+01
1.276615297284584649e+01
1.194164264288369282e+01
1.368087033328175828e+01
1.058513485680245481e+01
8.444016491289504600e+00
1.484151074652385738e+01
9.304852983362556174e+00
1.266602473693425601e+01
1.466892917224166482e+01
1.377362305878664728e+01
1.178062436274634450e+01
1.178062436274634450e+01
1.400281721259029588e+01
9.373021315815206478e+00
8.444016491289504600e+00
9.965574970333758387e+00
8.593479713983121826e+00
1.178062436274634450e+01
8.136857890256438353e+00
8.136857890256438353e+00
1.058513485680245481e+01
8.740387444736633427e+00
8.740387444736633427e+00
9.373021315815206478e+00
1.236077446474206631e+01
1.178062436274634450e+01
1.094004191971426110e+01
9.373021315815206478e+00
1.306193320280393344e+01
9.507891862878782518e+00
1.296408962885714899e+01
7.136496464611084889e+00
9.965574970333758387e+00
7.225151993843566878e+00
3.908820095223359381e+00
3.191538243211461623e+00
