7.399277020331918919e+00
1.325545386523797831e+01
1.325545386523797831e+01
1.413855043925722121e+01
1.266602473693425601e+01
9.373021315815206478e+00
9.373021315815206478e+00
1.034176589165282145e+01
8.136857890256438353e+00
1.395727947504383337e+01
1.178062436274634450e+01
1.199483507827737583e+01
1.296408962885714899e+01
1.117038385124011413e+01
7.978845608028653835e+00
1.178062436274634450e+01
5.753627391751591880e+00
1.349345229721172146e+01
1.372732503515539548e+01
8.136857890256438353e+00
1.199483507827737583e+01
1.058513485680245481e+01
1.372732503515539548e+01
4.222008245644752300e+00
1.246335526484300615e+01
9.373021315815206478e+00
1.377362305878664728e+01
9.373021315815206478e+00
1.204779266504070279e+01
1.117038385124011413e+01
1.117038385124011413e+01
8.136857890256438353e+00
6.383076486422923246e+00
1.220528683538465842e+01
8.136857890256438353e+00
7.312732791431452384e+00
1.320733953636073110e+01
1.117038385124011413e+01
6.383076486422923246e+00
8.740387444736633427e+00
1.178062436274634450e+01
1.236077446474206631e+01
9.772050238058398008e+00
1.427299292922216978e+01
7.484820637019110379e+00
8.368283871884004910e+00
9.440697438826296306e+00
1.117038385124011413e+01
1.330339418036568588e+01
1.484151074652385738e+01
8.740387444736633427e+00
9.027033336764100468e+00
8.136857890256438353e+00
9.965574970333758387e+00
1.034176589165282145e+01
9.901487006738307173e+00
9.373021315815206478e+00
1.246335526484300615e+01
1.276615297284584649e+01
1.178062436274634450e+01
1.475547227809780537e+01
6.076507779746498805e+00
1.449429283826230197e+01
9.373021315815206478e+00
8.136857890256438353e+00
9.373021315815206478e+00
7.312732791431452384e+00
1.271618740744904485e+01
1.040314189572019821e+01
1.188821220645068522e+01
1.445030398768713376e+01
9.373021315815206478e+00
1.246335526484300615e+01
8.884866446580955923e+00
8.444016491289504600e+00
1.111324596323282954e+01
1.296408962885714899e+01
9.507891862878782518e+00
1.286550196516137312e+01
5.753627391751591880e+00
1.404820733880128181e+01
1.178062436274634450e+01
1.167204486311898926e+01
9.836981518731869656e+00
5.753627391751591880e+00
6.955796338302048021e+00
4.513516668382050234e+00
1.204779266504070279e+01
1.266602473693425601e+01
1.306193320280393344e+01
1.194164264288369282e+01
1.325545386523797831e+01
1.058513485680245481e+01
6.180387232371033157e+00
8.444016491289504600e+00
1.427299292922216978e+01
9.640875829802336483e+00
1.246335526484300615e+01
1.368087033328175828e+01
1.344618962205996482e+01
1.178062436274634450e+01
1.178062436274634450e+01
1.372732503515539548e+01
9.373021315815206478e+00
8.740387444736633427e+00
9.965574970333758387e+00
8.740387444736633427e+00
1.178062436274634450e+01
8.667244841319218907e+00
8.136857890256438353e+00
1.052482020710848865e+01
8.812923024107547576e+00
9.166995688475081394e+00
9.373021315815206478e+00
1.215301555949299761e+01
1.150725478350318376e+01
1.040314189572019821e+01
9.373021315815206478e+00
1.256509862862843541e+01
9.507891862878782518e+00
7.569397566060480642e+00
1.236077446474206631e+01
9.965574970333758387e+00
7.484820637019110379e+00
6.863662517577697741e+00
