1.475547227809780537e+01
1.587770228520368221e+01
1.501210842680413826e+01
1.296408962885714899e+01
9.304852983362556174e+00
9.166995688475081394e+00
1.076405121554611632e+01
5.046265044040320724e+00
1.449429283826230197e+01
1.194164264288369282e+01
1.236077446474206631e+01
1.296408962885714899e+01
1.117038385124011413e+01
1.178062436274634450e+01
1.526443044094783019e+01
1.436192209445157708e+01
7.225151993843566878e+00
1.339876023397903637e+01
1.058513485680245481e+01
1.431752655671925822e+01
1.296408962885714899e+01
1.496964127403822076e+01
8.058239062071395509e+00
8.740387444736633427e+00
1.354055000514615159e+01
1.271618740744904485e+01
1.117038385124011413e+01
1.296408962885714899e+01
7.225151993843566878e+00
1.436192209445157708e+01
1.117038385124011413e+01
1.301310337505149661e+01
8.740387444736633427e+00
1.236077446474206631e+01
8.136857890256438353e+00
1.513879513212096128e+01
6.770275002573075795e+00
8.291859587312051971e+00
9.706684619910241452e+00
1.615593100600235843e+01
1.105581278308273596e+01
1.509668435477122017e+01
8.740387444736633427e+00
8.444016491289504600e+00
9.965574970333758387e+00
1.058513485680245481e+01
9.772050238058398008e+00
7.046725639945927711e+00
1.445030398768713376e+01
1.246335526484300615e+01
1.266602473693425601e+01
1.538904010394216471e+01
1.587770228520368221e+01
9.706684619910241452e+00
5.753627391751591880e+00
9.373021315815206478e+00
1.271618740744904485e+01
1.311058116710494836e+01
1.058513485680245481e+01
1.669848676668040710e+01
8.812923024107547576e+00
1.296408962885714899e+01
7.136496464611084889e+00
1.105581278308273596e+01
6.955796338302048021e+00
1.296408962885714899e+01
9.027033336764100468e+00
1.381976597885341995e+01
1.431752655671925822e+01
1.339876023397903637e+01
1.204779266504070279e+01
9.097283682934460103e+00
1.236077446474206631e+01
1.445030398768713376e+01
1.296408962885714899e+01
1.215301555949299761e+01
1.391159267660409604e+01
1.058513485680245481e+01
7.046725639945927711e+00
1.583755632390385770e+01
8.291859587312051971e+00
1.306193320280393344e+01
1.559451034962034477e+01
1.395727947504383337e+01
1.210051848659980855e+01
1.449429283826230197e+01
1.178062436274634450e+01
9.236181543108379799e+00
7.978845608028653835e+00
9.373021315815206478e+00
7.978845608028653835e+00
1.178062436274634450e+01
6.579524642479540830e+00
7.046725639945927711e+00
1.052482020710848865e+01
8.740387444736633427e+00
8.444016491289504600e+00
9.373021315815206478e+00
1.266602473693425601e+01
1.194164264288369282e+01
1.122723095552866468e+01
9.507891862878782518e+00
1.358748446131948917e+01
9.640875829802336483e+00
1.395727947504383337e+01
9.965574970333758387e+00
4.222008245644752300e+00
6.383076486422923246e+00
