1.513879513212096128e+01
1.635176762293251684e+01
1.530607971465162365e+01
1.339876023397903637e+01
9.236181543108379799e+00
8.444016491289504600e+00
1.070474469691662733e+01
1.475547227809780537e+01
1.188821220645068522e+01
1.236077446474206631e+01
1.178062436274634450e+01
1.276615297284584649e+01
1.178062436274634450e+01
1.615593100600235843e+01
1.436192209445157708e+01
1.372732503515539548e+01
1.058513485680245481e+01
1.427299292922216978e+01
1.296408962885714899e+01
1.522266721510391640e+01
6.955796338302048021e+00
8.136857890256438353e+00
1.354055000514615159e+01
1.391159267660409604e+01
1.117038385124011413e+01
1.372732503515539548e+01
4.513516668382050234e+00
1.488434347843123184e+01
1.161737456321036532e+01
1.315904928495908166e+01
9.027033336764100468e+00
1.261566261010080048e+01
1.543035303761632804e+01
5.753627391751591880e+00
7.569397566060480642e+00
1.046415791390898242e+01
1.718695942796624365e+01
1.543035303761632804e+01
1.082303275961201905e+01
9.027033336764100468e+00
8.136857890256438353e+00
9.965574970333758387e+00
1.070474469691662733e+01
9.965574970333758387e+00
1.488434347843123184e+01
1.241217083805063837e+01
1.276615297284584649e+01
1.696325844612841038e+01
1.547155565579009817e+01
1.099807968464679142e+01
9.373021315815206478e+00
1.276615297284584649e+01
1.325545386523797831e+01
1.046415791390898242e+01
1.787688803255549530e+01
1.296408962885714899e+01
7.484820637019110379e+00
1.099807968464679142e+01
1.296408962885714899e+01
1.431752655671925822e+01
8.368283871884004910e+00
1.462546558286290477e+01
1.427299292922216978e+01
1.204779266504070279e+01
8.214724333230154940e+00
1.236077446474206631e+01
1.492705330360461602e+01
1.306193320280393344e+01
1.220528683538465842e+01
1.413855043925722121e+01
1.009253008808064145e+01
1.733448968263843781e+01
6.863662517577697741e+00
1.325545386523797831e+01
1.681247093473193388e+01
1.413855043925722121e+01
1.236077446474206631e+01
1.501210842680413826e+01
1.178062436274634450e+01
9.304852983362556174e+00
6.863662517577697741e+00
9.166995688475081394e+00
1.178062436274634450e+01
6.770275002573075795e+00
3.191538243211461623e+00
1.034176589165282145e+01
8.444016491289504600e+00
8.291859587312051971e+00
9.373021315815206478e+00
1.296408962885714899e+01
1.276615297284584649e+01
1.178062436274634450e+01
9.836981518731869656e+00
1.386575534383213970e+01
9.965574970333758387e+00
1.492705330360461602e+01
9.965574970333758387e+00
