1.466892917224166482e+01
1.563528038089343752e+01
1.462546558286290477e+01
1.296408962885714899e+01
9.373021315815206478e+00
9.166995688475081394e+00
1.094004191971426110e+01
5.970821321441846408e+00
1.445030398768713376e+01
1.204779266504070279e+01
1.236077446474206631e+01
1.296408962885714899e+01
1.117038385124011413e+01
1.178062436274634450e+01
1.484151074652385738e+01
1.431752655671925822e+01
7.653039857325811823e+00
1.325545386523797831e+01
1.058513485680245481e+01
1.431752655671925822e+01
1.296408962885714899e+01
8.519075891779829490e+00
1.479855404066383784e+01
8.884866446580955923e+00
1.354055000514615159e+01
1.256509862862843541e+01
1.117038385124011413e+01
1.286550196516137312e+01
4.068428945128219176e+00
7.817640190446718762e+00
1.422831991532699902e+01
1.117038385124011413e+01
1.296408962885714899e+01
8.740387444736633427e+00
1.236077446474206631e+01
8.291859587312051971e+00
1.496964127403822076e+01
7.225151993843566878e+00
8.444016491289504600e+00
9.373021315815206478e+00
1.599753570059363028e+01
1.111324596323282954e+01
1.449429283826230197e+01
8.593479713983121826e+00
8.740387444736633427e+00
9.965574970333758387e+00
1.058513485680245481e+01
3.568248232305542444e+00
9.574614729634383536e+00
7.569397566060480642e+00
1.445030398768713376e+01
1.266602473693425601e+01
1.215301555949299761e+01
1.538904010394216471e+01
1.547155565579009817e+01
9.640875829802336483e+00
6.675581178124545545e+00
9.373021315815206478e+00
1.271618740744904485e+01
1.306193320280393344e+01
1.046415791390898242e+01
1.619528777809902209e+01
9.166995688475081394e+00
1.281592373849173683e+01
7.817640190446718762e+00
1.117038385124011413e+01
7.484820637019110379e+00
1.296408962885714899e+01
9.373021315815206478e+00
1.363425735166143049e+01
1.413855043925722121e+01
1.301310337505149661e+01
1.210051848659980855e+01
9.236181543108379799e+00
1.236077446474206631e+01
1.436192209445157708e+01
4.513516668382050234e+00
1.296408962885714899e+01
1.210051848659980855e+01
1.381976597885341995e+01
1.058513485680245481e+01
7.399277020331918919e+00
1.555363345008750464e+01
8.593479713983121826e+00
1.286550196516137312e+01
1.530607971465162365e+01
1.395727947504383337e+01
1.194164264288369282e+01
1.445030398768713376e+01
1.178062436274634450e+01
9.236181543108379799e+00
8.136857890256438353e+00
9.772050238058398008e+00
8.136857890256438353e+00
1.178062436274634450e+01
7.225151993843566878e+00
7.399277020331918919e+00
1.058513485680245481e+01
8.740387444736633427e+00
8.667244841319218907e+00
9.373021315815206478e+00
1.256509862862843541e+01
1.178062436274634450e+01
1.117038385124011413e+01
9.373021315815206478e+00
1.339876023397903637e+01
9.574614729634383536e+00
1.358748446131948917e+01
9.965574970333758387e+00
5.863230142835038627e+00
7.046725639945927711e+00
