1.471226436021925466e+01
1.579730833933717626e+01
1.488434347843123184e+01
1.296408962885714899e+01
9.373021315815206478e+00
9.166995688475081394e+00
1.076405121554611632e+01
5.170882945826410726e+00
1.449429283826230197e+01
1.194164264288369282e+01
1.236077446474206631e+01
1.296408962885714899e+01
1.117038385124011413e+01
1.178062436274634450e+01
1.518078909665319287e+01
1.436192209445157708e+01
7.399277020331918919e+00
1.339876023397903637e+01
1.070474469691662733e+01
1.436192209445157708e+01
1.296408962885714899e+01
8.291859587312051971e+00
1.496964127403822076e+01
8.740387444736633427e+00
1.354055000514615159e+01
1.271618740744904485e+01
1.117038385124011413e+01
1.296408962885714899e+01
7.484820637019110379e+00
1.436192209445157708e+01
1.117038385124011413e+01
1.301310337505149661e+01
8.740387444736633427e+00
1.236077446474206631e+01
8.136857890256438353e+00
1.513879513212096128e+01
7.046725639945927711e+00
8.291859587312051971e+00
9.640875829802336483e+00
1.607692842495848140e+01
1.105581278308273596e+01
1.505445578434700415e+01
8.740387444736633427e+00
8.444016491289504600e+00
9.965574970333758387e+00
1.058513485680245481e+01
9.772050238058398008e+00
7.225151993843566878e+00
1.445030398768713376e+01
1.246335526484300615e+01
1.266602473693425601e+01
1.538904010394216471e+01
1.583755632390385770e+01
9.640875829802336483e+00
5.753627391751591880e+00
9.373021315815206478e+00
1.271618740744904485e+01
1.306193320280393344e+01
1.058513485680245481e+01
1.662206308517478703e+01
8.812923024107547576e+00
1.286550196516137312e+01
7.225151993843566878e+00
1.111324596323282954e+01
6.955796338302048021e+00
1.296408962885714899e+01
9.166995688475081394e+00
1.368087033328175828e+01
1.427299292922216978e+01
1.339876023397903637e+01
1.210051848659980855e+01
9.097283682934460103e+00
1.236077446474206631e+01
1.440618081907316395e+01
1.296408962885714899e+01
1.215301555949299761e+01
1.386575534383213970e+01
1.058513485680245481e+01
7.225151993843566878e+00
1.575695754970980111e+01
8.368283871884004910e+00
1.301310337505149661e+01
1.555363345008750464e+01
1.395727947504383337e+01
1.204779266504070279e+01
1.449429283826230197e+01
1.178062436274634450e+01
9.236181543108379799e+00
7.978845608028653835e+00
9.507891862878782518e+00
8.136857890256438353e+00
1.178062436274634450e+01
6.675581178124545545e+00
7.046725639945927711e+00
1.058513485680245481e+01
8.740387444736633427e+00
8.444016491289504600e+00
9.373021315815206478e+00
1.266602473693425601e+01
1.183454054540639433e+01
1.117038385124011413e+01
9.373021315815206478e+00
1.349345229721172146e+01
9.640875829802336483e+00
1.381976597885341995e+01
9.965574970333758387e+00
4.652426491681278087e+00
6.482044814428574497e+00
