7.817640190446718762e+00
1.306193320280393344e+01
1.315904928495908166e+01
1.404820733880128181e+01
1.256509862862843541e+01
9.574614729634383536e+00
9.373021315815206478e+00
1.015541250385961369e+01
8.444016491289504600e+00
1.391159267660409604e+01
1.178062436274634450e+01
1.194164264288369282e+01
1.286550196516137312e+01
1.117038385124011413e+01
8.291859587312051971e+00
1.178062436274634450e+01
6.863662517577697741e+00
1.325545386523797831e+01
1.335116235624909109e+01
8.291859587312051971e+00
1.178062436274634450e+01
1.058513485680245481e+01
1.354055000514615159e+01
5.411516379806009525e+00
1.236077446474206631e+01
9.373021315815206478e+00
1.368087033328175828e+01
9.373021315815206478e+00
1.178062436274634450e+01
6.955796338302048021e+00
1.117038385124011413e+01
1.117038385124011413e+01
8.214724333230154940e+00
1.215301555949299761e+01
8.593479713983121826e+00
7.735777827895049086e+00
1.286550196516137312e+01
1.117038385124011413e+01
6.579524642479540830e+00
8.812923024107547576e+00
1.178062436274634450e+01
1.236077446474206631e+01
9.772050238058398008e+00
1.427299292922216978e+01
7.569397566060480642e+00
8.291859587312051971e+00
9.440697438826296306e+00
1.117038385124011413e+01
1.315904928495908166e+01
1.479855404066383784e+01
8.740387444736633427e+00
9.027033336764100468e+00
8.444016491289504600e+00
9.965574970333758387e+00
9.901487006738307173e+00
1.015541250385961369e+01
9.373021315815206478e+00
1.271618740744904485e+01
1.225733520300188317e+01
1.178062436274634450e+01
1.449429283826230197e+01
6.863662517577697741e+00
1.436192209445157708e+01
9.373021315815206478e+00
8.136857890256438353e+00
9.373021315815206478e+00
7.978845608028653835e+00
1.271618740744904485e+01
1.015541250385961369e+01
1.188821220645068522e+01
1.409345127989185542e+01
9.507891862878782518e+00
1.246335526484300615e+01
9.027033336764100468e+00
8.593479713983121826e+00
1.099807968464679142e+01
1.286550196516137312e+01
9.373021315815206478e+00
1.276615297284584649e+01
6.482044814428574497e+00
1.391159267660409604e+01
1.178062436274634450e+01
1.167204486311898926e+01
9.836981518731869656e+00
6.383076486422923246e+00
7.225151993843566878e+00
5.753627391751591880e+00
1.178062436274634450e+01
1.256509862862843541e+01
1.281592373849173683e+01
1.188821220645068522e+01
1.311058116710494836e+01
1.058513485680245481e+01
6.579524642479540830e+00
8.593479713983121826e+00
1.418350619798065715e+01
9.836981518731869656e+00
1.236077446474206631e+01
1.344618962205996482e+01
1.335116235624909109e+01
1.178062436274634450e+01
1.178062436274634450e+01
1.354055000514615159e+01
9.373021315815206478e+00
8.740387444736633427e+00
9.965574970333758387e+00
8.740387444736633427e+00
1.178062436274634450e+01
8.740387444736633427e+00
8.136857890256438353e+00
1.015541250385961369e+01
8.956231982162769611e+00
9.304852983362556174e+00
9.373021315815206478e+00
1.204779266504070279e+01
1.139607097042601680e+01
1.009253008808064145e+01
3.742410318509555189e+00
9.373021315815206478e+00
1.236077446474206631e+01
9.507891862878782518e+00
7.817640190446718762e+00
1.236077446474206631e+01
9.965574970333758387e+00
7.484820637019110379e+00
7.225151993843566878e+00
