8.136857890256438353e+00
1.266602473693425601e+01
1.286550196516137312e+01
1.344618962205996482e+01
1.241217083805063837e+01
5.170882945826410726e+00
9.772050238058398008e+00
9.373021315815206478e+00
9.640875829802336483e+00
8.593479713983121826e+00
1.386575534383213970e+01
1.161737456321036532e+01
1.188821220645068522e+01
1.286550196516137312e+01
1.094004191971426110e+01
8.740387444736633427e+00
1.178062436274634450e+01
7.484820637019110379e+00
1.286550196516137312e+01
1.296408962885714899e+01
8.291859587312051971e+00
1.178062436274634450e+01
1.058513485680245481e+01
6.482044814428574497e+00
1.311058116710494836e+01
1.236077446474206631e+01
9.373021315815206478e+00
1.339876023397903637e+01
9.373021315815206478e+00
4.918490759365934828e+00
1.156244577056221523e+01
8.667244841319218907e+00
7.569397566060480642e+00
1.046415791390898242e+01
1.117038385124011413e+01
1.199483507827737583e+01
8.291859587312051971e+00
8.291859587312051971e+00
1.276615297284584649e+01
1.117038385124011413e+01
6.863662517577697741e+00
8.884866446580955923e+00
1.145179781116143225e+01
1.199483507827737583e+01
9.965574970333758387e+00
1.395727947504383337e+01
7.569397566060480642e+00
8.214724333230154940e+00
8.740387444736633427e+00
1.117038385124011413e+01
1.256509862862843541e+01
1.458187244392064308e+01
9.027033336764100468e+00
9.027033336764100468e+00
8.593479713983121826e+00
9.965574970333758387e+00
5.527906391541367981e+00
9.901487006738307173e+00
9.772050238058398008e+00
4.370193722368316713e+00
9.373021315815206478e+00
5.527906391541367981e+00
1.256509862862843541e+01
1.156244577056221523e+01
1.178062436274634450e+01
7.225151993843566878e+00
1.400281721259029588e+01
9.373021315815206478e+00
8.368283871884004910e+00
1.354055000514615159e+01
9.373021315815206478e+00
8.291859587312051971e+00
1.271618740744904485e+01
9.574614729634383536e+00
1.145179781116143225e+01
1.325545386523797831e+01
9.507891862878782518e+00
1.167204486311898926e+01
8.956231982162769611e+00
8.593479713983121826e+00
1.058513485680245481e+01
1.276615297284584649e+01
5.753627391751591880e+00
9.373021315815206478e+00
1.261566261010080048e+01
7.312732791431452384e+00
5.753627391751591880e+00
1.377362305878664728e+01
1.134007028277388685e+01
1.139607097042601680e+01
9.965574970333758387e+00
6.955796338302048021e+00
6.955796338302048021e+00
7.225151993843566878e+00
1.167204486311898926e+01
1.236077446474206631e+01
1.210051848659980855e+01
1.183454054540639433e+01
1.296408962885714899e+01
1.058513485680245481e+01
7.136496464611084889e+00
8.740387444736633427e+00
1.391159267660409604e+01
9.901487006738307173e+00
1.161737456321036532e+01
5.046265044040320724e+00
1.306193320280393344e+01
1.306193320280393344e+01
1.178062436274634450e+01
1.161737456321036532e+01
1.315904928495908166e+01
9.373021315815206478e+00
8.740387444736633427e+00
9.965574970333758387e+00
9.097283682934460103e+00
1.178062436274634450e+01
8.740387444736633427e+00
8.444016491289504600e+00
9.507891862878782518e+00
9.027033336764100468e+00
9.304852983362556174e+00
9.373021315815206478e+00
1.161737456321036532e+01
5.753627391751591880e+00
1.105581278308273596e+01
9.574614729634383536e+00
5.970821321441846408e+00
9.373021315815206478e+00
1.167204486311898926e+01
9.027033336764100468e+00
8.136857890256438353e+00
5.170882945826410726e+00
1.215301555949299761e+01
9.965574970333758387e+00
8.058239062071395509e+00
7.978845608028653835e+00
