6.675581178124545545e+00
1.354055000514615159e+01
1.386575534383213970e+01
1.484151074652385738e+01
1.276615297284584649e+01
9.373021315815206478e+00
9.373021315815206478e+00
1.082303275961201905e+01
8.136857890256438353e+00
1.413855043925722121e+01
1.204779266504070279e+01
1.225733520300188317e+01
1.296408962885714899e+01
1.117038385124011413e+01
1.178062436274634450e+01
7.136496464611084889e+00
1.381976597885341995e+01
1.427299292922216978e+01
8.136857890256438353e+00
1.236077446474206631e+01
1.058513485680245481e+01
1.395727947504383337e+01
1.266602473693425601e+01
8.812923024107547576e+00
1.427299292922216978e+01
9.236181543108379799e+00
1.256509862862843541e+01
1.172646028567007725e+01
1.117038385124011413e+01
7.653039857325811823e+00
4.513516668382050234e+00
1.236077446474206631e+01
8.136857890256438353e+00
5.753627391751591880e+00
1.354055000514615159e+01
1.117038385124011413e+01
1.204779266504070279e+01
8.740387444736633427e+00
4.652426491681278087e+00
1.236077446474206631e+01
9.373021315815206478e+00
1.453814859003845150e+01
7.484820637019110379e+00
8.444016491289504600e+00
9.574614729634383536e+00
1.534761596392107741e+01
1.117038385124011413e+01
1.368087033328175828e+01
8.740387444736633427e+00
8.884866446580955923e+00
7.484820637019110379e+00
9.965574970333758387e+00
1.058513485680245481e+01
9.772050238058398008e+00
8.812923024107547576e+00
1.377362305878664728e+01
1.256509862862843541e+01
1.204779266504070279e+01
1.501210842680413826e+01
1.496964127403822076e+01
9.373021315815206478e+00
7.898654169668588132e+00
9.373021315815206478e+00
6.076507779746498805e+00
1.271618740744904485e+01
1.058513485680245481e+01
1.220528683538465842e+01
1.534761596392107741e+01
9.373021315815206478e+00
1.256509862862843541e+01
8.593479713983121826e+00
8.291859587312051971e+00
1.117038385124011413e+01
1.296408962885714899e+01
9.373021315815206478e+00
1.335116235624909109e+01
1.409345127989185542e+01
1.225733520300188317e+01
1.204779266504070279e+01
9.772050238058398008e+00
6.770275002573075795e+00
1.236077446474206631e+01
1.409345127989185542e+01
1.276615297284584649e+01
1.194164264288369282e+01
1.368087033328175828e+01
1.058513485680245481e+01
3.568248232305542444e+00
8.136857890256438353e+00
1.484151074652385738e+01
9.373021315815206478e+00
1.266602473693425601e+01
1.422831991532699902e+01
1.368087033328175828e+01
1.178062436274634450e+01
1.178062436274634450e+01
1.391159267660409604e+01
9.373021315815206478e+00
8.593479713983121826e+00
9.965574970333758387e+00
8.740387444736633427e+00
1.178062436274634450e+01
8.136857890256438353e+00
8.136857890256438353e+00
1.058513485680245481e+01
8.740387444736633427e+00
8.740387444736633427e+00
9.373021315815206478e+00
1.236077446474206631e+01
1.178062436274634450e+01
1.070474469691662733e+01
9.373021315815206478e+00
1.296408962885714899e+01
9.440697438826296306e+00
1.281592373849173683e+01
7.225151993843566878e+00
9.965574970333758387e+00
7.225151993843566878e+00
5.170882945826410726e+00
