8.593479713983121826e+00
1.225733520300188317e+01
1.236077446474206631e+01
6.180387232371033157e+00
1.276615297284584649e+01
1.082303275961201905e+01
6.383076486422923246e+00
7.569397566060480642e+00
9.373021315815206478e+00
9.373021315815206478e+00
9.373021315815206478e+00
8.291859587312051971e+00
1.320733953636073110e+01
2.256758334191025117e+00
1.105581278308273596e+01
1.117038385124011413e+01
1.230916348999737586e+01
1.040314189572019821e+01
8.740387444736633427e+00
4.652426491681278087e+00
1.088169461344923583e+01
3.908820095223359381e+00
8.136857890256438353e+00
1.215301555949299761e+01
1.256509862862843541e+01
5.753627391751591880e+00
8.136857890256438353e+00
1.117038385124011413e+01
1.002925341359354938e+01
6.955796338302048021e+00
1.215301555949299761e+01
1.225733520300188317e+01
9.373021315815206478e+00
1.311058116710494836e+01
9.373021315815206478e+00
6.863662517577697741e+00
6.675581178124545545e+00
1.082303275961201905e+01
8.740387444736633427e+00
7.978845608028653835e+00
1.117038385124011413e+01
9.965574970333758387e+00
1.134007028277388685e+01
8.291859587312051971e+00
8.593479713983121826e+00
1.178062436274634450e+01
1.105581278308273596e+01
7.569397566060480642e+00
8.956231982162769611e+00
1.145179781116143225e+01
1.021790793990058255e+01
9.965574970333758387e+00
8.058239062071395509e+00
1.296408962885714899e+01
6.180387232371033157e+00
2.763953195770683990e+00
4.652426491681278087e+00
8.444016491289504600e+00
8.740387444736633427e+00
1.052482020710848865e+01
1.117038385124011413e+01
1.301310337505149661e+01
9.027033336764100468e+00
8.884866446580955923e+00
8.740387444736633427e+00
6.383076486422923246e+00
1.002925341359354938e+01
7.046725639945927711e+00
4.652426491681278087e+00
7.225151993843566878e+00
9.640875829802336483e+00
9.373021315815206478e+00
9.965574970333758387e+00
7.225151993843566878e+00
5.411516379806009525e+00
1.088169461344923583e+01
1.150725478350318376e+01
1.167204486311898926e+01
8.136857890256438353e+00
9.373021315815206478e+00
8.136857890256438353e+00
1.296408962885714899e+01
9.373021315815206478e+00
1.241217083805063837e+01
8.136857890256438353e+00
6.282549314314217703e+00
1.236077446474206631e+01
9.507891862878782518e+00
6.955796338302048021e+00
1.058513485680245481e+01
9.373021315815206478e+00
1.161737456321036532e+01
1.117038385124011413e+01
8.884866446580955923e+00
8.740387444736633427e+00
1.058513485680245481e+01
7.225151993843566878e+00
1.261566261010080048e+01
9.373021315815206478e+00
1.199483507827737583e+01
8.136857890256438353e+00
7.046725639945927711e+00
1.330339418036568588e+01
1.058513485680245481e+01
1.040314189572019821e+01
9.965574970333758387e+00
7.569397566060480642e+00
7.817640190446718762e+00
7.569397566060480642e+00
1.122723095552866468e+01
1.220528683538465842e+01
1.088169461344923583e+01
1.105581278308273596e+01
4.370193722368316713e+00
1.076405121554611632e+01
7.653039857325811823e+00
1.210051848659980855e+01
5.753627391751591880e+00
6.076507779746498805e+00
8.884866446580955923e+00
1.236077446474206631e+01
9.574614729634383536e+00
7.312732791431452384e+00
1.058513485680245481e+01
1.178062436274634450e+01
1.296408962885714899e+01
1.117038385124011413e+01
1.117038385124011413e+01
1.236077446474206631e+01
9.373021315815206478e+00
9.027033336764100468e+00
9.027033336764100468e+00
4.787307364817191768e+00
9.166995688475081394e+00
6.863662517577697741e+00
1.167204486311898926e+01
8.368283871884004910e+00
8.593479713983121826e+00
9.507891862878782518e+00
8.136857890256438353e+00
9.507891862878782518e+00
9.027033336764100468e+00
7.484820637019110379e+00
6.383076486422923246e+00
1.058513485680245481e+01
1.021790793990058255e+01
5.292567428401227403e+00
7.484820637019110379e+00
8.740387444736633427e+00
9.373021315815206478e+00
1.117038385124011413e+01
8.136857890256438353e+00
8.136857890256438353e+00
6.482044814428574497e+00
1.156244577056221523e+01
9.836981518731869656e+00
7.978845608028653835e+00
8.291859587312051971e+00
