1.518078909665319287e+01
1.642944866646030988e+01
1.530607971465162365e+01
1.344618962205996482e+01
9.166995688475081394e+00
8.058239062071395509e+00
1.064510777218481152e+01
1.479855404066383784e+01
1.188821220645068522e+01
1.236077446474206631e+01
1.178062436274634450e+01
1.271618740744904485e+01
1.178062436274634450e+01
1.642944866646030988e+01
1.436192209445157708e+01
1.381976597885341995e+01
1.058513485680245481e+01
1.427299292922216978e+01
1.296408962885714899e+01
1.522266721510391640e+01
6.579524642479540830e+00
8.058239062071395509e+00
1.354055000514615159e+01
1.413855043925722121e+01
1.139607097042601680e+01
1.381976597885341995e+01
1.496964127403822076e+01
2.256758334191025117e+00
1.161737456321036532e+01
1.320733953636073110e+01
9.027033336764100468e+00
1.266602473693425601e+01
1.543035303761632804e+01
4.787307364817191768e+00
7.569397566060480642e+00
1.052482020710848865e+01
1.748077488947326685e+01
1.555363345008750464e+01
1.076405121554611632e+01
9.027033336764100468e+00
8.136857890256438353e+00
9.965574970333758387e+00
1.070474469691662733e+01
9.965574970333758387e+00
1.488434347843123184e+01
1.241217083805063837e+01
1.276615297284584649e+01
1.700074635581867355e+01
1.547155565579009817e+01
1.111324596323282954e+01
9.373021315815206478e+00
1.281592373849173683e+01
1.325545386523797831e+01
1.046415791390898242e+01
1.805406667352820094e+01
1.296408962885714899e+01
7.225151993843566878e+00
1.099807968464679142e+01
1.296408962885714899e+01
1.462546558286290477e+01
8.214724333230154940e+00
1.479855404066383784e+01
1.427299292922216978e+01
1.204779266504070279e+01
7.817640190446718762e+00
1.236077446474206631e+01
1.492705330360461602e+01
1.315904928495908166e+01
1.220528683538465842e+01
1.427299292922216978e+01
1.009253008808064145e+01
1.751715531361111644e+01
6.180387232371033157e+00
1.344618962205996482e+01
1.692568750643268771e+01
1.413855043925722121e+01
1.230916348999737586e+01
1.509668435477122017e+01
1.178062436274634450e+01
9.440697438826296306e+00
6.579524642479540830e+00
8.956231982162769611e+00
1.178062436274634450e+01
6.383076486422923246e+00
1.034176589165282145e+01
8.136857890256438353e+00
8.368283871884004910e+00
9.440697438826296306e+00
1.296408962885714899e+01
1.296408962885714899e+01
1.178062436274634450e+01
9.836981518731869656e+00
1.381976597885341995e+01
9.965574970333758387e+00
1.496964127403822076e+01
9.965574970333758387e+00
