1.484151074652385738e+01
1.607692842495848140e+01
1.505445578434700415e+01
1.320733953636073110e+01
9.236181543108379799e+00
8.740387444736633427e+00
1.070474469691662733e+01
1.466892917224166482e+01
1.194164264288369282e+01
1.236077446474206631e+01
1.167204486311898926e+01
1.286550196516137312e+01
1.178062436274634450e+01
1.575695754970980111e+01
1.436192209445157708e+01
6.076507779746498805e+00
1.358748446131948917e+01
1.058513485680245481e+01
1.427299292922216978e+01
1.296408962885714899e+01
1.505445578434700415e+01
7.484820637019110379e+00
8.368283871884004910e+00
1.354055000514615159e+01
1.306193320280393344e+01
1.117038385124011413e+01
1.335116235624909109e+01
6.383076486422923246e+00
1.466892917224166482e+01
1.117038385124011413e+01
1.315904928495908166e+01
8.884866446580955923e+00
1.236077446474206631e+01
7.136496464611084889e+00
1.522266721510391640e+01
5.753627391751591880e+00
7.978845608028653835e+00
9.640875829802336483e+00
1.654528640181426269e+01
1.088169461344923583e+01
1.526443044094783019e+01
8.884866446580955923e+00
8.136857890256438353e+00
9.965574970333758387e+00
1.058513485680245481e+01
9.836981518731869656e+00
5.753627391751591880e+00
1.471226436021925466e+01
1.236077446474206631e+01
1.276615297284584649e+01
1.642944866646030988e+01
1.547155565579009817e+01
1.040314189572019821e+01
9.373021315815206478e+00
1.271618740744904485e+01
1.315904928495908166e+01
1.046415791390898242e+01
1.722396045987370883e+01
8.136857890256438353e+00
1.296408962885714899e+01
1.094004191971426110e+01
5.753627391751591880e+00
1.296408962885714899e+01
4.918490759365934828e+00
8.812923024107547576e+00
1.391159267660409604e+01
1.445030398768713376e+01
1.377362305878664728e+01
1.210051848659980855e+01
8.519075891779829490e+00
1.236077446474206631e+01
1.475547227809780537e+01
1.296408962885714899e+01
1.220528683538465842e+01
1.395727947504383337e+01
1.034176589165282145e+01
1.650676414605009157e+01
5.292567428401227403e+00
7.484820637019110379e+00
1.311058116710494836e+01
1.615593100600235843e+01
1.413855043925722121e+01
1.236077446474206631e+01
1.479855404066383784e+01
1.178062436274634450e+01
9.236181543108379799e+00
7.225151993843566878e+00
9.304852983362556174e+00
7.484820637019110379e+00
1.178062436274634450e+01
6.076507779746498805e+00
4.513516668382050234e+00
1.046415791390898242e+01
8.444016491289504600e+00
8.291859587312051971e+00
9.373021315815206478e+00
1.286550196516137312e+01
1.236077446474206631e+01
1.167204486311898926e+01
9.574614729634383536e+00
1.381976597885341995e+01
9.640875829802336483e+00
1.436192209445157708e+01
9.965574970333758387e+00
4.222008245644752300e+00
