1.534761596392107741e+01
1.642944866646030988e+01
1.538904010394216471e+01
1.354055000514615159e+01
9.097283682934460103e+00
7.735777827895049086e+00
1.058513485680245481e+01
1.488434347843123184e+01
1.188821220645068522e+01
1.236077446474206631e+01
1.194164264288369282e+01
1.256509862862843541e+01
1.183454054540639433e+01
1.692568750643268771e+01
1.436192209445157708e+01
1.381976597885341995e+01
1.058513485680245481e+01
1.427299292922216978e+01
1.315904928495908166e+01
1.530607971465162365e+01
5.753627391751591880e+00
7.569397566060480642e+00
1.354055000514615159e+01
1.431752655671925822e+01
1.167204486311898926e+01
1.413855043925722121e+01
1.518078909665319287e+01
1.161737456321036532e+01
1.325545386523797831e+01
9.027033336764100468e+00
1.286550196516137312e+01
1.543035303761632804e+01
6.863662517577697741e+00
1.058513485680245481e+01
1.798340469329240676e+01
1.567594437773643001e+01
1.076405121554611632e+01
8.884866446580955923e+00
7.898654169668588132e+00
9.965574970333758387e+00
1.058513485680245481e+01
9.965574970333758387e+00
1.496964127403822076e+01
1.241217083805063837e+01
1.266602473693425601e+01
1.707547527140466670e+01
1.547155565579009817e+01
1.122723095552866468e+01
9.373021315815206478e+00
1.281592373849173683e+01
1.335116235624909109e+01
1.028002345391383443e+01
1.815954410458608237e+01
1.296408962885714899e+01
6.383076486422923246e+00
1.099807968464679142e+01
1.296408962885714899e+01
1.466892917224166482e+01
7.735777827895049086e+00
1.501210842680413826e+01
1.418350619798065715e+01
1.204779266504070279e+01
7.225151993843566878e+00
1.236077446474206631e+01
1.513879513212096128e+01
1.339876023397903637e+01
1.220528683538465842e+01
1.431752655671925822e+01
1.009253008808064145e+01
1.776973289316191185e+01
4.652426491681278087e+00
1.363425735166143049e+01
1.696325844612841038e+01
1.431752655671925822e+01
1.225733520300188317e+01
1.543035303761632804e+01
1.178062436274634450e+01
9.236181543108379799e+00
6.180387232371033157e+00
8.812923024107547576e+00
1.178062436274634450e+01
5.527906391541367981e+00
1.028002345391383443e+01
8.136857890256438353e+00
8.136857890256438353e+00
9.507891862878782518e+00
1.315904928495908166e+01
1.311058116710494836e+01
1.178062436274634450e+01
9.901487006738307173e+00
1.377362305878664728e+01
9.965574970333758387e+00
1.505445578434700415e+01
9.965574970333758387e+00
