1.436192209445157708e+01
1.547155565579009817e+01
2.256758334191025117e+00
1.440618081907316395e+01
1.296408962885714899e+01
9.373021315815206478e+00
9.236181543108379799e+00
1.094004191971426110e+01
6.770275002573075795e+00
1.431752655671925822e+01
1.204779266504070279e+01
1.236077446474206631e+01
1.296408962885714899e+01
1.117038385124011413e+01
1.178062436274634450e+01
4.513516668382050234e+00
1.462546558286290477e+01
1.431752655671925822e+01
7.653039857325811823e+00
1.306193320280393344e+01
1.058513485680245481e+01
1.436192209445157708e+01
1.281592373849173683e+01
8.444016491289504600e+00
1.471226436021925466e+01
9.097283682934460103e+00
1.344618962205996482e+01
1.236077446474206631e+01
1.117038385124011413e+01
5.753627391751591880e+00
1.271618740744904485e+01
8.136857890256438353e+00
1.413855043925722121e+01
1.117038385124011413e+01
1.296408962885714899e+01
8.740387444736633427e+00
1.236077446474206631e+01
8.667244841319218907e+00
1.484151074652385738e+01
7.569397566060480642e+00
8.740387444736633427e+00
9.373021315815206478e+00
1.583755632390385770e+01
1.117038385124011413e+01
1.427299292922216978e+01
8.740387444736633427e+00
8.740387444736633427e+00
9.965574970333758387e+00
1.058513485680245481e+01
5.292567428401227403e+00
9.574614729634383536e+00
7.898654169668588132e+00
1.440618081907316395e+01
1.261566261010080048e+01
1.215301555949299761e+01
1.522266721510391640e+01
1.543035303761632804e+01
9.507891862878782518e+00
6.863662517577697741e+00
9.507891862878782518e+00
1.271618740744904485e+01
1.306193320280393344e+01
1.052482020710848865e+01
1.595769121605730767e+01
9.373021315815206478e+00
1.276615297284584649e+01
8.136857890256438353e+00
7.978845608028653835e+00
1.117038385124011413e+01
1.296408962885714899e+01
9.373021315815206478e+00
1.354055000514615159e+01
1.413855043925722121e+01
1.261566261010080048e+01
1.204779266504070279e+01
9.373021315815206478e+00
5.863230142835038627e+00
1.236077446474206631e+01
1.431752655671925822e+01
1.291488987023529766e+01
1.210051848659980855e+01
1.377362305878664728e+01
1.058513485680245481e+01
7.898654169668588132e+00
1.534761596392107741e+01
8.884866446580955923e+00
1.281592373849173683e+01
1.522266721510391640e+01
1.386575534383213970e+01
1.178062436274634450e+01
1.436192209445157708e+01
1.178062436274634450e+01
9.236181543108379799e+00
8.136857890256438353e+00
9.836981518731869656e+00
8.136857890256438353e+00
1.178062436274634450e+01
7.399277020331918919e+00
7.817640190446718762e+00
1.058513485680245481e+01
8.740387444736633427e+00
8.740387444736633427e+00
9.373021315815206478e+00
1.236077446474206631e+01
1.178062436274634450e+01
1.117038385124011413e+01
9.373021315815206478e+00
1.339876023397903637e+01
9.507891862878782518e+00
1.330339418036568588e+01
9.965574970333758387e+00
6.383076486422923246e+00
7.046725639945927711e+00
