1.522266721510391640e+01
1.646815177937675045e+01
1.534761596392107741e+01
1.344618962205996482e+01
9.097283682934460103e+00
7.978845608028653835e+00
1.058513485680245481e+01
1.479855404066383784e+01
1.188821220645068522e+01
1.236077446474206631e+01
1.178062436274634450e+01
1.266602473693425601e+01
1.178062436274634450e+01
1.658371917462410394e+01
1.436192209445157708e+01
1.381976597885341995e+01
1.058513485680245481e+01
1.427299292922216978e+01
1.306193320280393344e+01
1.530607971465162365e+01
6.383076486422923246e+00
7.978845608028653835e+00
1.354055000514615159e+01
1.422831991532699902e+01
1.145179781116143225e+01
1.395727947504383337e+01
1.496964127403822076e+01
1.156244577056221523e+01
1.320733953636073110e+01
9.097283682934460103e+00
1.271618740744904485e+01
1.543035303761632804e+01
4.513516668382050234e+00
7.046725639945927711e+00
1.058513485680245481e+01
1.758969042850511855e+01
1.555363345008750464e+01
1.076405121554611632e+01
9.027033336764100468e+00
8.136857890256438353e+00
9.965574970333758387e+00
1.070474469691662733e+01
9.965574970333758387e+00
1.488434347843123184e+01
1.241217083805063837e+01
1.276615297284584649e+01
1.700074635581867355e+01
1.547155565579009817e+01
1.117038385124011413e+01
9.373021315815206478e+00
1.281592373849173683e+01
1.325545386523797831e+01
1.046415791390898242e+01
1.808929415419343556e+01
1.296408962885714899e+01
7.046725639945927711e+00
1.099807968464679142e+01
1.296408962885714899e+01
1.462546558286290477e+01
8.058239062071395509e+00
1.479855404066383784e+01
1.422831991532699902e+01
1.204779266504070279e+01
7.735777827895049086e+00
1.236077446474206631e+01
1.501210842680413826e+01
1.320733953636073110e+01
1.220528683538465842e+01
1.427299292922216978e+01
1.009253008808064145e+01
1.755346033766304004e+01
5.970821321441846408e+00
1.344618962205996482e+01
1.692568750643268771e+01
1.422831991532699902e+01
1.230916348999737586e+01
1.518078909665319287e+01
1.178062436274634450e+01
9.373021315815206478e+00
6.579524642479540830e+00
8.956231982162769611e+00
1.178062436274634450e+01
6.383076486422923246e+00
1.034176589165282145e+01
8.136857890256438353e+00
8.291859587312051971e+00
9.507891862878782518e+00
1.296408962885714899e+01
1.301310337505149661e+01
1.178062436274634450e+01
9.836981518731869656e+00
1.381976597885341995e+01
9.965574970333758387e+00
1.496964127403822076e+01
9.965574970333758387e+00
