1.518078909665319287e+01
1.635176762293251684e+01
1.530607971465162365e+01
1.330339418036568588e+01
9.236181543108379799e+00
8.444016491289504600e+00
1.070474469691662733e+01
1.475547227809780537e+01
1.188821220645068522e+01
1.236077446474206631e+01
1.178062436274634450e+01
1.276615297284584649e+01
1.178062436274634450e+01
1.603728119216292924e+01
1.436192209445157708e+01
3.385137501286537898e+00
1.368087033328175828e+01
1.058513485680245481e+01
1.427299292922216978e+01
1.296408962885714899e+01
1.513879513212096128e+01
7.046725639945927711e+00
8.136857890256438353e+00
1.354055000514615159e+01
1.368087033328175828e+01
1.117038385124011413e+01
1.372732503515539548e+01
5.046265044040320724e+00
1.484151074652385738e+01
1.150725478350318376e+01
1.315904928495908166e+01
8.956231982162769611e+00
1.261566261010080048e+01
1.538904010394216471e+01
6.076507779746498805e+00
7.399277020331918919e+00
1.040314189572019821e+01
1.714987856615383066e+01
1.538904010394216471e+01
1.082303275961201905e+01
9.027033336764100468e+00
8.136857890256438353e+00
9.965574970333758387e+00
1.070474469691662733e+01
9.901487006738307173e+00
1.488434347843123184e+01
1.241217083805063837e+01
1.276615297284584649e+01
1.685029431422315938e+01
1.547155565579009817e+01
1.076405121554611632e+01
9.373021315815206478e+00
1.276615297284584649e+01
1.325545386523797831e+01
1.046415791390898242e+01
1.780552292517845459e+01
1.296408962885714899e+01
7.484820637019110379e+00
1.088169461344923583e+01
1.296408962885714899e+01
2.985410660720923204e+00
1.422831991532699902e+01
8.444016491289504600e+00
1.453814859003845150e+01
1.418350619798065715e+01
1.204779266504070279e+01
8.291859587312051971e+00
1.236077446474206631e+01
1.479855404066383784e+01
1.296408962885714899e+01
1.220528683538465842e+01
1.413855043925722121e+01
1.015541250385961369e+01
1.726088217525477830e+01
6.955796338302048021e+00
1.325545386523797831e+01
1.681247093473193388e+01
1.413855043925722121e+01
1.236077446474206631e+01
1.496964127403822076e+01
1.178062436274634450e+01
9.304852983362556174e+00
7.046725639945927711e+00
9.166995688475081394e+00
1.178062436274634450e+01
6.955796338302048021e+00
4.068428945128219176e+00
1.034176589165282145e+01
8.519075891779829490e+00
8.291859587312051971e+00
9.373021315815206478e+00
1.296408962885714899e+01
1.276615297284584649e+01
1.178062436274634450e+01
9.836981518731869656e+00
1.391159267660409604e+01
9.965574970333758387e+00
1.488434347843123184e+01
9.965574970333758387e+00
