7.653039857325811823e+00
1.315904928495908166e+01
1.315904928495908166e+01
1.413855043925722121e+01
1.256509862862843541e+01
9.507891862878782518e+00
9.373021315815206478e+00
1.028002345391383443e+01
8.214724333230154940e+00
1.391159267660409604e+01
1.178062436274634450e+01
1.194164264288369282e+01
1.291488987023529766e+01
1.117038385124011413e+01
8.058239062071395509e+00
1.178062436274634450e+01
6.482044814428574497e+00
1.335116235624909109e+01
1.344618962205996482e+01
8.291859587312051971e+00
1.178062436274634450e+01
1.058513485680245481e+01
1.363425735166143049e+01
5.292567428401227403e+00
1.236077446474206631e+01
9.373021315815206478e+00
1.377362305878664728e+01
9.373021315815206478e+00
1.178062436274634450e+01
6.770275002573075795e+00
1.117038385124011413e+01
1.117038385124011413e+01
8.136857890256438353e+00
1.215301555949299761e+01
8.519075891779829490e+00
7.653039857325811823e+00
1.306193320280393344e+01
1.117038385124011413e+01
6.282549314314217703e+00
8.812923024107547576e+00
1.178062436274634450e+01
1.236077446474206631e+01
9.772050238058398008e+00
1.427299292922216978e+01
7.569397566060480642e+00
8.368283871884004910e+00
9.440697438826296306e+00
1.117038385124011413e+01
1.320733953636073110e+01
1.479855404066383784e+01
8.740387444736633427e+00
9.027033336764100468e+00
8.444016491289504600e+00
9.965574970333758387e+00
1.028002345391383443e+01
9.901487006738307173e+00
9.373021315815206478e+00
1.276615297284584649e+01
1.225733520300188317e+01
1.178062436274634450e+01
1.453814859003845150e+01
6.383076486422923246e+00
1.440618081907316395e+01
9.373021315815206478e+00
8.136857890256438353e+00
9.373021315815206478e+00
7.898654169668588132e+00
1.271618740744904485e+01
1.028002345391383443e+01
1.183454054540639433e+01
1.422831991532699902e+01
9.507891862878782518e+00
1.251433034574463399e+01
9.027033336764100468e+00
8.444016491289504600e+00
1.099807968464679142e+01
1.286550196516137312e+01
9.373021315815206478e+00
1.276615297284584649e+01
5.970821321441846408e+00
1.395727947504383337e+01
1.178062436274634450e+01
1.167204486311898926e+01
9.836981518731869656e+00
6.180387232371033157e+00
7.136496464611084889e+00
5.292567428401227403e+00
1.178062436274634450e+01
1.261566261010080048e+01
1.296408962885714899e+01
1.194164264288369282e+01
1.315904928495908166e+01
1.058513485680245481e+01
6.282549314314217703e+00
8.593479713983121826e+00
1.427299292922216978e+01
9.772050238058398008e+00
1.241217083805063837e+01
1.344618962205996482e+01
1.335116235624909109e+01
1.178062436274634450e+01
1.178062436274634450e+01
1.372732503515539548e+01
9.373021315815206478e+00
8.740387444736633427e+00
9.965574970333758387e+00
8.740387444736633427e+00
1.178062436274634450e+01
8.740387444736633427e+00
8.136857890256438353e+00
1.034176589165282145e+01
8.956231982162769611e+00
9.304852983362556174e+00
9.373021315815206478e+00
1.204779266504070279e+01
1.145179781116143225e+01
1.028002345391383443e+01
9.373021315815206478e+00
1.251433034574463399e+01
9.507891862878782518e+00
7.817640190446718762e+00
1.236077446474206631e+01
9.965574970333758387e+00
7.484820637019110379e+00
7.225151993843566878e+00
