8.136857890256438353e+00
1.256509862862843541e+01
1.271618740744904485e+01
1.315904928495908166e+01
2.985410660720923204e+00
1.210051848659980855e+01
5.863230142835038627e+00
3.191538243211461623e+00
9.772050238058398008e+00
9.373021315815206478e+00
9.507891862878782518e+00
8.444016491289504600e+00
1.368087033328175828e+01
1.139607097042601680e+01
1.178062436274634450e+01
1.281592373849173683e+01
1.088169461344923583e+01
8.740387444736633427e+00
1.167204486311898926e+01
7.898654169668588132e+00
1.266602473693425601e+01
1.296408962885714899e+01
8.291859587312051971e+00
1.167204486311898926e+01
1.058513485680245481e+01
6.383076486422923246e+00
1.286550196516137312e+01
1.236077446474206631e+01
9.373021315815206478e+00
1.335116235624909109e+01
9.373021315815206478e+00
5.527906391541367981e+00
4.652426491681278087e+00
1.134007028277388685e+01
8.740387444736633427e+00
7.817640190446718762e+00
1.117038385124011413e+01
1.021790793990058255e+01
1.178062436274634450e+01
8.291859587312051971e+00
8.291859587312051971e+00
1.251433034574463399e+01
1.117038385124011413e+01
6.863662517577697741e+00
8.884866446580955923e+00
1.134007028277388685e+01
1.178062436274634450e+01
9.965574970333758387e+00
1.372732503515539548e+01
7.653039857325811823e+00
8.368283871884004910e+00
8.740387444736633427e+00
1.105581278308273596e+01
1.204779266504070279e+01
1.422831991532699902e+01
9.097283682934460103e+00
9.027033336764100468e+00
8.740387444736633427e+00
4.652426491681278087e+00
9.965574970333758387e+00
6.282549314314217703e+00
5.641895835477562571e+00
9.836981518731869656e+00
9.706684619910241452e+00
9.373021315815206478e+00
5.753627391751591880e+00
1.246335526484300615e+01
1.117038385124011413e+01
1.178062436274634450e+01
7.735777827895049086e+00
9.373021315815206478e+00
8.444016491289504600e+00
1.358748446131948917e+01
1.325545386523797831e+01
9.373021315815206478e+00
8.136857890256438353e+00
1.261566261010080048e+01
9.507891862878782518e+00
1.105581278308273596e+01
1.311058116710494836e+01
9.373021315815206478e+00
4.652426491681278087e+00
1.156244577056221523e+01
8.884866446580955923e+00
8.740387444736633427e+00
1.058513485680245481e+01
1.276615297284584649e+01
6.383076486422923246e+00
9.373021315815206478e+00
1.251433034574463399e+01
7.735777827895049086e+00
6.076507779746498805e+00
1.358748446131948917e+01
1.111324596323282954e+01
1.122723095552866468e+01
9.965574970333758387e+00
7.225151993843566878e+00
7.136496464611084889e+00
7.399277020331918919e+00
1.161737456321036532e+01
1.236077446474206631e+01
1.204779266504070279e+01
1.167204486311898926e+01
1.296408962885714899e+01
1.058513485680245481e+01
7.569397566060480642e+00
8.812923024107547576e+00
1.368087033328175828e+01
9.901487006738307173e+00
1.111324596323282954e+01
5.863230142835038627e+00
1.286550196516137312e+01
1.296408962885714899e+01
1.178062436274634450e+01
1.145179781116143225e+01
1.296408962885714899e+01
9.373021315815206478e+00
8.740387444736633427e+00
9.507891862878782518e+00
9.027033336764100468e+00
1.178062436274634450e+01
4.068428945128219176e+00
8.444016491289504600e+00
8.667244841319218907e+00
9.507891862878782518e+00
8.740387444736633427e+00
9.304852983362556174e+00
9.373021315815206478e+00
6.863662517577697741e+00
1.117038385124011413e+01
1.094004191971426110e+01
3.385137501286537898e+00
9.373021315815206478e+00
6.955796338302048021e+00
9.373021315815206478e+00
1.150725478350318376e+01
8.740387444736633427e+00
8.136857890256438353e+00
5.411516379806009525e+00
1.204779266504070279e+01
9.965574970333758387e+00
8.136857890256438353e+00
8.136857890256438353e+00
