7.569397566060480642e+00
1.325545386523797831e+01
1.427299292922216978e+01
1.325545386523797831e+01
1.266602473693425601e+01
9.373021315815206478e+00
9.373021315815206478e+00
1.028002345391383443e+01
8.136857890256438353e+00
1.395727947504383337e+01
1.178062436274634450e+01
1.204779266504070279e+01
1.296408962885714899e+01
1.117038385124011413e+01
7.978845608028653835e+00
1.178062436274634450e+01
5.753627391751591880e+00
1.363425735166143049e+01
1.381976597885341995e+01
8.136857890256438353e+00
1.210051848659980855e+01
1.058513485680245481e+01
1.372732503515539548e+01
1.256509862862843541e+01
9.027033336764100468e+00
3.568248232305542444e+00
1.381976597885341995e+01
9.373021315815206478e+00
1.210051848659980855e+01
1.128379167095512514e+01
1.117038385124011413e+01
8.136857890256438353e+00
6.383076486422923246e+00
1.220528683538465842e+01
8.136857890256438353e+00
7.312732791431452384e+00
1.325545386523797831e+01
1.117038385124011413e+01
6.180387232371033157e+00
8.740387444736633427e+00
1.178062436274634450e+01
1.236077446474206631e+01
9.706684619910241452e+00
1.427299292922216978e+01
7.484820637019110379e+00
8.368283871884004910e+00
9.440697438826296306e+00
1.117038385124011413e+01
1.335116235624909109e+01
1.484151074652385738e+01
8.740387444736633427e+00
9.027033336764100468e+00
8.136857890256438353e+00
9.965574970333758387e+00
1.034176589165282145e+01
9.901487006738307173e+00
9.373021315815206478e+00
1.256509862862843541e+01
1.276615297284584649e+01
1.178062436274634450e+01
1.479855404066383784e+01
5.863230142835038627e+00
1.462546558286290477e+01
9.373021315815206478e+00
8.136857890256438353e+00
9.373021315815206478e+00
7.312732791431452384e+00
1.271618740744904485e+01
1.046415791390898242e+01
1.194164264288369282e+01
1.453814859003845150e+01
9.373021315815206478e+00
1.251433034574463399e+01
8.884866446580955923e+00
8.368283871884004910e+00
1.111324596323282954e+01
1.296408962885714899e+01
9.507891862878782518e+00
1.296408962885714899e+01
5.527906391541367981e+00
1.404820733880128181e+01
1.178062436274634450e+01
1.167204486311898926e+01
9.836981518731869656e+00
5.753627391751591880e+00
6.955796338302048021e+00
3.568248232305542444e+00
1.210051848659980855e+01
1.266602473693425601e+01
1.311058116710494836e+01
1.194164264288369282e+01
1.330339418036568588e+01
1.058513485680245481e+01
6.076507779746498805e+00
8.444016491289504600e+00
1.427299292922216978e+01
9.373021315815206478e+00
1.246335526484300615e+01
1.377362305878664728e+01
1.349345229721172146e+01
1.178062436274634450e+01
1.178062436274634450e+01
1.372732503515539548e+01
9.373021315815206478e+00
8.740387444736633427e+00
9.965574970333758387e+00
8.740387444736633427e+00
1.178062436274634450e+01
8.593479713983121826e+00
8.136857890256438353e+00
1.058513485680245481e+01
8.740387444736633427e+00
9.027033336764100468e+00
9.373021315815206478e+00
1.215301555949299761e+01
1.156244577056221523e+01
1.040314189572019821e+01
9.373021315815206478e+00
1.271618740744904485e+01
9.440697438826296306e+00
1.246335526484300615e+01
7.484820637019110379e+00
9.965574970333758387e+00
7.484820637019110379e+00
6.863662517577697741e+00
