7.399277020331918919e+00
1.320733953636073110e+01
1.325545386523797831e+01
1.413855043925722121e+01
1.266602473693425601e+01
9.440697438826296306e+00
9.373021315815206478e+00
1.034176589165282145e+01
8.136857890256438353e+00
1.391159267660409604e+01
1.178062436274634450e+01
1.194164264288369282e+01
1.296408962885714899e+01
1.117038385124011413e+01
8.058239062071395509e+00
1.178062436274634450e+01
6.076507779746498805e+00
1.344618962205996482e+01
1.358748446131948917e+01
8.136857890256438353e+00
1.188821220645068522e+01
1.058513485680245481e+01
1.363425735166143049e+01
4.787307364817191768e+00
1.246335526484300615e+01
9.373021315815206478e+00
1.377362305878664728e+01
9.373021315815206478e+00
1.194164264288369282e+01
6.579524642479540830e+00
1.117038385124011413e+01
1.117038385124011413e+01
8.136857890256438353e+00
1.220528683538465842e+01
8.291859587312051971e+00
7.312732791431452384e+00
1.315904928495908166e+01
1.117038385124011413e+01
6.383076486422923246e+00
8.740387444736633427e+00
1.178062436274634450e+01
1.236077446474206631e+01
9.772050238058398008e+00
1.427299292922216978e+01
7.569397566060480642e+00
8.368283871884004910e+00
9.440697438826296306e+00
1.117038385124011413e+01
1.325545386523797831e+01
1.484151074652385738e+01
8.740387444736633427e+00
9.027033336764100468e+00
8.291859587312051971e+00
9.965574970333758387e+00
1.021790793990058255e+01
9.901487006738307173e+00
9.373021315815206478e+00
1.276615297284584649e+01
1.236077446474206631e+01
1.178062436274634450e+01
1.466892917224166482e+01
6.180387232371033157e+00
1.445030398768713376e+01
9.373021315815206478e+00
8.136857890256438353e+00
9.373021315815206478e+00
7.653039857325811823e+00
1.271618740744904485e+01
1.034176589165282145e+01
1.183454054540639433e+01
1.436192209445157708e+01
9.440697438826296306e+00
1.246335526484300615e+01
8.956231982162769611e+00
8.444016491289504600e+00
1.105581278308273596e+01
1.296408962885714899e+01
9.440697438826296306e+00
1.276615297284584649e+01
5.753627391751591880e+00
1.404820733880128181e+01
1.178062436274634450e+01
1.167204486311898926e+01
9.836981518731869656e+00
6.076507779746498805e+00
7.046725639945927711e+00
4.787307364817191768e+00
1.194164264288369282e+01
1.261566261010080048e+01
1.306193320280393344e+01
1.194164264288369282e+01
1.320733953636073110e+01
1.058513485680245481e+01
6.383076486422923246e+00
8.519075891779829490e+00
1.427299292922216978e+01
9.706684619910241452e+00
1.241217083805063837e+01
1.344618962205996482e+01
1.339876023397903637e+01
1.178062436274634450e+01
1.178062436274634450e+01
1.372732503515539548e+01
9.373021315815206478e+00
8.740387444736633427e+00
9.965574970333758387e+00
8.740387444736633427e+00
1.178062436274634450e+01
8.667244841319218907e+00
8.136857890256438353e+00
1.046415791390898242e+01
8.884866446580955923e+00
9.166995688475081394e+00
9.373021315815206478e+00
1.215301555949299761e+01
1.150725478350318376e+01
1.040314189572019821e+01
9.373021315815206478e+00
1.251433034574463399e+01
9.574614729634383536e+00
7.735777827895049086e+00
1.236077446474206631e+01
9.965574970333758387e+00
7.484820637019110379e+00
7.225151993843566878e+00
