1.646815177937675045e+01
8.214724333230154940e+00
1.381976597885341995e+01
1.418350619798065715e+01
1.650676414605009157e+01
1.236077446474206631e+01
1.128379167095512514e+01
7.399277020331918919e+00
1.449429283826230197e+01
1.325545386523797831e+01
1.427299292922216978e+01
1.599753570059363028e+01
1.522266721510391640e+01
1.178062436274634450e+01
1.635176762293251684e+01
1.404820733880128181e+01
1.898227571077954323e+01
1.543035303761632804e+01
7.399277020331918919e+00
2.083685880248485134e+01
9.373021315815206478e+00
1.400281721259029588e+01
9.373021315815206478e+00
9.772050238058398008e+00
1.117038385124011413e+01
1.058513485680245481e+01
8.444016491289504600e+00
9.772050238058398008e+00
1.501210842680413826e+01
9.373021315815206478e+00
9.965574970333758387e+00
9.373021315815206478e+00
1.058513485680245481e+01
6.180387232371033157e+00
9.640875829802336483e+00
5.753627391751591880e+00
1.413855043925722121e+01
7.225151993843566878e+00
1.639065416446577927e+01
9.836981518731869656e+00
1.194164264288369282e+01
1.748077488947326685e+01
6.482044814428574497e+00
9.640875829802336483e+00
9.706684619910241452e+00
1.908262324195121096e+01
1.718695942796624365e+01
1.178062436274634450e+01
1.276615297284584649e+01
1.204779266504070279e+01
7.225151993843566878e+00
7.225151993843566878e+00
1.306193320280393344e+01
1.404820733880128181e+01
1.538904010394216471e+01
1.210051848659980855e+01
8.136857890256438353e+00
1.330339418036568588e+01
1.236077446474206631e+01
1.737117647432762624e+01
1.488434347843123184e+01
1.034176589165282145e+01
1.547155565579009817e+01
1.627371578051287671e+01
1.363425735166143049e+01
1.509668435477122017e+01
1.315904928495908166e+01
1.363425735166143049e+01
5.046265044040320724e+00
1.386575534383213970e+01
1.368087033328175828e+01
1.543035303761632804e+01
1.479855404066383784e+01
5.292567428401227403e+00
1.681247093473193388e+01
1.058513485680245481e+01
1.215301555949299761e+01
1.479855404066383784e+01
6.180387232371033157e+00
1.599753570059363028e+01
1.650676414605009157e+01
1.377362305878664728e+01
1.315904928495908166e+01
9.373021315815206478e+00
1.145179781116143225e+01
1.261566261010080048e+01
1.046415791390898242e+01
1.225733520300188317e+01
1.178062436274634450e+01
1.547155565579009817e+01
1.139607097042601680e+01
6.383076486422923246e+00
1.094004191971426110e+01
3.568248232305542444e+00
1.315904928495908166e+01
