1.505445578434700415e+01
9.965574970333758387e+00
1.315904928495908166e+01
1.575695754970980111e+01
1.372732503515539548e+01
1.236077446474206631e+01
1.150725478350318376e+01
9.304852983362556174e+00
1.381976597885341995e+01
1.311058116710494836e+01
1.386575534383213970e+01
1.579730833933717626e+01
5.970821321441846408e+00
1.479855404066383784e+01
1.178062436274634450e+01
1.358748446131948917e+01
5.970821321441846408e+00
7.225151993843566878e+00
1.296408962885714899e+01
1.733448968263843781e+01
5.170882945826410726e+00
7.484820637019110379e+00
9.236181543108379799e+00
1.422831991532699902e+01
1.977080019204318972e+01
8.740387444736633427e+00
1.266602473693425601e+01
7.046725639945927711e+00
9.373021315815206478e+00
9.965574970333758387e+00
1.117038385124011413e+01
1.064510777218481152e+01
9.373021315815206478e+00
9.965574970333758387e+00
1.236077446474206631e+01
9.373021315815206478e+00
1.040314189572019821e+01
9.373021315815206478e+00
1.058513485680245481e+01
8.136857890256438353e+00
8.740387444736633427e+00
9.373021315815206478e+00
5.046265044040320724e+00
8.740387444736633427e+00
1.339876023397903637e+01
8.740387444736633427e+00
1.466892917224166482e+01
9.373021315815206478e+00
1.611647812414279102e+01
1.117038385124011413e+01
4.652426491681278087e+00
8.291859587312051971e+00
9.965574970333758387e+00
9.901487006738307173e+00
1.418350619798065715e+01
1.707547527140466670e+01
1.178062436274634450e+01
1.296408962885714899e+01
8.740387444736633427e+00
1.215301555949299761e+01
9.373021315815206478e+00
9.236181543108379799e+00
1.276615297284584649e+01
1.377362305878664728e+01
1.513879513212096128e+01
1.215301555949299761e+01
9.373021315815206478e+00
1.335116235624909109e+01
1.220528683538465842e+01
1.571650316319191809e+01
1.462546558286290477e+01
1.058513485680245481e+01
1.543035303761632804e+01
1.501210842680413826e+01
1.358748446131948917e+01
1.431752655671925822e+01
1.306193320280393344e+01
8.740387444736633427e+00
7.817640190446718762e+00
1.246335526484300615e+01
1.386575534383213970e+01
1.281592373849173683e+01
1.513879513212096128e+01
1.462546558286290477e+01
9.097283682934460103e+00
7.484820637019110379e+00
1.607692842495848140e+01
1.058513485680245481e+01
1.178062436274634450e+01
1.381976597885341995e+01
9.097283682934460103e+00
1.513879513212096128e+01
1.436192209445157708e+01
1.386575534383213970e+01
8.368283871884004910e+00
1.311058116710494836e+01
9.373021315815206478e+00
1.145179781116143225e+01
1.261566261010080048e+01
1.058513485680245481e+01
1.225733520300188317e+01
1.178062436274634450e+01
1.377362305878664728e+01
1.145179781116143225e+01
8.956231982162769611e+00
1.111324596323282954e+01
9.166995688475081394e+00
1.215301555949299761e+01
