1.575695754970980111e+01
9.304852983362556174e+00
1.335116235624909109e+01
1.619528777809902209e+01
1.377362305878664728e+01
1.236077446474206631e+01
1.128379167095512514e+01
8.956231982162769611e+00
1.445030398768713376e+01
1.320733953636073110e+01
1.422831991532699902e+01
1.599753570059363028e+01
1.479855404066383784e+01
1.178062436274634450e+01
1.505445578434700415e+01
1.377362305878664728e+01
1.805406667352820094e+01
2.256758334191025117e+00
6.076507779746498805e+00
1.513879513212096128e+01
8.667244841319218907e+00
2.027945691949016549e+01
9.373021315815206478e+00
1.335116235624909109e+01
9.373021315815206478e+00
9.901487006738307173e+00
1.117038385124011413e+01
1.058513485680245481e+01
9.236181543108379799e+00
9.965574970333758387e+00
1.372732503515539548e+01
9.373021315815206478e+00
1.021790793990058255e+01
9.373021315815206478e+00
1.058513485680245481e+01
6.482044814428574497e+00
8.214724333230154940e+00
9.373021315815206478e+00
8.058239062071395509e+00
1.368087033328175828e+01
8.444016491289504600e+00
1.579730833933717626e+01
9.373021315815206478e+00
1.677456227108388731e+01
1.145179781116143225e+01
8.136857890256438353e+00
9.965574970333758387e+00
9.965574970333758387e+00
1.787688803255549530e+01
1.526443044094783019e+01
1.178062436274634450e+01
1.276615297284584649e+01
1.210051848659980855e+01
7.225151993843566878e+00
8.812923024107547576e+00
8.812923024107547576e+00
1.296408962885714899e+01
1.391159267660409604e+01
1.538904010394216471e+01
1.204779266504070279e+01
9.097283682934460103e+00
1.335116235624909109e+01
1.225733520300188317e+01
1.611647812414279102e+01
1.479855404066383784e+01
1.052482020710848865e+01
1.543035303761632804e+01
1.538904010394216471e+01
1.358748446131948917e+01
1.479855404066383784e+01
1.320733953636073110e+01
7.735777827895049086e+00
6.076507779746498805e+00
1.296408962885714899e+01
1.391159267660409604e+01
1.311058116710494836e+01
1.538904010394216471e+01
1.479855404066383784e+01
8.136857890256438353e+00
1.642944866646030988e+01
4.222008245644752300e+00
1.058513485680245481e+01
1.178062436274634450e+01
1.400281721259029588e+01
8.667244841319218907e+00
1.496964127403822076e+01
1.547155565579009817e+01
1.377362305878664728e+01
7.653039857325811823e+00
1.311058116710494836e+01
9.373021315815206478e+00
1.145179781116143225e+01
1.251433034574463399e+01
1.034176589165282145e+01
1.220528683538465842e+01
1.178062436274634450e+01
1.427299292922216978e+01
1.134007028277388685e+01
8.136857890256438353e+00
1.094004191971426110e+01
8.214724333230154940e+00
1.236077446474206631e+01
