1.492705330360461602e+01
9.965574970333758387e+00
1.296408962885714899e+01
1.543035303761632804e+01
1.372732503515539548e+01
1.236077446474206631e+01
1.156244577056221523e+01
9.373021315815206478e+00
1.363425735166143049e+01
1.315904928495908166e+01
1.363425735166143049e+01
1.534761596392107741e+01
7.046725639945927711e+00
1.466892917224166482e+01
5.753627391751591880e+00
1.178062436274634450e+01
1.276615297284584649e+01
7.225151993843566878e+00
7.817640190446718762e+00
1.271618740744904485e+01
1.707547527140466670e+01
6.579524642479540830e+00
3.385137501286537898e+00
8.058239062071395509e+00
9.373021315815206478e+00
1.391159267660409604e+01
1.941336923982048290e+01
8.740387444736633427e+00
1.194164264288369282e+01
7.399277020331918919e+00
9.373021315815206478e+00
9.965574970333758387e+00
1.117038385124011413e+01
1.058513485680245481e+01
9.507891862878782518e+00
9.965574970333758387e+00
3.742410318509555189e+00
1.128379167095512514e+01
9.373021315815206478e+00
1.058513485680245481e+01
9.373021315815206478e+00
1.021790793990058255e+01
8.136857890256438353e+00
8.812923024107547576e+00
6.675581178124545545e+00
9.507891862878782518e+00
8.740387444736633427e+00
1.335116235624909109e+01
8.444016491289504600e+00
1.409345127989185542e+01
9.373021315815206478e+00
1.599753570059363028e+01
1.117038385124011413e+01
6.180387232371033157e+00
4.787307364817191768e+00
8.593479713983121826e+00
9.965574970333758387e+00
9.640875829802336483e+00
1.386575534383213970e+01
1.681247093473193388e+01
1.178062436274634450e+01
1.276615297284584649e+01
9.027033336764100468e+00
1.215301555949299761e+01
9.373021315815206478e+00
9.574614729634383536e+00
1.266602473693425601e+01
1.372732503515539548e+01
1.496964127403822076e+01
1.215301555949299761e+01
9.574614729634383536e+00
1.335116235624909109e+01
1.215301555949299761e+01
1.534761596392107741e+01
1.445030398768713376e+01
1.070474469691662733e+01
1.543035303761632804e+01
1.466892917224166482e+01
1.339876023397903637e+01
1.427299292922216978e+01
1.306193320280393344e+01
2.763953195770683990e+00
9.027033336764100468e+00
8.291859587312051971e+00
1.220528683538465842e+01
1.381976597885341995e+01
1.256509862862843541e+01
1.513879513212096128e+01
1.453814859003845150e+01
9.236181543108379799e+00
8.136857890256438353e+00
1.583755632390385770e+01
1.058513485680245481e+01
1.178062436274634450e+01
1.372732503515539548e+01
9.373021315815206478e+00
1.496964127403822076e+01
1.409345127989185542e+01
1.391159267660409604e+01
8.956231982162769611e+00
1.306193320280393344e+01
9.373021315815206478e+00
1.145179781116143225e+01
1.256509862862843541e+01
1.058513485680245481e+01
1.236077446474206631e+01
1.178062436274634450e+01
1.349345229721172146e+01
1.156244577056221523e+01
9.097283682934460103e+00
1.117038385124011413e+01
9.373021315815206478e+00
1.204779266504070279e+01
