1.501210842680413826e+01
9.965574970333758387e+00
1.301310337505149661e+01
1.559451034962034477e+01
1.372732503515539548e+01
1.236077446474206631e+01
1.156244577056221523e+01
9.373021315815206478e+00
1.372732503515539548e+01
1.320733953636073110e+01
1.368087033328175828e+01
1.563528038089343752e+01
6.675581178124545545e+00
1.475547227809780537e+01
4.918490759365934828e+00
1.178062436274634450e+01
1.320733953636073110e+01
6.955796338302048021e+00
7.569397566060480642e+00
1.286550196516137312e+01
1.718695942796624365e+01
7.898654169668588132e+00
5.863230142835038627e+00
9.373021315815206478e+00
1.409345127989185542e+01
1.964157789116633879e+01
8.740387444736633427e+00
1.256509862862843541e+01
7.399277020331918919e+00
9.373021315815206478e+00
9.965574970333758387e+00
1.117038385124011413e+01
1.058513485680245481e+01
9.373021315815206478e+00
9.965574970333758387e+00
1.183454054540639433e+01
9.373021315815206478e+00
1.058513485680245481e+01
9.373021315815206478e+00
1.046415791390898242e+01
8.136857890256438353e+00
8.740387444736633427e+00
6.180387232371033157e+00
9.373021315815206478e+00
8.740387444736633427e+00
1.335116235624909109e+01
8.444016491289504600e+00
1.436192209445157708e+01
9.373021315815206478e+00
1.603728119216292924e+01
1.117038385124011413e+01
5.970821321441846408e+00
8.444016491289504600e+00
4.222008245644752300e+00
9.965574970333758387e+00
9.574614729634383536e+00
1.391159267660409604e+01
1.700074635581867355e+01
1.178062436274634450e+01
1.281592373849173683e+01
9.027033336764100468e+00
1.215301555949299761e+01
9.373021315815206478e+00
9.574614729634383536e+00
1.276615297284584649e+01
1.377362305878664728e+01
1.505445578434700415e+01
1.215301555949299761e+01
9.373021315815206478e+00
1.335116235624909109e+01
1.215301555949299761e+01
1.559451034962034477e+01
1.449429283826230197e+01
1.058513485680245481e+01
1.543035303761632804e+01
1.488434347843123184e+01
1.354055000514615159e+01
1.427299292922216978e+01
1.311058116710494836e+01
8.884866446580955923e+00
8.214724333230154940e+00
1.236077446474206631e+01
1.386575534383213970e+01
1.266602473693425601e+01
1.513879513212096128e+01
1.462546558286290477e+01
9.236181543108379799e+00
8.136857890256438353e+00
1.595769121605730767e+01
1.058513485680245481e+01
1.178062436274634450e+01
1.381976597885341995e+01
9.236181543108379799e+00
1.501210842680413826e+01
1.427299292922216978e+01
1.386575534383213970e+01
8.884866446580955923e+00
1.311058116710494836e+01
9.373021315815206478e+00
1.145179781116143225e+01
1.261566261010080048e+01
1.058513485680245481e+01
1.230916348999737586e+01
1.178062436274634450e+01
1.368087033328175828e+01
1.156244577056221523e+01
8.956231982162769611e+00
1.117038385124011413e+01
9.373021315815206478e+00
1.210051848659980855e+01
