1.555363345008750464e+01
9.640875829802336483e+00
1.320733953636073110e+01
1.607692842495848140e+01
1.377362305878664728e+01
1.236077446474206631e+01
1.134007028277388685e+01
9.166995688475081394e+00
1.436192209445157708e+01
1.330339418036568588e+01
1.422831991532699902e+01
1.599753570059363028e+01
1.475547227809780537e+01
1.178062436274634450e+01
1.449429283826230197e+01
1.372732503515539548e+01
5.863230142835038627e+00
1.787688803255549530e+01
6.675581178124545545e+00
1.513879513212096128e+01
9.097283682934460103e+00
2.018506017616128290e+01
8.812923024107547576e+00
1.286550196516137312e+01
5.641895835477562571e+00
9.373021315815206478e+00
9.965574970333758387e+00
1.117038385124011413e+01
1.058513485680245481e+01
9.373021315815206478e+00
9.965574970333758387e+00
1.335116235624909109e+01
9.373021315815206478e+00
1.034176589165282145e+01
9.373021315815206478e+00
1.058513485680245481e+01
7.225151993843566878e+00
8.593479713983121826e+00
9.373021315815206478e+00
8.444016491289504600e+00
1.358748446131948917e+01
8.740387444736633427e+00
1.551264883747923129e+01
9.373021315815206478e+00
1.642944866646030988e+01
1.150725478350318376e+01
8.136857890256438353e+00
9.965574970333758387e+00
9.965574970333758387e+00
1.762584604821509515e+01
1.479855404066383784e+01
1.178062436274634450e+01
1.291488987023529766e+01
1.220528683538465842e+01
7.898654169668588132e+00
9.166995688475081394e+00
9.097283682934460103e+00
1.281592373849173683e+01
1.386575534383213970e+01
1.530607971465162365e+01
1.210051848659980855e+01
9.373021315815206478e+00
1.335116235624909109e+01
1.230916348999737586e+01
1.595769121605730767e+01
1.479855404066383784e+01
1.058513485680245481e+01
1.543035303761632804e+01
1.522266721510391640e+01
1.363425735166143049e+01
1.466892917224166482e+01
1.311058116710494836e+01
8.291859587312051971e+00
6.955796338302048021e+00
1.266602473693425601e+01
1.381976597885341995e+01
1.296408962885714899e+01
1.522266721510391640e+01
1.466892917224166482e+01
8.444016491289504600e+00
6.180387232371033157e+00
1.623454913941802857e+01
1.058513485680245481e+01
1.178062436274634450e+01
1.395727947504383337e+01
8.812923024107547576e+00
1.475547227809780537e+01
1.534761596392107741e+01
1.386575534383213970e+01
8.136857890256438353e+00
1.311058116710494836e+01
9.373021315815206478e+00
1.145179781116143225e+01
1.256509862862843541e+01
1.040314189572019821e+01
1.225733520300188317e+01
1.178062436274634450e+01
1.409345127989185542e+01
1.134007028277388685e+01
8.368283871884004910e+00
1.099807968464679142e+01
8.812923024107547576e+00
1.225733520300188317e+01
