1.619528777809902209e+01
8.884866446580955923e+00
1.354055000514615159e+01
1.395727947504383337e+01
1.627371578051287671e+01
1.236077446474206631e+01
1.128379167095512514e+01
8.291859587312051971e+00
1.436192209445157708e+01
1.320733953636073110e+01
1.427299292922216978e+01
1.599753570059363028e+01
1.479855404066383784e+01
1.178062436274634450e+01
1.575695754970980111e+01
1.377362305878664728e+01
1.819456736586892021e+01
1.534761596392107741e+01
8.136857890256438353e+00
2.056004690782766886e+01
9.640875829802336483e+00
1.377362305878664728e+01
9.373021315815206478e+00
9.836981518731869656e+00
1.117038385124011413e+01
1.058513485680245481e+01
8.884866446580955923e+00
9.772050238058398008e+00
1.449429283826230197e+01
9.373021315815206478e+00
1.021790793990058255e+01
9.373021315815206478e+00
1.058513485680245481e+01
4.787307364817191768e+00
8.136857890256438353e+00
9.373021315815206478e+00
7.399277020331918919e+00
1.381976597885341995e+01
8.136857890256438353e+00
1.591774699517169012e+01
9.373021315815206478e+00
1.696325844612841038e+01
1.156244577056221523e+01
7.484820637019110379e+00
9.965574970333758387e+00
9.836981518731869656e+00
1.826441241104166124e+01
1.575695754970980111e+01
1.178062436274634450e+01
1.276615297284584649e+01
1.204779266504070279e+01
5.753627391751591880e+00
8.368283871884004910e+00
8.291859587312051971e+00
1.296408962885714899e+01
1.404820733880128181e+01
1.538904010394216471e+01
1.199483507827737583e+01
8.812923024107547576e+00
1.335116235624909109e+01
1.225733520300188317e+01
1.666031874701878124e+01
1.479855404066383784e+01
1.034176589165282145e+01
1.547155565579009817e+01
1.555363345008750464e+01
1.363425735166143049e+01
1.484151074652385738e+01
1.335116235624909109e+01
7.225151993843566878e+00
1.344618962205996482e+01
3.568248232305542444e+00
1.409345127989185542e+01
1.330339418036568588e+01
1.538904010394216471e+01
1.479855404066383784e+01
7.484820637019110379e+00
1.650676414605009157e+01
1.058513485680245481e+01
1.178062436274634450e+01
1.445030398768713376e+01
8.058239062071395509e+00
1.559451034962034477e+01
1.579730833933717626e+01
1.377362305878664728e+01
6.579524642479540830e+00
1.311058116710494836e+01
9.373021315815206478e+00
1.145179781116143225e+01
1.256509862862843541e+01
1.040314189572019821e+01
1.220528683538465842e+01
1.178062436274634450e+01
1.462546558286290477e+01
1.134007028277388685e+01
8.136857890256438353e+00
1.094004191971426110e+01
7.225151993843566878e+00
1.261566261010080048e+01
