1.534761596392107741e+01
9.901487006738307173e+00
1.325545386523797831e+01
1.599753570059363028e+01
1.377362305878664728e+01
1.236077446474206631e+01
1.145179781116143225e+01
9.236181543108379799e+00
1.409345127989185542e+01
1.315904928495908166e+01
1.404820733880128181e+01
1.583755632390385770e+01
1.479855404066383784e+01
4.787307364817191768e+00
1.178062436274634450e+01
1.372732503515539548e+01
5.046265044040320724e+00
6.955796338302048021e+00
1.296408962885714899e+01
1.748077488947326685e+01
7.225151993843566878e+00
3.385137501286537898e+00
1.453814859003845150e+01
9.236181543108379799e+00
1.989918336044561542e+01
8.740387444736633427e+00
1.271618740744904485e+01
6.675581178124545545e+00
9.373021315815206478e+00
9.965574970333758387e+00
1.117038385124011413e+01
1.070474469691662733e+01
9.373021315815206478e+00
9.965574970333758387e+00
1.266602473693425601e+01
9.373021315815206478e+00
1.040314189572019821e+01
9.373021315815206478e+00
1.058513485680245481e+01
8.136857890256438353e+00
8.812923024107547576e+00
9.373021315815206478e+00
3.568248232305542444e+00
8.740387444736633427e+00
1.349345229721172146e+01
8.740387444736633427e+00
1.501210842680413826e+01
9.373021315815206478e+00
1.619528777809902209e+01
1.111324596323282954e+01
8.136857890256438353e+00
2.523132522020160362e+00
9.965574970333758387e+00
9.965574970333758387e+00
1.733448968263843781e+01
1.445030398768713376e+01
1.178062436274634450e+01
1.296408962885714899e+01
8.667244841319218907e+00
1.220528683538465842e+01
9.373021315815206478e+00
9.236181543108379799e+00
1.276615297284584649e+01
1.381976597885341995e+01
1.513879513212096128e+01
1.210051848659980855e+01
9.373021315815206478e+00
1.335116235624909109e+01
1.225733520300188317e+01
1.587770228520368221e+01
1.462546558286290477e+01
1.058513485680245481e+01
1.543035303761632804e+01
1.509668435477122017e+01
1.363425735166143049e+01
1.440618081907316395e+01
1.311058116710494836e+01
8.667244841319218907e+00
7.484820637019110379e+00
1.251433034574463399e+01
1.386575534383213970e+01
1.281592373849173683e+01
1.518078909665319287e+01
1.462546558286290477e+01
9.097283682934460103e+00
7.136496464611084889e+00
1.607692842495848140e+01
1.058513485680245481e+01
1.178062436274634450e+01
1.381976597885341995e+01
9.027033336764100468e+00
1.458187244392064308e+01
1.530607971465162365e+01
1.386575534383213970e+01
8.368283871884004910e+00
1.311058116710494836e+01
9.373021315815206478e+00
1.145179781116143225e+01
1.261566261010080048e+01
1.052482020710848865e+01
1.225733520300188317e+01
1.178062436274634450e+01
1.386575534383213970e+01
1.139607097042601680e+01
8.956231982162769611e+00
1.105581278308273596e+01
8.884866446580955923e+00
1.215301555949299761e+01
