3.908820095223359381e+00
8.136857890256438353e+00
4.652426491681278087e+00
1.256509862862843541e+01
9.507891862878782518e+00
7.484820637019110379e+00
1.286550196516137312e+01
1.220528683538465842e+01
1.225733520300188317e+01
1.009253008808064145e+01
1.094004191971426110e+01
3.742410318509555189e+00
7.484820637019110379e+00
9.373021315815206478e+00
1.256509862862843541e+01
1.178062436274634450e+01
7.569397566060480642e+00
1.236077446474206631e+01
8.812923024107547576e+00
1.241217083805063837e+01
8.136857890256438353e+00
1.220528683538465842e+01
1.058513485680245481e+01
2.256758334191025117e+00
3.191538243211461623e+00
1.082303275961201905e+01
9.304852983362556174e+00
6.863662517577697741e+00
6.383076486422923246e+00
7.569397566060480642e+00
7.136496464611084889e+00
8.667244841319218907e+00
7.817640190446718762e+00
7.569397566060480642e+00
3.568248232305542444e+00
1.161737456321036532e+01
7.484820637019110379e+00
1.150725478350318376e+01
8.740387444736633427e+00
1.286550196516137312e+01
6.383076486422923246e+00
1.611647812414279102e+01
6.579524642479540830e+00
8.667244841319218907e+00
5.170882945826410726e+00
9.640875829802336483e+00
7.817640190446718762e+00
2.985410660720923204e+00
8.956231982162769611e+00
7.484820637019110379e+00
9.772050238058398008e+00
1.082303275961201905e+01
6.863662517577697741e+00
1.046415791390898242e+01
9.772050238058398008e+00
9.640875829802336483e+00
7.569397566060480642e+00
9.507891862878782518e+00
9.507891862878782518e+00
9.373021315815206478e+00
8.740387444736633427e+00
9.373021315815206478e+00
8.593479713983121826e+00
7.735777827895049086e+00
7.225151993843566878e+00
8.956231982162769611e+00
8.136857890256438353e+00
9.507891862878782518e+00
8.812923024107547576e+00
8.740387444736633427e+00
1.117038385124011413e+01
1.281592373849173683e+01
9.373021315815206478e+00
8.136857890256438353e+00
1.040314189572019821e+01
7.399277020331918919e+00
1.466892917224166482e+01
8.884866446580955923e+00
9.901487006738307173e+00
8.740387444736633427e+00
5.170882945826410726e+00
1.276615297284584649e+01
1.445030398768713376e+01
1.117038385124011413e+01
8.444016491289504600e+00
1.156244577056221523e+01
6.863662517577697741e+00
1.204779266504070279e+01
7.569397566060480642e+00
9.373021315815206478e+00
7.978845608028653835e+00
9.901487006738307173e+00
6.076507779746498805e+00
7.653039857325811823e+00
5.641895835477562571e+00
1.070474469691662733e+01
1.236077446474206631e+01
1.178062436274634450e+01
9.507891862878782518e+00
1.236077446474206631e+01
1.271618740744904485e+01
1.117038385124011413e+01
1.325545386523797831e+01
6.076507779746498805e+00
1.339876023397903637e+01
1.058513485680245481e+01
1.471226436021925466e+01
1.391159267660409604e+01
8.214724333230154940e+00
7.484820637019110379e+00
1.194164264288369282e+01
8.291859587312051971e+00
1.256509862862843541e+01
7.569397566060480642e+00
9.507891862878782518e+00
7.312732791431452384e+00
6.675581178124545545e+00
8.444016491289504600e+00
8.444016491289504600e+00
1.139607097042601680e+01
1.276615297284584649e+01
3.385137501286537898e+00
1.204779266504070279e+01
1.344618962205996482e+01
1.344618962205996482e+01
8.136857890256438353e+00
8.740387444736633427e+00
7.136496464611084889e+00
1.372732503515539548e+01
5.753627391751591880e+00
1.046415791390898242e+01
5.292567428401227403e+00
1.070474469691662733e+01
1.246335526484300615e+01
4.370193722368316713e+00
9.373021315815206478e+00
7.225151993843566878e+00
5.863230142835038627e+00
1.306193320280393344e+01
1.194164264288369282e+01
1.266602473693425601e+01
6.863662517577697741e+00
9.373021315815206478e+00
6.579524642479540830e+00
1.204779266504070279e+01
9.836981518731869656e+00
9.965574970333758387e+00
1.009253008808064145e+01
1.150725478350318376e+01
1.105581278308273596e+01
1.145179781116143225e+01
7.225151993843566878e+00
1.210051848659980855e+01
1.064510777218481152e+01
5.411516379806009525e+00
9.373021315815206478e+00
1.021790793990058255e+01
9.507891862878782518e+00
9.965574970333758387e+00
