1.559451034962034477e+01
9.574614729634383536e+00
1.325545386523797831e+01
1.615593100600235843e+01
1.377362305878664728e+01
1.236077446474206631e+01
1.134007028277388685e+01
9.166995688475081394e+00
1.440618081907316395e+01
1.325545386523797831e+01
1.422831991532699902e+01
1.599753570059363028e+01
1.479855404066383784e+01
1.178062436274634450e+01
1.449429283826230197e+01
1.372732503515539548e+01
5.411516379806009525e+00
1.791246396432553922e+01
6.482044814428574497e+00
1.513879513212096128e+01
8.956231982162769611e+00
2.024804023614933612e+01
9.027033336764100468e+00
1.311058116710494836e+01
4.787307364817191768e+00
9.373021315815206478e+00
9.965574970333758387e+00
1.117038385124011413e+01
1.058513485680245481e+01
9.236181543108379799e+00
9.965574970333758387e+00
1.339876023397903637e+01
9.373021315815206478e+00
1.034176589165282145e+01
9.373021315815206478e+00
1.058513485680245481e+01
7.046725639945927711e+00
8.444016491289504600e+00
9.373021315815206478e+00
8.291859587312051971e+00
1.368087033328175828e+01
8.740387444736633427e+00
1.563528038089343752e+01
9.373021315815206478e+00
1.650676414605009157e+01
1.139607097042601680e+01
8.136857890256438353e+00
9.965574970333758387e+00
9.965574970333758387e+00
1.762584604821509515e+01
1.496964127403822076e+01
1.178062436274634450e+01
1.286550196516137312e+01
1.220528683538465842e+01
7.817640190446718762e+00
9.027033336764100468e+00
9.097283682934460103e+00
1.281592373849173683e+01
1.386575534383213970e+01
1.530607971465162365e+01
1.204779266504070279e+01
9.373021315815206478e+00
1.335116235624909109e+01
1.225733520300188317e+01
1.599753570059363028e+01
1.479855404066383784e+01
1.058513485680245481e+01
1.543035303761632804e+01
1.534761596392107741e+01
1.363425735166143049e+01
1.466892917224166482e+01
1.320733953636073110e+01
8.136857890256438353e+00
6.770275002573075795e+00
1.271618740744904485e+01
1.381976597885341995e+01
1.306193320280393344e+01
1.522266721510391640e+01
1.471226436021925466e+01
8.291859587312051971e+00
1.631278838364701755e+01
5.527906391541367981e+00
1.058513485680245481e+01
1.178062436274634450e+01
1.395727947504383337e+01
8.667244841319218907e+00
1.479855404066383784e+01
1.543035303761632804e+01
1.381976597885341995e+01
8.136857890256438353e+00
1.311058116710494836e+01
9.373021315815206478e+00
1.145179781116143225e+01
1.256509862862843541e+01
1.034176589165282145e+01
1.220528683538465842e+01
1.178062436274634450e+01
1.422831991532699902e+01
1.134007028277388685e+01
8.291859587312051971e+00
1.094004191971426110e+01
8.444016491289504600e+00
1.225733520300188317e+01
