1.475547227809780537e+01
9.965574970333758387e+00
1.296408962885714899e+01
1.505445578434700415e+01
1.363425735166143049e+01
1.236077446474206631e+01
1.122723095552866468e+01
9.373021315815206478e+00
3.385137501286537898e+00
1.344618962205996482e+01
1.301310337505149661e+01
1.349345229721172146e+01
1.513879513212096128e+01
7.225151993843566878e+00
1.458187244392064308e+01
6.383076486422923246e+00
1.178062436274634450e+01
1.236077446474206631e+01
7.484820637019110379e+00
7.978845608028653835e+00
1.266602473693425601e+01
1.685029431422315938e+01
4.918490759365934828e+00
6.770275002573075795e+00
8.136857890256438353e+00
9.373021315815206478e+00
1.358748446131948917e+01
1.898227571077954323e+01
8.740387444736633427e+00
1.178062436274634450e+01
7.569397566060480642e+00
9.373021315815206478e+00
9.965574970333758387e+00
1.117038385124011413e+01
1.058513485680245481e+01
9.507891862878782518e+00
9.965574970333758387e+00
5.170882945826410726e+00
1.088169461344923583e+01
9.373021315815206478e+00
1.046415791390898242e+01
9.507891862878782518e+00
9.901487006738307173e+00
8.136857890256438353e+00
8.884866446580955923e+00
6.863662517577697741e+00
9.507891862878782518e+00
1.344618962205996482e+01
8.740387444736633427e+00
8.444016491289504600e+00
1.391159267660409604e+01
9.373021315815206478e+00
1.591774699517169012e+01
1.117038385124011413e+01
6.675581178124545545e+00
5.527906391541367981e+00
8.740387444736633427e+00
9.965574970333758387e+00
9.373021315815206478e+00
1.377362305878664728e+01
1.669848676668040710e+01
1.178062436274634450e+01
1.276615297284584649e+01
9.097283682934460103e+00
1.215301555949299761e+01
9.373021315815206478e+00
9.640875829802336483e+00
2.256758334191025117e+00
1.261566261010080048e+01
1.372732503515539548e+01
1.215301555949299761e+01
9.640875829802336483e+00
1.453814859003845150e+01
1.335116235624909109e+01
1.204779266504070279e+01
1.496964127403822076e+01
1.427299292922216978e+01
1.070474469691662733e+01
1.543035303761632804e+01
1.453814859003845150e+01
1.325545386523797831e+01
1.311058116710494836e+01
1.427299292922216978e+01
4.513516668382050234e+00
2.985410660720923204e+00
8.291859587312051971e+00
8.519075891779829490e+00
1.204779266504070279e+01
1.377362305878664728e+01
1.246335526484300615e+01
1.513879513212096128e+01
1.453814859003845150e+01
9.304852983362556174e+00
8.136857890256438353e+00
1.583755632390385770e+01
1.064510777218481152e+01
1.178062436274634450e+01
1.368087033328175828e+01
9.373021315815206478e+00
1.496964127403822076e+01
1.404820733880128181e+01
1.395727947504383337e+01
8.956231982162769611e+00
1.306193320280393344e+01
9.574614729634383536e+00
1.139607097042601680e+01
1.236077446474206631e+01
1.058513485680245481e+01
1.225733520300188317e+01
1.178062436274634450e+01
1.330339418036568588e+01
1.156244577056221523e+01
9.166995688475081394e+00
1.117038385124011413e+01
9.373021315815206478e+00
1.204779266504070279e+01
3.908820095223359381e+00
