1.475547227809780537e+01
9.965574970333758387e+00
1.296408962885714899e+01
1.518078909665319287e+01
1.363425735166143049e+01
1.236077446474206631e+01
1.117038385124011413e+01
4.068428945128219176e+00
9.373021315815206478e+00
1.344618962205996482e+01
1.286550196516137312e+01
1.344618962205996482e+01
1.509668435477122017e+01
7.225151993843566878e+00
1.458187244392064308e+01
6.383076486422923246e+00
1.178062436274634450e+01
1.199483507827737583e+01
7.484820637019110379e+00
2.985410660720923204e+00
8.136857890256438353e+00
1.261566261010080048e+01
1.677456227108388731e+01
5.170882945826410726e+00
6.482044814428574497e+00
8.136857890256438353e+00
9.373021315815206478e+00
1.354055000514615159e+01
1.894870844187845549e+01
8.740387444736633427e+00
3.385137501286537898e+00
1.167204486311898926e+01
7.569397566060480642e+00
9.373021315815206478e+00
9.965574970333758387e+00
1.117038385124011413e+01
1.058513485680245481e+01
9.574614729634383536e+00
9.965574970333758387e+00
5.292567428401227403e+00
1.076405121554611632e+01
9.373021315815206478e+00
1.040314189572019821e+01
9.440697438826296306e+00
9.772050238058398008e+00
8.136857890256438353e+00
8.956231982162769611e+00
7.046725639945927711e+00
9.706684619910241452e+00
1.339876023397903637e+01
8.740387444736633427e+00
8.444016491289504600e+00
1.391159267660409604e+01
9.373021315815206478e+00
1.587770228520368221e+01
1.117038385124011413e+01
7.046725639945927711e+00
6.383076486422923246e+00
8.740387444736633427e+00
9.965574970333758387e+00
9.304852983362556174e+00
1.377362305878664728e+01
1.658371917462410394e+01
1.178062436274634450e+01
1.276615297284584649e+01
9.097283682934460103e+00
1.215301555949299761e+01
9.373021315815206478e+00
3.908820095223359381e+00
9.706684619910241452e+00
1.261566261010080048e+01
1.372732503515539548e+01
1.215301555949299761e+01
9.706684619910241452e+00
1.440618081907316395e+01
1.335116235624909109e+01
1.204779266504070279e+01
1.496964127403822076e+01
1.409345127989185542e+01
1.070474469691662733e+01
1.543035303761632804e+01
1.453814859003845150e+01
1.330339418036568588e+01
1.301310337505149661e+01
1.413855043925722121e+01
4.918490759365934828e+00
4.222008245644752300e+00
8.291859587312051971e+00
8.444016491289504600e+00
1.194164264288369282e+01
1.372732503515539548e+01
1.230916348999737586e+01
1.513879513212096128e+01
1.453814859003845150e+01
9.236181543108379799e+00
8.136857890256438353e+00
1.583755632390385770e+01
1.058513485680245481e+01
1.178062436274634450e+01
1.363425735166143049e+01
9.373021315815206478e+00
1.492705330360461602e+01
1.400281721259029588e+01
1.395727947504383337e+01
8.956231982162769611e+00
1.306193320280393344e+01
9.574614729634383536e+00
1.134007028277388685e+01
1.230916348999737586e+01
1.058513485680245481e+01
1.225733520300188317e+01
1.178062436274634450e+01
1.330339418036568588e+01
1.156244577056221523e+01
9.304852983362556174e+00
1.117038385124011413e+01
9.373021315815206478e+00
1.194164264288369282e+01
4.513516668382050234e+00
