1.381976597885341995e+01
9.965574970333758387e+00
1.475547227809780537e+01
1.296408962885714899e+01
1.335116235624909109e+01
5.753627391751591880e+00
1.236077446474206631e+01
1.099807968464679142e+01
5.753627391751591880e+00
9.373021315815206478e+00
1.320733953636073110e+01
1.246335526484300615e+01
1.320733953636073110e+01
4.787307364817191768e+00
8.058239062071395509e+00
1.436192209445157708e+01
7.735777827895049086e+00
1.377362305878664728e+01
1.172646028567007725e+01
1.156244577056221523e+01
8.593479713983121826e+00
6.482044814428574497e+00
8.136857890256438353e+00
6.955796338302048021e+00
1.220528683538465842e+01
7.136496464611084889e+00
1.611647812414279102e+01
8.136857890256438353e+00
9.373021315815206478e+00
1.291488987023529766e+01
1.794796937867891984e+01
5.970821321441846408e+00
8.740387444736633427e+00
1.064510777218481152e+01
7.653039857325811823e+00
9.373021315815206478e+00
9.965574970333758387e+00
5.411516379806009525e+00
1.117038385124011413e+01
2.256758334191025117e+00
1.058513485680245481e+01
9.507891862878782518e+00
9.836981518731869656e+00
6.675581178124545545e+00
1.009253008808064145e+01
9.373021315815206478e+00
9.706684619910241452e+00
9.027033336764100468e+00
9.706684619910241452e+00
8.136857890256438353e+00
5.863230142835038627e+00
3.568248232305542444e+00
9.027033336764100468e+00
7.735777827895049086e+00
9.901487006738307173e+00
8.740387444736633427e+00
8.368283871884004910e+00
1.225733520300188317e+01
1.358748446131948917e+01
9.373021315815206478e+00
7.817640190446718762e+00
1.551264883747923129e+01
1.088169461344923583e+01
6.579524642479540830e+00
8.740387444736633427e+00
9.965574970333758387e+00
8.667244841319218907e+00
1.587770228520368221e+01
1.354055000514615159e+01
1.161737456321036532e+01
1.251433034574463399e+01
9.304852983362556174e+00
1.215301555949299761e+01
5.292567428401227403e+00
9.706684619910241452e+00
6.383076486422923246e+00
9.965574970333758387e+00
1.246335526484300615e+01
1.372732503515539548e+01
1.215301555949299761e+01
9.901487006738307173e+00
1.311058116710494836e+01
1.377362305878664728e+01
1.194164264288369282e+01
1.427299292922216978e+01
1.381976597885341995e+01
1.058513485680245481e+01
1.522266721510391640e+01
1.445030398768713376e+01
1.296408962885714899e+01
3.385137501286537898e+00
1.256509862862843541e+01
1.395727947504383337e+01
6.955796338302048021e+00
6.482044814428574497e+00
5.970821321441846408e+00
8.214724333230154940e+00
8.291859587312051971e+00
1.178062436274634450e+01
1.349345229721172146e+01
1.225733520300188317e+01
1.475547227809780537e+01
1.440618081907316395e+01
9.373021315815206478e+00
8.058239062071395509e+00
1.571650316319191809e+01
5.970821321441846408e+00
1.058513485680245481e+01
1.178062436274634450e+01
1.330339418036568588e+01
9.373021315815206478e+00
1.422831991532699902e+01
1.335116235624909109e+01
1.386575534383213970e+01
9.373021315815206478e+00
1.306193320280393344e+01
9.772050238058398008e+00
1.070474469691662733e+01
1.230916348999737586e+01
1.052482020710848865e+01
1.225733520300188317e+01
1.178062436274634450e+01
5.046265044040320724e+00
1.296408962885714899e+01
1.145179781116143225e+01
9.373021315815206478e+00
1.117038385124011413e+01
9.373021315815206478e+00
1.099807968464679142e+01
6.482044814428574497e+00
