1.603728119216292924e+01
9.166995688475081394e+00
1.335116235624909109e+01
1.386575534383213970e+01
1.627371578051287671e+01
1.236077446474206631e+01
1.128379167095512514e+01
8.812923024107547576e+00
1.436192209445157708e+01
1.320733953636073110e+01
1.427299292922216978e+01
1.599753570059363028e+01
1.479855404066383784e+01
1.178062436274634450e+01
1.555363345008750464e+01
1.377362305878664728e+01
1.812445316531431061e+01
1.526443044094783019e+01
5.170882945826410726e+00
8.444016491289504600e+00
9.772050238058398008e+00
2.043581587980116510e+01
1.372732503515539548e+01
9.373021315815206478e+00
9.836981518731869656e+00
1.117038385124011413e+01
1.058513485680245481e+01
9.097283682934460103e+00
9.901487006738307173e+00
1.422831991532699902e+01
9.373021315815206478e+00
1.021790793990058255e+01
9.373021315815206478e+00
1.058513485680245481e+01
6.076507779746498805e+00
8.136857890256438353e+00
9.373021315815206478e+00
7.898654169668588132e+00
1.368087033328175828e+01
8.291859587312051971e+00
1.583755632390385770e+01
9.373021315815206478e+00
1.685029431422315938e+01
1.150725478350318376e+01
7.817640190446718762e+00
9.965574970333758387e+00
9.901487006738307173e+00
1.559451034962034477e+01
1.798340469329240676e+01
1.178062436274634450e+01
1.276615297284584649e+01
1.204779266504070279e+01
6.675581178124545545e+00
8.812923024107547576e+00
8.593479713983121826e+00
1.296408962885714899e+01
1.400281721259029588e+01
1.538904010394216471e+01
1.199483507827737583e+01
9.027033336764100468e+00
1.335116235624909109e+01
1.225733520300188317e+01
1.635176762293251684e+01
1.479855404066383784e+01
1.034176589165282145e+01
1.547155565579009817e+01
1.543035303761632804e+01
1.358748446131948917e+01
1.484151074652385738e+01
1.335116235624909109e+01
7.484820637019110379e+00
1.325545386523797831e+01
5.046265044040320724e+00
1.404820733880128181e+01
1.320733953636073110e+01
1.538904010394216471e+01
1.479855404066383784e+01
8.058239062071395509e+00
1.646815177937675045e+01
1.058513485680245481e+01
1.178062436274634450e+01
1.413855043925722121e+01
8.519075891779829490e+00
1.534761596392107741e+01
1.563528038089343752e+01
1.377362305878664728e+01
7.225151993843566878e+00
1.311058116710494836e+01
9.373021315815206478e+00
1.145179781116143225e+01
1.256509862862843541e+01
1.040314189572019821e+01
1.220528683538465842e+01
1.178062436274634450e+01
1.436192209445157708e+01
1.134007028277388685e+01
8.136857890256438353e+00
1.094004191971426110e+01
7.653039857325811823e+00
1.251433034574463399e+01
