1.301310337505149661e+01
8.291859587312051971e+00
9.507891862878782518e+00
1.296408962885714899e+01
7.225151993843566878e+00
1.306193320280393344e+01
1.225733520300188317e+01
1.070474469691662733e+01
1.167204486311898926e+01
7.225151993843566878e+00
9.373021315815206478e+00
1.291488987023529766e+01
1.178062436274634450e+01
7.225151993843566878e+00
1.271618740744904485e+01
8.593479713983121826e+00
1.330339418036568588e+01
8.136857890256438353e+00
1.306193320280393344e+01
1.145179781116143225e+01
1.111324596323282954e+01
9.236181543108379799e+00
5.641895835477562571e+00
5.170882945826410726e+00
7.484820637019110379e+00
8.444016491289504600e+00
1.555363345008750464e+01
7.136496464611084889e+00
7.569397566060480642e+00
1.178062436274634450e+01
8.291859587312051971e+00
1.199483507827737583e+01
8.884866446580955923e+00
5.292567428401227403e+00
1.669848676668040710e+01
6.383076486422923246e+00
8.740387444736633427e+00
9.901487006738307173e+00
7.735777827895049086e+00
9.166995688475081394e+00
9.965574970333758387e+00
6.955796338302048021e+00
1.099807968464679142e+01
6.383076486422923246e+00
1.058513485680245481e+01
9.640875829802336483e+00
9.640875829802336483e+00
7.484820637019110379e+00
9.507891862878782518e+00
9.440697438826296306e+00
9.373021315815206478e+00
8.884866446580955923e+00
9.507891862878782518e+00
8.136857890256438353e+00
7.136496464611084889e+00
6.675581178124545545e+00
9.027033336764100468e+00
8.136857890256438353e+00
9.706684619910241452e+00
8.740387444736633427e+00
8.593479713983121826e+00
1.156244577056221523e+01
1.296408962885714899e+01
9.373021315815206478e+00
8.136857890256438353e+00
1.046415791390898242e+01
7.312732791431452384e+00
1.492705330360461602e+01
9.027033336764100468e+00
9.965574970333758387e+00
8.740387444736633427e+00
1.306193320280393344e+01
1.509668435477122017e+01
1.117038385124011413e+01
8.884866446580955923e+00
1.188821220645068522e+01
1.215301555949299761e+01
6.863662517577697741e+00
5.753627391751591880e+00
9.507891862878782518e+00
7.484820637019110379e+00
9.965574970333758387e+00
4.068428945128219176e+00
6.863662517577697741e+00
1.161737456321036532e+01
1.266602473693425601e+01
1.188821220645068522e+01
9.507891862878782518e+00
1.261566261010080048e+01
1.311058116710494836e+01
1.183454054540639433e+01
1.363425735166143049e+01
3.385137501286537898e+00
1.354055000514615159e+01
1.058513485680245481e+01
1.479855404066383784e+01
1.418350619798065715e+01
6.863662517577697741e+00
1.256509862862843541e+01
1.225733520300188317e+01
7.978845608028653835e+00
1.311058116710494836e+01
7.312732791431452384e+00
6.863662517577697741e+00
8.368283871884004910e+00
5.411516379806009525e+00
8.444016491289504600e+00
1.161737456321036532e+01
1.296408962885714899e+01
1.220528683538465842e+01
1.377362305878664728e+01
1.386575534383213970e+01
8.136857890256438353e+00
9.097283682934460103e+00
7.046725639945927711e+00
1.488434347843123184e+01
3.191538243211461623e+00
1.058513485680245481e+01
1.117038385124011413e+01
1.301310337505149661e+01
9.373021315815206478e+00
6.383076486422923246e+00
3.568248232305542444e+00
1.330339418036568588e+01
1.261566261010080048e+01
1.339876023397903637e+01
5.170882945826410726e+00
9.373021315815206478e+00
4.918490759365934828e+00
1.225733520300188317e+01
9.836981518731869656e+00
1.021790793990058255e+01
1.015541250385961369e+01
1.178062436274634450e+01
1.128379167095512514e+01
1.156244577056221523e+01
7.225151993843566878e+00
1.236077446474206631e+01
1.111324596323282954e+01
9.373021315815206478e+00
1.088169461344923583e+01
9.507891862878782518e+00
1.052482020710848865e+01
4.787307364817191768e+00
