1.358748446131948917e+01
1.466892917224166482e+01
1.009253008808064145e+01
1.296408962885714899e+01
1.330339418036568588e+01
6.076507779746498805e+00
1.236077446474206631e+01
1.099807968464679142e+01
6.383076486422923246e+00
9.373021315815206478e+00
1.311058116710494836e+01
1.241217083805063837e+01
5.641895835477562571e+00
1.311058116710494836e+01
8.136857890256438353e+00
1.418350619798065715e+01
7.978845608028653835e+00
1.368087033328175828e+01
1.161737456321036532e+01
1.134007028277388685e+01
8.740387444736633427e+00
6.863662517577697741e+00
8.214724333230154940e+00
7.225151993843566878e+00
1.215301555949299761e+01
7.312732791431452384e+00
1.599753570059363028e+01
8.136857890256438353e+00
9.507891862878782518e+00
1.261566261010080048e+01
1.766192765414112031e+01
6.180387232371033157e+00
8.812923024107547576e+00
1.021790793990058255e+01
7.653039857325811823e+00
9.373021315815206478e+00
9.965574970333758387e+00
5.753627391751591880e+00
1.117038385124011413e+01
4.370193722368316713e+00
1.058513485680245481e+01
9.507891862878782518e+00
9.706684619910241452e+00
7.046725639945927711e+00
9.901487006738307173e+00
9.373021315815206478e+00
9.574614729634383536e+00
9.027033336764100468e+00
9.640875829802336483e+00
8.136857890256438353e+00
6.383076486422923246e+00
4.787307364817191768e+00
9.027033336764100468e+00
7.898654169668588132e+00
9.901487006738307173e+00
8.740387444736633427e+00
8.519075891779829490e+00
1.204779266504070279e+01
1.344618962205996482e+01
9.373021315815206478e+00
7.898654169668588132e+00
1.070474469691662733e+01
6.863662517577697741e+00
1.518078909665319287e+01
8.740387444736633427e+00
9.965574970333758387e+00
8.740387444736633427e+00
1.335116235624909109e+01
1.575695754970980111e+01
1.145179781116143225e+01
9.373021315815206478e+00
1.210051848659980855e+01
1.236077446474206631e+01
6.076507779746498805e+00
9.640875829802336483e+00
6.383076486422923246e+00
9.965574970333758387e+00
1.236077446474206631e+01
4.222008245644752300e+00
1.320733953636073110e+01
1.215301555949299761e+01
9.836981518731869656e+00
1.296408962885714899e+01
1.363425735166143049e+01
1.183454054540639433e+01
1.413855043925722121e+01
1.381976597885341995e+01
1.058513485680245481e+01
1.496964127403822076e+01
1.436192209445157708e+01
5.170882945826410726e+00
1.266602473693425601e+01
1.246335526484300615e+01
1.391159267660409604e+01
7.046725639945927711e+00
6.675581178124545545e+00
6.180387232371033157e+00
8.444016491289504600e+00
8.291859587312051971e+00
1.178062436274634450e+01
1.339876023397903637e+01
1.225733520300188317e+01
1.436192209445157708e+01
1.427299292922216978e+01
9.373021315815206478e+00
7.978845608028653835e+00
1.563528038089343752e+01
6.180387232371033157e+00
1.058513485680245481e+01
1.178062436274634450e+01
1.325545386523797831e+01
9.373021315815206478e+00
3.568248232305542444e+00
1.413855043925722121e+01
1.325545386523797831e+01
1.372732503515539548e+01
9.373021315815206478e+00
1.291488987023529766e+01
9.772050238058398008e+00
1.070474469691662733e+01
1.236077446474206631e+01
1.040314189572019821e+01
1.220528683538465842e+01
1.178062436274634450e+01
5.753627391751591880e+00
1.296408962885714899e+01
1.139607097042601680e+01
9.373021315815206478e+00
1.105581278308273596e+01
9.373021315815206478e+00
1.070474469691662733e+01
6.863662517577697741e+00
