1.395727947504383337e+01
9.965574970333758387e+00
1.296408962885714899e+01
1.471226436021925466e+01
1.335116235624909109e+01
4.513516668382050234e+00
1.236077446474206631e+01
1.111324596323282954e+01
5.411516379806009525e+00
9.373021315815206478e+00
1.325545386523797831e+01
1.271618740744904485e+01
1.330339418036568588e+01
7.312732791431452384e+00
1.458187244392064308e+01
7.569397566060480642e+00
1.440618081907316395e+01
1.178062436274634450e+01
1.178062436274634450e+01
8.291859587312051971e+00
5.753627391751591880e+00
8.136857890256438353e+00
6.282549314314217703e+00
1.225733520300188317e+01
6.579524642479540830e+00
1.642944866646030988e+01
8.136857890256438353e+00
9.373021315815206478e+00
1.315904928495908166e+01
1.840330728156092377e+01
5.527906391541367981e+00
8.740387444736633427e+00
1.111324596323282954e+01
7.569397566060480642e+00
9.373021315815206478e+00
9.965574970333758387e+00
3.385137501286537898e+00
1.117038385124011413e+01
1.058513485680245481e+01
9.507891862878782518e+00
9.965574970333758387e+00
6.180387232371033157e+00
1.021790793990058255e+01
9.373021315815206478e+00
1.021790793990058255e+01
9.097283682934460103e+00
9.772050238058398008e+00
8.136857890256438353e+00
5.170882945826410726e+00
9.236181543108379799e+00
7.312732791431452384e+00
9.901487006738307173e+00
8.740387444736633427e+00
1.281592373849173683e+01
8.368283871884004910e+00
1.368087033328175828e+01
9.373021315815206478e+00
1.575695754970980111e+01
1.094004191971426110e+01
7.225151993843566878e+00
6.383076486422923246e+00
8.740387444736633427e+00
9.965574970333758387e+00
8.593479713983121826e+00
1.619528777809902209e+01
1.354055000514615159e+01
1.167204486311898926e+01
1.266602473693425601e+01
9.236181543108379799e+00
1.215301555949299761e+01
4.787307364817191768e+00
9.507891862878782518e+00
5.641895835477562571e+00
9.901487006738307173e+00
1.251433034574463399e+01
1.363425735166143049e+01
1.215301555949299761e+01
9.836981518731869656e+00
1.335116235624909109e+01
1.377362305878664728e+01
1.199483507827737583e+01
1.449429283826230197e+01
1.381976597885341995e+01
1.058513485680245481e+01
1.538904010394216471e+01
1.445030398768713376e+01
1.320733953636073110e+01
1.281592373849173683e+01
1.404820733880128181e+01
5.753627391751591880e+00
5.753627391751591880e+00
4.787307364817191768e+00
8.291859587312051971e+00
8.291859587312051971e+00
1.178062436274634450e+01
1.358748446131948917e+01
1.225733520300188317e+01
1.484151074652385738e+01
1.458187244392064308e+01
9.373021315815206478e+00
7.817640190446718762e+00
1.583755632390385770e+01
5.046265044040320724e+00
1.058513485680245481e+01
1.178062436274634450e+01
1.344618962205996482e+01
9.373021315815206478e+00
1.453814859003845150e+01
1.377362305878664728e+01
1.404820733880128181e+01
9.166995688475081394e+00
1.306193320280393344e+01
9.772050238058398008e+00
1.122723095552866468e+01
1.230916348999737586e+01
1.058513485680245481e+01
1.225733520300188317e+01
1.178062436274634450e+01
1.315904928495908166e+01
1.156244577056221523e+01
9.373021315815206478e+00
1.117038385124011413e+01
9.373021315815206478e+00
1.139607097042601680e+01
6.076507779746498805e+00
