1.635176762293251684e+01
8.593479713983121826e+00
1.377362305878664728e+01
1.404820733880128181e+01
1.650676414605009157e+01
1.236077446474206631e+01
1.128379167095512514e+01
7.978845608028653835e+00
1.440618081907316395e+01
1.320733953636073110e+01
1.427299292922216978e+01
1.599753570059363028e+01
1.513879513212096128e+01
1.178062436274634450e+01
1.619528777809902209e+01
1.391159267660409604e+01
1.867799869518773193e+01
1.543035303761632804e+01
7.978845608028653835e+00
2.074499858087450122e+01
9.373021315815206478e+00
1.400281721259029588e+01
9.373021315815206478e+00
9.965574970333758387e+00
1.117038385124011413e+01
1.058513485680245481e+01
8.740387444736633427e+00
9.640875829802336483e+00
1.488434347843123184e+01
9.373021315815206478e+00
9.901487006738307173e+00
9.373021315815206478e+00
1.058513485680245481e+01
7.225151993843566878e+00
9.373021315815206478e+00
6.863662517577697741e+00
1.400281721259029588e+01
7.484820637019110379e+00
1.623454913941802857e+01
9.965574970333758387e+00
1.178062436274634450e+01
1.711271735549580697e+01
7.225151993843566878e+00
9.772050238058398008e+00
9.706684619910241452e+00
1.867799869518773193e+01
1.688803298257900920e+01
1.178062436274634450e+01
1.276615297284584649e+01
1.199483507827737583e+01
7.735777827895049086e+00
7.484820637019110379e+00
1.311058116710494836e+01
1.404820733880128181e+01
1.538904010394216471e+01
1.199483507827737583e+01
8.444016491289504600e+00
1.335116235624909109e+01
1.225733520300188317e+01
1.711271735549580697e+01
1.484151074652385738e+01
1.034176589165282145e+01
1.547155565579009817e+01
1.611647812414279102e+01
1.363425735166143049e+01
1.505445578434700415e+01
1.335116235624909109e+01
1.358748446131948917e+01
6.282549314314217703e+00
1.400281721259029588e+01
1.354055000514615159e+01
1.538904010394216471e+01
1.479855404066383784e+01
6.383076486422923246e+00
1.662206308517478703e+01
1.058513485680245481e+01
1.204779266504070279e+01
1.471226436021925466e+01
6.955796338302048021e+00
1.583755632390385770e+01
1.615593100600235843e+01
1.377362305878664728e+01
5.292567428401227403e+00
1.311058116710494836e+01
9.373021315815206478e+00
1.145179781116143225e+01
1.256509862862843541e+01
1.040314189572019821e+01
1.220528683538465842e+01
1.178062436274634450e+01
1.501210842680413826e+01
1.134007028277388685e+01
6.955796338302048021e+00
1.094004191971426110e+01
5.863230142835038627e+00
1.271618740744904485e+01
