4.370193722368316713e+00
5.170882945826410726e+00
8.136857890256438353e+00
1.246335526484300615e+01
9.507891862878782518e+00
7.484820637019110379e+00
1.276615297284584649e+01
1.215301555949299761e+01
1.220528683538465842e+01
1.009253008808064145e+01
1.082303275961201905e+01
4.918490759365934828e+00
7.484820637019110379e+00
9.373021315815206478e+00
1.241217083805063837e+01
1.178062436274634450e+01
7.569397566060480642e+00
1.236077446474206631e+01
8.519075891779829490e+00
1.210051848659980855e+01
8.136857890256438353e+00
1.172646028567007725e+01
1.058513485680245481e+01
3.908820095223359381e+00
4.370193722368316713e+00
1.070474469691662733e+01
9.304852983362556174e+00
6.863662517577697741e+00
6.482044814428574497e+00
7.569397566060480642e+00
7.312732791431452384e+00
8.740387444736633427e+00
7.817640190446718762e+00
7.569397566060480642e+00
4.222008245644752300e+00
1.150725478350318376e+01
7.399277020331918919e+00
1.139607097042601680e+01
8.740387444736633427e+00
1.276615297284584649e+01
6.482044814428574497e+00
1.571650316319191809e+01
6.770275002573075795e+00
8.444016491289504600e+00
5.292567428401227403e+00
9.574614729634383536e+00
4.068428945128219176e+00
7.817640190446718762e+00
8.812923024107547576e+00
7.484820637019110379e+00
9.772050238058398008e+00
1.070474469691662733e+01
6.863662517577697741e+00
1.034176589165282145e+01
9.901487006738307173e+00
9.640875829802336483e+00
7.569397566060480642e+00
9.373021315815206478e+00
9.304852983362556174e+00
9.373021315815206478e+00
8.740387444736633427e+00
9.373021315815206478e+00
8.593479713983121826e+00
7.898654169668588132e+00
7.312732791431452384e+00
8.956231982162769611e+00
8.136857890256438353e+00
9.373021315815206478e+00
8.884866446580955923e+00
8.740387444736633427e+00
1.117038385124011413e+01
1.276615297284584649e+01
9.373021315815206478e+00
8.136857890256438353e+00
1.034176589165282145e+01
7.399277020331918919e+00
1.458187244392064308e+01
8.884866446580955923e+00
9.901487006738307173e+00
8.740387444736633427e+00
5.641895835477562571e+00
1.271618740744904485e+01
1.427299292922216978e+01
1.117038385124011413e+01
8.444016491289504600e+00
1.145179781116143225e+01
6.863662517577697741e+00
1.204779266504070279e+01
7.569397566060480642e+00
9.166995688475081394e+00
8.214724333230154940e+00
9.574614729634383536e+00
6.282549314314217703e+00
7.817640190446718762e+00
2.763953195770683990e+00
5.753627391751591880e+00
1.070474469691662733e+01
1.236077446474206631e+01
1.167204486311898926e+01
9.507891862878782518e+00
1.225733520300188317e+01
1.271618740744904485e+01
1.117038385124011413e+01
1.301310337505149661e+01
6.383076486422923246e+00
1.320733953636073110e+01
1.058513485680245481e+01
1.466892917224166482e+01
1.386575534383213970e+01
8.136857890256438353e+00
7.653039857325811823e+00
1.188821220645068522e+01
8.444016491289504600e+00
1.256509862862843541e+01
7.569397566060480642e+00
9.507891862878782518e+00
7.312732791431452384e+00
6.863662517577697741e+00
8.444016491289504600e+00
8.444016491289504600e+00
1.122723095552866468e+01
1.271618740744904485e+01
3.742410318509555189e+00
1.204779266504070279e+01
1.344618962205996482e+01
1.320733953636073110e+01
8.136857890256438353e+00
8.740387444736633427e+00
7.136496464611084889e+00
1.358748446131948917e+01
6.076507779746498805e+00
1.046415791390898242e+01
5.863230142835038627e+00
1.070474469691662733e+01
1.236077446474206631e+01
4.918490759365934828e+00
9.373021315815206478e+00
7.399277020331918919e+00
6.076507779746498805e+00
1.291488987023529766e+01
1.178062436274634450e+01
6.863662517577697741e+00
1.246335526484300615e+01
9.373021315815206478e+00
6.675581178124545545e+00
1.199483507827737583e+01
9.836981518731869656e+00
9.965574970333758387e+00
1.021790793990058255e+01
1.139607097042601680e+01
1.099807968464679142e+01
1.134007028277388685e+01
7.569397566060480642e+00
1.204779266504070279e+01
1.058513485680245481e+01
5.753627391751591880e+00
9.373021315815206478e+00
1.015541250385961369e+01
9.574614729634383536e+00
9.965574970333758387e+00
