1.372732503515539548e+01
1.009253008808064145e+01
1.466892917224166482e+01
1.296408962885714899e+01
1.330339418036568588e+01
5.753627391751591880e+00
1.236077446474206631e+01
1.111324596323282954e+01
5.863230142835038627e+00
9.373021315815206478e+00
1.315904928495908166e+01
1.246335526484300615e+01
1.311058116710494836e+01
5.292567428401227403e+00
8.136857890256438353e+00
1.436192209445157708e+01
7.898654169668588132e+00
1.377362305878664728e+01
1.167204486311898926e+01
1.150725478350318376e+01
8.593479713983121826e+00
6.770275002573075795e+00
8.136857890256438353e+00
7.136496464611084889e+00
1.215301555949299761e+01
7.225151993843566878e+00
1.607692842495848140e+01
8.136857890256438353e+00
9.373021315815206478e+00
1.266602473693425601e+01
1.776973289316191185e+01
6.180387232371033157e+00
8.740387444736633427e+00
1.034176589165282145e+01
7.653039857325811823e+00
9.373021315815206478e+00
9.965574970333758387e+00
5.753627391751591880e+00
1.117038385124011413e+01
3.908820095223359381e+00
1.058513485680245481e+01
9.507891862878782518e+00
9.836981518731869656e+00
7.046725639945927711e+00
9.965574970333758387e+00
9.373021315815206478e+00
9.640875829802336483e+00
9.027033336764100468e+00
9.640875829802336483e+00
8.136857890256438353e+00
6.383076486422923246e+00
4.222008245644752300e+00
9.027033336764100468e+00
7.735777827895049086e+00
9.901487006738307173e+00
8.740387444736633427e+00
8.368283871884004910e+00
1.220528683538465842e+01
1.349345229721172146e+01
9.373021315815206478e+00
7.817640190446718762e+00
1.543035303761632804e+01
1.076405121554611632e+01
6.770275002573075795e+00
8.740387444736633427e+00
9.965574970333758387e+00
8.667244841319218907e+00
1.339876023397903637e+01
1.575695754970980111e+01
1.156244577056221523e+01
1.246335526484300615e+01
9.373021315815206478e+00
1.210051848659980855e+01
5.863230142835038627e+00
9.640875829802336483e+00
6.383076486422923246e+00
9.965574970333758387e+00
1.246335526484300615e+01
1.330339418036568588e+01
2.985410660720923204e+00
1.215301555949299761e+01
9.901487006738307173e+00
1.296408962885714899e+01
1.363425735166143049e+01
1.194164264288369282e+01
1.422831991532699902e+01
1.381976597885341995e+01
1.058513485680245481e+01
1.505445578434700415e+01
1.436192209445157708e+01
1.276615297284584649e+01
4.652426491681278087e+00
1.246335526484300615e+01
1.395727947504383337e+01
6.955796338302048021e+00
6.579524642479540830e+00
6.180387232371033157e+00
8.368283871884004910e+00
8.291859587312051971e+00
1.178062436274634450e+01
1.339876023397903637e+01
1.225733520300188317e+01
1.436192209445157708e+01
1.427299292922216978e+01
9.373021315815206478e+00
8.058239062071395509e+00
1.563528038089343752e+01
6.180387232371033157e+00
1.058513485680245481e+01
1.178062436274634450e+01
1.325545386523797831e+01
9.373021315815206478e+00
1.418350619798065715e+01
1.954410047611679691e+00
1.330339418036568588e+01
1.372732503515539548e+01
9.373021315815206478e+00
1.296408962885714899e+01
9.772050238058398008e+00
1.070474469691662733e+01
1.236077446474206631e+01
1.046415791390898242e+01
1.220528683538465842e+01
1.178062436274634450e+01
5.753627391751591880e+00
1.296408962885714899e+01
1.145179781116143225e+01
9.373021315815206478e+00
1.111324596323282954e+01
9.373021315815206478e+00
1.082303275961201905e+01
6.675581178124545545e+00
