1.623454913941802857e+01
8.812923024107547576e+00
1.363425735166143049e+01
1.400281721259029588e+01
1.627371578051287671e+01
1.236077446474206631e+01
1.128379167095512514e+01
8.214724333230154940e+00
1.436192209445157708e+01
1.320733953636073110e+01
1.427299292922216978e+01
1.599753570059363028e+01
1.492705330360461602e+01
1.178062436274634450e+01
1.599753570059363028e+01
1.386575534383213970e+01
1.826441241104166124e+01
1.534761596392107741e+01
8.136857890256438353e+00
2.059098755273309322e+01
9.574614729634383536e+00
1.377362305878664728e+01
9.373021315815206478e+00
9.836981518731869656e+00
1.117038385124011413e+01
1.058513485680245481e+01
8.884866446580955923e+00
9.772050238058398008e+00
1.462546558286290477e+01
9.373021315815206478e+00
1.021790793990058255e+01
9.373021315815206478e+00
1.058513485680245481e+01
4.222008245644752300e+00
7.978845608028653835e+00
9.373021315815206478e+00
7.399277020331918919e+00
1.381976597885341995e+01
8.136857890256438353e+00
1.599753570059363028e+01
9.440697438826296306e+00
1.696325844612841038e+01
1.156244577056221523e+01
7.225151993843566878e+00
9.901487006738307173e+00
9.772050238058398008e+00
1.829923496393627147e+01
1.595769121605730767e+01
1.178062436274634450e+01
1.276615297284584649e+01
1.204779266504070279e+01
5.753627391751591880e+00
8.214724333230154940e+00
8.214724333230154940e+00
1.296408962885714899e+01
1.404820733880128181e+01
1.538904010394216471e+01
1.199483507827737583e+01
8.740387444736633427e+00
1.335116235624909109e+01
1.225733520300188317e+01
1.669848676668040710e+01
1.479855404066383784e+01
1.034176589165282145e+01
1.547155565579009817e+01
1.579730833933717626e+01
1.363425735166143049e+01
1.488434347843123184e+01
1.335116235624909109e+01
7.225151993843566878e+00
1.339876023397903637e+01
1.409345127989185542e+01
1.330339418036568588e+01
1.538904010394216471e+01
1.479855404066383784e+01
7.399277020331918919e+00
1.650676414605009157e+01
1.058513485680245481e+01
1.178062436274634450e+01
1.445030398768713376e+01
7.817640190446718762e+00
1.559451034962034477e+01
1.587770228520368221e+01
1.377362305878664728e+01
6.482044814428574497e+00
1.311058116710494836e+01
9.373021315815206478e+00
1.145179781116143225e+01
1.256509862862843541e+01
1.040314189572019821e+01
1.220528683538465842e+01
1.178062436274634450e+01
1.484151074652385738e+01
1.134007028277388685e+01
7.898654169668588132e+00
1.094004191971426110e+01
7.136496464611084889e+00
1.266602473693425601e+01
