1.440618081907316395e+01
9.965574970333758387e+00
1.296408962885714899e+01
1.505445578434700415e+01
1.344618962205996482e+01
1.236077446474206631e+01
2.985410660720923204e+00
1.111324596323282954e+01
5.170882945826410726e+00
9.373021315815206478e+00
1.335116235624909109e+01
1.276615297284584649e+01
1.335116235624909109e+01
1.484151074652385738e+01
7.484820637019110379e+00
1.453814859003845150e+01
6.770275002573075795e+00
1.178062436274634450e+01
1.178062436274634450e+01
8.058239062071395509e+00
4.513516668382050234e+00
8.136857890256438353e+00
6.076507779746498805e+00
1.246335526484300615e+01
1.654528640181426269e+01
6.383076486422923246e+00
8.136857890256438353e+00
9.373021315815206478e+00
1.330339418036568588e+01
1.857546544836034741e+01
8.740387444736633427e+00
4.787307364817191768e+00
1.161737456321036532e+01
7.569397566060480642e+00
9.373021315815206478e+00
9.965574970333758387e+00
1.117038385124011413e+01
1.058513485680245481e+01
9.640875829802336483e+00
9.965574970333758387e+00
5.970821321441846408e+00
1.040314189572019821e+01
9.373021315815206478e+00
1.028002345391383443e+01
9.304852983362556174e+00
9.772050238058398008e+00
8.136857890256438353e+00
3.385137501286537898e+00
9.027033336764100468e+00
7.225151993843566878e+00
9.836981518731869656e+00
8.740387444736633427e+00
1.301310337505149661e+01
8.444016491289504600e+00
1.386575534383213970e+01
9.373021315815206478e+00
1.579730833933717626e+01
1.111324596323282954e+01
7.225151993843566878e+00
6.383076486422923246e+00
8.740387444736633427e+00
9.965574970333758387e+00
8.956231982162769611e+00
1.368087033328175828e+01
1.635176762293251684e+01
1.178062436274634450e+01
1.266602473693425601e+01
9.097283682934460103e+00
1.215301555949299761e+01
2.985410660720923204e+00
9.373021315815206478e+00
4.787307364817191768e+00
9.836981518731869656e+00
1.256509862862843541e+01
1.372732503515539548e+01
1.215301555949299761e+01
9.772050238058398008e+00
1.404820733880128181e+01
1.335116235624909109e+01
1.204779266504070279e+01
1.475547227809780537e+01
1.381976597885341995e+01
1.058513485680245481e+01
1.547155565579009817e+01
1.453814859003845150e+01
1.325545386523797831e+01
1.281592373849173683e+01
1.409345127989185542e+01
5.753627391751591880e+00
5.046265044040320724e+00
4.222008245644752300e+00
8.291859587312051971e+00
8.291859587312051971e+00
1.178062436274634450e+01
1.363425735166143049e+01
1.225733520300188317e+01
1.496964127403822076e+01
1.453814859003845150e+01
9.373021315815206478e+00
7.817640190446718762e+00
1.583755632390385770e+01
4.222008245644752300e+00
1.058513485680245481e+01
1.178062436274634450e+01
1.349345229721172146e+01
9.373021315815206478e+00
1.475547227809780537e+01
1.386575534383213970e+01
1.404820733880128181e+01
9.097283682934460103e+00
1.311058116710494836e+01
9.772050238058398008e+00
1.134007028277388685e+01
1.230916348999737586e+01
1.058513485680245481e+01
1.225733520300188317e+01
1.178062436274634450e+01
1.325545386523797831e+01
1.156244577056221523e+01
9.373021315815206478e+00
1.117038385124011413e+01
9.373021315815206478e+00
1.188821220645068522e+01
5.292567428401227403e+00
