1.543035303761632804e+01
9.836981518731869656e+00
1.325545386523797831e+01
1.607692842495848140e+01
1.372732503515539548e+01
1.236077446474206631e+01
1.139607097042601680e+01
9.236181543108379799e+00
1.413855043925722121e+01
1.315904928495908166e+01
1.413855043925722121e+01
1.587770228520368221e+01
1.479855404066383784e+01
4.370193722368316713e+00
1.178062436274634450e+01
1.395727947504383337e+01
4.513516668382050234e+00
1.325545386523797831e+01
6.863662517577697741e+00
1.758969042850511855e+01
7.225151993843566878e+00
1.492705330360461602e+01
9.097283682934460103e+00
1.996306533331256716e+01
8.740387444736633427e+00
1.276615297284584649e+01
6.383076486422923246e+00
9.373021315815206478e+00
9.965574970333758387e+00
1.117038385124011413e+01
1.070474469691662733e+01
9.373021315815206478e+00
9.965574970333758387e+00
1.301310337505149661e+01
9.373021315815206478e+00
1.034176589165282145e+01
9.373021315815206478e+00
1.058513485680245481e+01
7.898654169668588132e+00
8.884866446580955923e+00
9.373021315815206478e+00
8.740387444736633427e+00
1.358748446131948917e+01
8.740387444736633427e+00
1.518078909665319287e+01
9.373021315815206478e+00
1.619528777809902209e+01
1.139607097042601680e+01
8.136857890256438353e+00
1.009253008808064145e+01
9.965574970333758387e+00
1.740778594902202769e+01
1.449429283826230197e+01
1.178062436274634450e+01
1.296408962885714899e+01
8.593479713983121826e+00
1.220528683538465842e+01
9.373021315815206478e+00
9.236181543108379799e+00
1.276615297284584649e+01
1.381976597885341995e+01
1.518078909665319287e+01
1.210051848659980855e+01
9.373021315815206478e+00
1.335116235624909109e+01
1.225733520300188317e+01
1.587770228520368221e+01
1.462546558286290477e+01
1.058513485680245481e+01
1.543035303761632804e+01
1.513879513212096128e+01
1.363425735166143049e+01
1.440618081907316395e+01
1.311058116710494836e+01
8.519075891779829490e+00
7.484820637019110379e+00
1.256509862862843541e+01
1.381976597885341995e+01
1.296408962885714899e+01
1.522266721510391640e+01
1.462546558286290477e+01
9.027033336764100468e+00
6.863662517577697741e+00
1.607692842495848140e+01
1.058513485680245481e+01
1.178062436274634450e+01
1.381976597885341995e+01
9.027033336764100468e+00
1.458187244392064308e+01
1.534761596392107741e+01
1.386575534383213970e+01
8.291859587312051971e+00
1.311058116710494836e+01
9.373021315815206478e+00
1.145179781116143225e+01
1.261566261010080048e+01
1.046415791390898242e+01
1.225733520300188317e+01
1.178062436274634450e+01
1.386575534383213970e+01
1.139607097042601680e+01
8.956231982162769611e+00
1.105581278308273596e+01
8.812923024107547576e+00
1.215301555949299761e+01
