1.271618740744904485e+01
8.136857890256438353e+00
3.191538243211461623e+00
9.507891862878782518e+00
1.296408962885714899e+01
7.225151993843566878e+00
1.261566261010080048e+01
1.225733520300188317e+01
1.046415791390898242e+01
1.128379167095512514e+01
7.225151993843566878e+00
9.373021315815206478e+00
1.266602473693425601e+01
1.178062436274634450e+01
7.569397566060480642e+00
1.261566261010080048e+01
8.740387444736633427e+00
1.281592373849173683e+01
8.136857890256438353e+00
1.286550196516137312e+01
1.122723095552866468e+01
1.094004191971426110e+01
9.304852983362556174e+00
6.383076486422923246e+00
6.383076486422923246e+00
7.312732791431452384e+00
1.518078909665319287e+01
8.740387444736633427e+00
7.653039857325811823e+00
7.399277020331918919e+00
1.178062436274634450e+01
7.978845608028653835e+00
1.178062436274634450e+01
8.740387444736633427e+00
6.383076486422923246e+00
1.607692842495848140e+01
6.675581178124545545e+00
8.884866446580955923e+00
4.918490759365934828e+00
9.772050238058398008e+00
7.735777827895049086e+00
8.956231982162769611e+00
7.136496464611084889e+00
9.836981518731869656e+00
1.088169461344923583e+01
6.282549314314217703e+00
1.058513485680245481e+01
9.640875829802336483e+00
9.640875829802336483e+00
7.484820637019110379e+00
9.507891862878782518e+00
9.574614729634383536e+00
9.373021315815206478e+00
8.740387444736633427e+00
9.507891862878782518e+00
8.593479713983121826e+00
7.399277020331918919e+00
7.046725639945927711e+00
8.956231982162769611e+00
8.136857890256438353e+00
9.640875829802336483e+00
8.740387444736633427e+00
8.740387444736633427e+00
1.122723095552866468e+01
1.296408962885714899e+01
9.373021315815206478e+00
8.136857890256438353e+00
1.040314189572019821e+01
7.569397566060480642e+00
1.479855404066383784e+01
9.027033336764100468e+00
9.901487006738307173e+00
8.740387444736633427e+00
1.276615297284584649e+01
1.466892917224166482e+01
4.222008245644752300e+00
1.117038385124011413e+01
8.519075891779829490e+00
1.161737456321036532e+01
6.482044814428574497e+00
1.215301555949299761e+01
7.046725639945927711e+00
9.373021315815206478e+00
7.817640190446718762e+00
9.836981518731869656e+00
5.046265044040320724e+00
7.484820637019110379e+00
1.111324596323282954e+01
4.513516668382050234e+00
1.236077446474206631e+01
1.188821220645068522e+01
9.507891862878782518e+00
1.241217083805063837e+01
1.296408962885714899e+01
1.150725478350318376e+01
1.330339418036568588e+01
5.753627391751591880e+00
1.354055000514615159e+01
1.058513485680245481e+01
1.475547227809780537e+01
1.404820733880128181e+01
1.246335526484300615e+01
7.225151993843566878e+00
1.215301555949299761e+01
8.136857890256438353e+00
1.266602473693425601e+01
7.399277020331918919e+00
7.399277020331918919e+00
8.368283871884004910e+00
6.383076486422923246e+00
8.444016491289504600e+00
1.150725478350318376e+01
1.276615297284584649e+01
1.210051848659980855e+01
1.368087033328175828e+01
1.354055000514615159e+01
8.136857890256438353e+00
8.884866446580955923e+00
7.046725639945927711e+00
1.418350619798065715e+01
5.292567428401227403e+00
1.046415791390898242e+01
5.170882945826410726e+00
1.070474469691662733e+01
1.251433034574463399e+01
1.128379167095512559e+00
9.373021315815206478e+00
6.863662517577697741e+00
5.292567428401227403e+00
1.315904928495908166e+01
1.230916348999737586e+01
1.301310337505149661e+01
5.863230142835038627e+00
9.373021315815206478e+00
5.753627391751591880e+00
1.210051848659980855e+01
9.836981518731869656e+00
1.002925341359354938e+01
1.009253008808064145e+01
1.156244577056221523e+01
1.117038385124011413e+01
1.150725478350318376e+01
7.225151993843566878e+00
1.220528683538465842e+01
1.082303275961201905e+01
4.513516668382050234e+00
9.373021315815206478e+00
1.040314189572019821e+01
9.507891862878782518e+00
1.009253008808064145e+01
