1.646815177937675045e+01
7.978845608028653835e+00
1.391159267660409604e+01
1.418350619798065715e+01
1.650676414605009157e+01
1.236077446474206631e+01
1.128379167095512514e+01
7.225151993843566878e+00
1.458187244392064308e+01
1.325545386523797831e+01
1.427299292922216978e+01
1.599753570059363028e+01
1.522266721510391640e+01
1.188821220645068522e+01
1.635176762293251684e+01
1.409345127989185542e+01
1.904923279949933956e+01
1.543035303761632804e+01
7.312732791431452384e+00
2.083685880248485134e+01
9.373021315815206478e+00
1.400281721259029588e+01
9.373021315815206478e+00
9.772050238058398008e+00
1.117038385124011413e+01
1.058513485680245481e+01
8.368283871884004910e+00
9.574614729634383536e+00
1.501210842680413826e+01
9.373021315815206478e+00
9.965574970333758387e+00
9.373021315815206478e+00
1.058513485680245481e+01
6.076507779746498805e+00
9.706684619910241452e+00
5.753627391751591880e+00
1.409345127989185542e+01
7.225151993843566878e+00
1.646815177937675045e+01
9.836981518731869656e+00
1.194164264288369282e+01
1.755346033766304004e+01
6.076507779746498805e+00
9.640875829802336483e+00
9.706684619910241452e+00
1.928175165960467297e+01
1.729772508200899850e+01
1.178062436274634450e+01
1.271618740744904485e+01
1.204779266504070279e+01
7.046725639945927711e+00
7.225151993843566878e+00
1.306193320280393344e+01
1.404820733880128181e+01
1.538904010394216471e+01
1.204779266504070279e+01
8.136857890256438353e+00
1.330339418036568588e+01
1.241217083805063837e+01
1.740778594902202769e+01
1.488434347843123184e+01
1.034176589165282145e+01
1.547155565579009817e+01
1.627371578051287671e+01
1.363425735166143049e+01
1.522266721510391640e+01
1.315904928495908166e+01
1.368087033328175828e+01
4.787307364817191768e+00
1.381976597885341995e+01
1.377362305878664728e+01
1.543035303761632804e+01
1.479855404066383784e+01
4.787307364817191768e+00
1.692568750643268771e+01
1.058513485680245481e+01
1.220528683538465842e+01
1.484151074652385738e+01
5.970821321441846408e+00
1.611647812414279102e+01
1.650676414605009157e+01
1.377362305878664728e+01
1.315904928495908166e+01
9.507891862878782518e+00
1.145179781116143225e+01
1.261566261010080048e+01
1.058513485680245481e+01
1.225733520300188317e+01
1.178062436274634450e+01
1.579730833933717626e+01
1.145179781116143225e+01
5.753627391751591880e+00
1.094004191971426110e+01
1.325545386523797831e+01
