1.462546558286290477e+01
9.965574970333758387e+00
1.296408962885714899e+01
1.518078909665319287e+01
1.354055000514615159e+01
1.236077446474206631e+01
1.117038385124011413e+01
4.918490759365934828e+00
9.373021315815206478e+00
1.339876023397903637e+01
1.281592373849173683e+01
1.339876023397903637e+01
1.492705330360461602e+01
7.399277020331918919e+00
1.453814859003845150e+01
6.675581178124545545e+00
1.178062436274634450e+01
1.183454054540639433e+01
7.653039857325811823e+00
4.222008245644752300e+00
8.136857890256438353e+00
1.256509862862843541e+01
1.669848676668040710e+01
5.641895835477562571e+00
6.383076486422923246e+00
8.136857890256438353e+00
9.373021315815206478e+00
1.344618962205996482e+01
1.874604263163041296e+01
8.740387444736633427e+00
4.222008245644752300e+00
1.161737456321036532e+01
7.569397566060480642e+00
9.373021315815206478e+00
9.965574970333758387e+00
1.117038385124011413e+01
1.058513485680245481e+01
9.640875829802336483e+00
9.965574970333758387e+00
5.641895835477562571e+00
1.064510777218481152e+01
9.373021315815206478e+00
1.034176589165282145e+01
9.373021315815206478e+00
9.772050238058398008e+00
8.136857890256438353e+00
8.956231982162769611e+00
7.225151993843566878e+00
9.772050238058398008e+00
8.740387444736633427e+00
1.325545386523797831e+01
8.444016491289504600e+00
1.386575534383213970e+01
9.373021315815206478e+00
1.583755632390385770e+01
1.117038385124011413e+01
7.136496464611084889e+00
6.383076486422923246e+00
8.740387444736633427e+00
9.965574970333758387e+00
9.236181543108379799e+00
1.377362305878664728e+01
1.650676414605009157e+01
1.178062436274634450e+01
1.266602473693425601e+01
9.097283682934460103e+00
1.215301555949299761e+01
9.373021315815206478e+00
4.370193722368316713e+00
9.706684619910241452e+00
1.256509862862843541e+01
1.372732503515539548e+01
1.215301555949299761e+01
9.706684619910241452e+00
1.427299292922216978e+01
1.335116235624909109e+01
1.204779266504070279e+01
1.488434347843123184e+01
1.391159267660409604e+01
1.070474469691662733e+01
1.543035303761632804e+01
1.453814859003845150e+01
1.325545386523797831e+01
1.296408962885714899e+01
1.409345127989185542e+01
5.527906391541367981e+00
4.652426491681278087e+00
2.763953195770683990e+00
8.291859587312051971e+00
8.368283871884004910e+00
1.178062436274634450e+01
1.372732503515539548e+01
1.230916348999737586e+01
1.496964127403822076e+01
1.453814859003845150e+01
9.373021315815206478e+00
7.817640190446718762e+00
1.583755632390385770e+01
2.985410660720923204e+00
1.058513485680245481e+01
1.178062436274634450e+01
1.354055000514615159e+01
9.373021315815206478e+00
1.479855404066383784e+01
1.391159267660409604e+01
1.400281721259029588e+01
9.027033336764100468e+00
1.311058116710494836e+01
9.772050238058398008e+00
1.134007028277388685e+01
1.230916348999737586e+01
1.058513485680245481e+01
1.225733520300188317e+01
1.178062436274634450e+01
1.325545386523797831e+01
1.156244577056221523e+01
9.373021315815206478e+00
1.117038385124011413e+01
9.373021315815206478e+00
1.188821220645068522e+01
4.513516668382050234e+00
