1.642944866646030988e+01
8.593479713983121826e+00
1.381976597885341995e+01
1.409345127989185542e+01
1.650676414605009157e+01
1.236077446474206631e+01
1.128379167095512514e+01
7.898654169668588132e+00
1.440618081907316395e+01
1.320733953636073110e+01
1.427299292922216978e+01
1.599753570059363028e+01
1.513879513212096128e+01
1.178062436274634450e+01
1.619528777809902209e+01
1.391159267660409604e+01
1.881384047546846006e+01
1.543035303761632804e+01
7.817640190446718762e+00
2.074499858087450122e+01
9.373021315815206478e+00
1.400281721259029588e+01
9.373021315815206478e+00
9.836981518731869656e+00
1.117038385124011413e+01
1.058513485680245481e+01
8.740387444736633427e+00
9.640875829802336483e+00
1.488434347843123184e+01
9.373021315815206478e+00
9.965574970333758387e+00
9.373021315815206478e+00
1.058513485680245481e+01
7.136496464611084889e+00
9.373021315815206478e+00
6.675581178124545545e+00
1.404820733880128181e+01
7.484820637019110379e+00
1.627371578051287671e+01
9.965574970333758387e+00
1.183454054540639433e+01
1.722396045987370883e+01
7.136496464611084889e+00
9.706684619910241452e+00
9.706684619910241452e+00
1.874604263163041296e+01
1.707547527140466670e+01
1.178062436274634450e+01
1.276615297284584649e+01
1.199483507827737583e+01
7.569397566060480642e+00
7.484820637019110379e+00
1.311058116710494836e+01
1.404820733880128181e+01
1.538904010394216471e+01
1.199483507827737583e+01
8.444016491289504600e+00
1.335116235624909109e+01
1.225733520300188317e+01
1.714987856615383066e+01
1.484151074652385738e+01
1.034176589165282145e+01
1.547155565579009817e+01
1.611647812414279102e+01
1.363425735166143049e+01
1.505445578434700415e+01
1.335116235624909109e+01
1.358748446131948917e+01
6.180387232371033157e+00
1.386575534383213970e+01
1.363425735166143049e+01
1.538904010394216471e+01
1.479855404066383784e+01
6.383076486422923246e+00
1.662206308517478703e+01
1.058513485680245481e+01
1.204779266504070279e+01
1.475547227809780537e+01
6.955796338302048021e+00
1.587770228520368221e+01
1.631278838364701755e+01
1.377362305878664728e+01
4.918490759365934828e+00
1.315904928495908166e+01
9.373021315815206478e+00
1.145179781116143225e+01
1.261566261010080048e+01
1.040314189572019821e+01
1.220528683538465842e+01
1.178062436274634450e+01
1.518078909665319287e+01
1.134007028277388685e+01
6.955796338302048021e+00
1.094004191971426110e+01
5.292567428401227403e+00
1.281592373849173683e+01
