1.635176762293251684e+01
8.740387444736633427e+00
1.368087033328175828e+01
1.400281721259029588e+01
1.639065416446577927e+01
1.236077446474206631e+01
1.128379167095512514e+01
8.291859587312051971e+00
1.440618081907316395e+01
1.320733953636073110e+01
1.427299292922216978e+01
1.599753570059363028e+01
1.501210842680413826e+01
1.178062436274634450e+01
1.611647812414279102e+01
1.391159267660409604e+01
1.857546544836034741e+01
1.534761596392107741e+01
8.136857890256438353e+00
2.074499858087450122e+01
9.373021315815206478e+00
1.400281721259029588e+01
9.373021315815206478e+00
9.901487006738307173e+00
1.117038385124011413e+01
1.058513485680245481e+01
8.740387444736633427e+00
9.640875829802336483e+00
1.484151074652385738e+01
9.373021315815206478e+00
1.002925341359354938e+01
9.373021315815206478e+00
1.058513485680245481e+01
7.484820637019110379e+00
9.373021315815206478e+00
6.863662517577697741e+00
1.386575534383213970e+01
7.569397566060480642e+00
1.599753570059363028e+01
9.901487006738307173e+00
1.707547527140466670e+01
1.167204486311898926e+01
7.225151993843566878e+00
9.836981518731869656e+00
9.706684619910241452e+00
1.854116169711310036e+01
1.631278838364701755e+01
1.178062436274634450e+01
1.276615297284584649e+01
1.199483507827737583e+01
3.908820095223359381e+00
7.978845608028653835e+00
7.735777827895049086e+00
1.311058116710494836e+01
1.404820733880128181e+01
1.538904010394216471e+01
1.199483507827737583e+01
8.667244841319218907e+00
1.335116235624909109e+01
1.225733520300188317e+01
1.692568750643268771e+01
1.479855404066383784e+01
1.034176589165282145e+01
1.547155565579009817e+01
1.603728119216292924e+01
1.363425735166143049e+01
1.492705330360461602e+01
1.335116235624909109e+01
7.046725639945927711e+00
1.358748446131948917e+01
1.404820733880128181e+01
1.354055000514615159e+01
1.538904010394216471e+01
1.479855404066383784e+01
6.770275002573075795e+00
1.654528640181426269e+01
1.058513485680245481e+01
1.194164264288369282e+01
1.466892917224166482e+01
7.484820637019110379e+00
1.575695754970980111e+01
1.603728119216292924e+01
1.377362305878664728e+01
5.753627391751591880e+00
1.311058116710494836e+01
9.373021315815206478e+00
1.145179781116143225e+01
1.256509862862843541e+01
1.040314189572019821e+01
1.220528683538465842e+01
1.178062436274634450e+01
1.488434347843123184e+01
1.134007028277388685e+01
7.484820637019110379e+00
1.094004191971426110e+01
6.282549314314217703e+00
1.266602473693425601e+01
