1.505445578434700415e+01
9.965574970333758387e+00
1.315904928495908166e+01
1.567594437773643001e+01
1.372732503515539548e+01
1.236077446474206631e+01
1.150725478350318376e+01
9.373021315815206478e+00
1.372732503515539548e+01
1.311058116710494836e+01
1.372732503515539548e+01
1.571650316319191809e+01
6.180387232371033157e+00
1.479855404066383784e+01
1.178062436274634450e+01
3.385137501286537898e+00
1.354055000514615159e+01
6.076507779746498805e+00
7.225151993843566878e+00
1.286550196516137312e+01
1.726088217525477830e+01
5.170882945826410726e+00
7.653039857325811823e+00
9.236181543108379799e+00
1.422831991532699902e+01
1.977080019204318972e+01
8.740387444736633427e+00
1.266602473693425601e+01
7.136496464611084889e+00
9.373021315815206478e+00
9.965574970333758387e+00
1.117038385124011413e+01
1.064510777218481152e+01
9.373021315815206478e+00
9.965574970333758387e+00
1.215301555949299761e+01
9.373021315815206478e+00
1.046415791390898242e+01
9.373021315815206478e+00
1.058513485680245481e+01
8.136857890256438353e+00
8.740387444736633427e+00
5.527906391541367981e+00
9.373021315815206478e+00
8.740387444736633427e+00
1.335116235624909109e+01
8.667244841319218907e+00
1.449429283826230197e+01
9.373021315815206478e+00
1.607692842495848140e+01
1.117038385124011413e+01
4.918490759365934828e+00
8.444016491289504600e+00
9.965574970333758387e+00
9.836981518731869656e+00
1.409345127989185542e+01
1.707547527140466670e+01
1.178062436274634450e+01
1.296408962885714899e+01
8.740387444736633427e+00
1.215301555949299761e+01
9.373021315815206478e+00
9.304852983362556174e+00
1.276615297284584649e+01
1.377362305878664728e+01
1.513879513212096128e+01
1.215301555949299761e+01
9.373021315815206478e+00
1.335116235624909109e+01
1.220528683538465842e+01
1.567594437773643001e+01
1.458187244392064308e+01
1.058513485680245481e+01
1.543035303761632804e+01
1.496964127403822076e+01
1.358748446131948917e+01
1.431752655671925822e+01
1.306193320280393344e+01
8.740387444736633427e+00
7.978845608028653835e+00
1.246335526484300615e+01
1.386575534383213970e+01
1.286550196516137312e+01
1.513879513212096128e+01
1.462546558286290477e+01
9.166995688475081394e+00
7.817640190446718762e+00
1.607692842495848140e+01
1.058513485680245481e+01
1.178062436274634450e+01
1.381976597885341995e+01
9.097283682934460103e+00
1.509668435477122017e+01
1.436192209445157708e+01
1.386575534383213970e+01
8.519075891779829490e+00
1.311058116710494836e+01
9.373021315815206478e+00
1.145179781116143225e+01
1.261566261010080048e+01
1.058513485680245481e+01
1.225733520300188317e+01
1.178062436274634450e+01
1.368087033328175828e+01
1.150725478350318376e+01
8.956231982162769611e+00
1.117038385124011413e+01
9.373021315815206478e+00
1.210051848659980855e+01
