1.571650316319191809e+01
9.373021315815206478e+00
1.335116235624909109e+01
1.619528777809902209e+01
1.377362305878664728e+01
1.236077446474206631e+01
1.128379167095512514e+01
8.956231982162769611e+00
1.445030398768713376e+01
1.320733953636073110e+01
1.422831991532699902e+01
1.599753570059363028e+01
1.479855404066383784e+01
1.178062436274634450e+01
1.501210842680413826e+01
1.372732503515539548e+01
1.805406667352820094e+01
3.908820095223359381e+00
6.076507779746498805e+00
1.513879513212096128e+01
8.812923024107547576e+00
2.024804023614933612e+01
9.373021315815206478e+00
1.330339418036568588e+01
9.373021315815206478e+00
3.191538243211461623e+00
9.901487006738307173e+00
1.117038385124011413e+01
1.058513485680245481e+01
9.236181543108379799e+00
9.965574970333758387e+00
1.363425735166143049e+01
9.373021315815206478e+00
1.028002345391383443e+01
9.373021315815206478e+00
1.058513485680245481e+01
6.675581178124545545e+00
8.444016491289504600e+00
9.373021315815206478e+00
8.214724333230154940e+00
1.368087033328175828e+01
8.740387444736633427e+00
1.571650316319191809e+01
9.373021315815206478e+00
1.662206308517478703e+01
1.145179781116143225e+01
8.136857890256438353e+00
9.965574970333758387e+00
9.965574970333758387e+00
1.776973289316191185e+01
1.509668435477122017e+01
1.178062436274634450e+01
1.276615297284584649e+01
1.210051848659980855e+01
7.312732791431452384e+00
8.812923024107547576e+00
9.027033336764100468e+00
1.296408962885714899e+01
1.391159267660409604e+01
1.538904010394216471e+01
1.204779266504070279e+01
9.097283682934460103e+00
1.335116235624909109e+01
1.225733520300188317e+01
1.607692842495848140e+01
1.479855404066383784e+01
1.058513485680245481e+01
1.543035303761632804e+01
1.538904010394216471e+01
1.358748446131948917e+01
1.471226436021925466e+01
1.315904928495908166e+01
7.978845608028653835e+00
6.180387232371033157e+00
1.276615297284584649e+01
1.391159267660409604e+01
1.306193320280393344e+01
1.526443044094783019e+01
1.471226436021925466e+01
8.136857890256438353e+00
1.635176762293251684e+01
4.652426491681278087e+00
1.058513485680245481e+01
1.178062436274634450e+01
1.400281721259029588e+01
8.740387444736633427e+00
1.484151074652385738e+01
1.547155565579009817e+01
1.377362305878664728e+01
7.898654169668588132e+00
1.311058116710494836e+01
9.373021315815206478e+00
1.145179781116143225e+01
1.251433034574463399e+01
1.034176589165282145e+01
1.220528683538465842e+01
1.178062436274634450e+01
1.422831991532699902e+01
1.134007028277388685e+01
8.136857890256438353e+00
1.094004191971426110e+01
8.214724333230154940e+00
1.225733520300188317e+01
