1.635176762293251684e+01
8.667244841319218907e+00
1.377362305878664728e+01
1.400281721259029588e+01
1.646815177937675045e+01
1.236077446474206631e+01
1.128379167095512514e+01
8.058239062071395509e+00
1.440618081907316395e+01
1.325545386523797831e+01
1.427299292922216978e+01
1.599753570059363028e+01
1.505445578434700415e+01
1.178062436274634450e+01
1.615593100600235843e+01
1.391159267660409604e+01
1.857546544836034741e+01
1.538904010394216471e+01
8.136857890256438353e+00
2.074499858087450122e+01
9.373021315815206478e+00
1.400281721259029588e+01
9.373021315815206478e+00
9.901487006738307173e+00
1.117038385124011413e+01
1.058513485680245481e+01
8.740387444736633427e+00
9.640875829802336483e+00
1.488434347843123184e+01
9.373021315815206478e+00
9.901487006738307173e+00
9.373021315815206478e+00
1.058513485680245481e+01
7.312732791431452384e+00
9.373021315815206478e+00
6.863662517577697741e+00
1.395727947504383337e+01
7.484820637019110379e+00
1.615593100600235843e+01
9.901487006738307173e+00
1.711271735549580697e+01
1.167204486311898926e+01
7.046725639945927711e+00
9.772050238058398008e+00
9.706684619910241452e+00
1.860970596672511235e+01
1.658371917462410394e+01
1.178062436274634450e+01
1.276615297284584649e+01
1.199483507827737583e+01
2.763953195770683990e+00
7.735777827895049086e+00
7.653039857325811823e+00
1.311058116710494836e+01
1.404820733880128181e+01
1.538904010394216471e+01
1.199483507827737583e+01
8.593479713983121826e+00
1.335116235624909109e+01
1.225733520300188317e+01
1.707547527140466670e+01
1.484151074652385738e+01
1.034176589165282145e+01
1.547155565579009817e+01
1.607692842495848140e+01
1.363425735166143049e+01
1.492705330360461602e+01
1.335116235624909109e+01
6.863662517577697741e+00
1.358748446131948917e+01
1.404820733880128181e+01
1.354055000514615159e+01
1.538904010394216471e+01
1.479855404066383784e+01
6.675581178124545545e+00
1.658371917462410394e+01
1.058513485680245481e+01
1.204779266504070279e+01
1.471226436021925466e+01
7.136496464611084889e+00
1.579730833933717626e+01
1.615593100600235843e+01
1.377362305878664728e+01
5.527906391541367981e+00
1.311058116710494836e+01
9.373021315815206478e+00
1.145179781116143225e+01
1.256509862862843541e+01
1.040314189572019821e+01
1.220528683538465842e+01
1.178062436274634450e+01
1.501210842680413826e+01
1.134007028277388685e+01
7.225151993843566878e+00
1.094004191971426110e+01
6.076507779746498805e+00
1.266602473693425601e+01
