1.418350619798065715e+01
9.965574970333758387e+00
1.296408962885714899e+01
1.501210842680413826e+01
1.335116235624909109e+01
1.236077446474206631e+01
4.222008245644752300e+00
1.111324596323282954e+01
5.170882945826410726e+00
9.373021315815206478e+00
1.325545386523797831e+01
1.271618740744904485e+01
1.335116235624909109e+01
1.471226436021925466e+01
7.484820637019110379e+00
1.449429283826230197e+01
6.955796338302048021e+00
1.178062436274634450e+01
1.178062436274634450e+01
8.136857890256438353e+00
5.170882945826410726e+00
8.136857890256438353e+00
6.076507779746498805e+00
1.230916348999737586e+01
1.650676414605009157e+01
6.383076486422923246e+00
8.136857890256438353e+00
9.373021315815206478e+00
1.325545386523797831e+01
1.857546544836034741e+01
8.740387444736633427e+00
5.292567428401227403e+00
1.139607097042601680e+01
7.399277020331918919e+00
9.373021315815206478e+00
9.965574970333758387e+00
1.117038385124011413e+01
1.058513485680245481e+01
9.574614729634383536e+00
9.965574970333758387e+00
6.180387232371033157e+00
1.021790793990058255e+01
9.373021315815206478e+00
1.028002345391383443e+01
9.097283682934460103e+00
9.772050238058398008e+00
8.136857890256438353e+00
4.652426491681278087e+00
9.097283682934460103e+00
7.312732791431452384e+00
9.901487006738307173e+00
8.740387444736633427e+00
1.291488987023529766e+01
8.444016491289504600e+00
1.381976597885341995e+01
9.373021315815206478e+00
1.579730833933717626e+01
1.099807968464679142e+01
7.225151993843566878e+00
6.383076486422923246e+00
8.740387444736633427e+00
9.965574970333758387e+00
8.740387444736633427e+00
1.358748446131948917e+01
1.623454913941802857e+01
1.178062436274634450e+01
1.266602473693425601e+01
9.236181543108379799e+00
1.215301555949299761e+01
3.908820095223359381e+00
9.507891862878782518e+00
5.411516379806009525e+00
9.836981518731869656e+00
1.251433034574463399e+01
1.372732503515539548e+01
1.215301555949299761e+01
9.772050238058398008e+00
1.391159267660409604e+01
1.335116235624909109e+01
1.204779266504070279e+01
1.466892917224166482e+01
1.381976597885341995e+01
1.058513485680245481e+01
1.543035303761632804e+01
1.449429283826230197e+01
1.325545386523797831e+01
1.281592373849173683e+01
1.409345127989185542e+01
5.753627391751591880e+00
5.641895835477562571e+00
4.513516668382050234e+00
8.291859587312051971e+00
8.291859587312051971e+00
1.178062436274634450e+01
1.363425735166143049e+01
1.225733520300188317e+01
1.492705330360461602e+01
1.458187244392064308e+01
9.373021315815206478e+00
7.817640190446718762e+00
1.583755632390385770e+01
4.652426491681278087e+00
1.058513485680245481e+01
1.178062436274634450e+01
1.344618962205996482e+01
9.373021315815206478e+00
1.466892917224166482e+01
1.377362305878664728e+01
1.404820733880128181e+01
9.166995688475081394e+00
1.311058116710494836e+01
9.772050238058398008e+00
1.134007028277388685e+01
1.230916348999737586e+01
1.058513485680245481e+01
1.225733520300188317e+01
1.178062436274634450e+01
1.320733953636073110e+01
1.156244577056221523e+01
9.373021315815206478e+00
1.117038385124011413e+01
9.373021315815206478e+00
1.178062436274634450e+01
5.527906391541367981e+00
