1.555363345008750464e+01
9.706684619910241452e+00
1.320733953636073110e+01
1.603728119216292924e+01
1.372732503515539548e+01
1.236077446474206631e+01
1.134007028277388685e+01
9.166995688475081394e+00
1.431752655671925822e+01
1.325545386523797831e+01
1.413855043925722121e+01
1.591774699517169012e+01
1.479855404066383784e+01
1.178062436274634450e+01
1.427299292922216978e+01
1.354055000514615159e+01
6.482044814428574497e+00
1.773387063078969206e+01
7.046725639945927711e+00
1.501210842680413826e+01
9.097283682934460103e+00
2.005850682718709876e+01
8.740387444736633427e+00
1.281592373849173683e+01
6.180387232371033157e+00
9.373021315815206478e+00
9.965574970333758387e+00
1.117038385124011413e+01
1.058513485680245481e+01
9.373021315815206478e+00
9.965574970333758387e+00
1.330339418036568588e+01
9.373021315815206478e+00
1.034176589165282145e+01
9.373021315815206478e+00
1.058513485680245481e+01
7.735777827895049086e+00
8.740387444736633427e+00
9.373021315815206478e+00
8.667244841319218907e+00
1.354055000514615159e+01
8.740387444736633427e+00
1.547155565579009817e+01
9.373021315815206478e+00
1.639065416446577927e+01
1.150725478350318376e+01
8.136857890256438353e+00
1.009253008808064145e+01
9.965574970333758387e+00
1.744431859350498826e+01
1.466892917224166482e+01
1.178062436274634450e+01
1.291488987023529766e+01
8.291859587312051971e+00
1.220528683538465842e+01
9.236181543108379799e+00
9.166995688475081394e+00
1.276615297284584649e+01
1.381976597885341995e+01
1.530607971465162365e+01
1.210051848659980855e+01
9.373021315815206478e+00
1.335116235624909109e+01
1.230916348999737586e+01
1.595769121605730767e+01
1.462546558286290477e+01
1.058513485680245481e+01
1.543035303761632804e+01
1.522266721510391640e+01
1.363425735166143049e+01
1.453814859003845150e+01
1.311058116710494836e+01
7.136496464611084889e+00
8.368283871884004910e+00
1.261566261010080048e+01
1.381976597885341995e+01
1.296408962885714899e+01
1.522266721510391640e+01
1.462546558286290477e+01
8.667244841319218907e+00
6.675581178124545545e+00
1.619528777809902209e+01
1.058513485680245481e+01
1.178062436274634450e+01
1.381976597885341995e+01
8.956231982162769611e+00
1.466892917224166482e+01
1.534761596392107741e+01
1.386575534383213970e+01
8.136857890256438353e+00
1.311058116710494836e+01
9.373021315815206478e+00
1.145179781116143225e+01
1.256509862862843541e+01
1.040314189572019821e+01
1.225733520300188317e+01
1.178062436274634450e+01
1.400281721259029588e+01
1.139607097042601680e+01
8.740387444736633427e+00
1.099807968464679142e+01
8.812923024107547576e+00
1.225733520300188317e+01
