1.669848676668040710e+01
7.735777827895049086e+00
1.395727947504383337e+01
1.418350619798065715e+01
1.650676414605009157e+01
1.236077446474206631e+01
1.128379167095512514e+01
6.863662517577697741e+00
1.471226436021925466e+01
1.325545386523797831e+01
1.427299292922216978e+01
1.599753570059363028e+01
1.530607971465162365e+01
1.210051848659980855e+01
1.642944866646030988e+01
1.409345127989185542e+01
1.928175165960467297e+01
1.559451034962034477e+01
6.863662517577697741e+00
2.107986245478304355e+01
9.373021315815206478e+00
1.404820733880128181e+01
9.304852983362556174e+00
9.772050238058398008e+00
1.117038385124011413e+01
1.064510777218481152e+01
7.898654169668588132e+00
9.373021315815206478e+00
1.501210842680413826e+01
9.507891862878782518e+00
9.836981518731869656e+00
9.304852983362556174e+00
1.058513485680245481e+01
5.046265044040320724e+00
9.772050238058398008e+00
1.418350619798065715e+01
4.787307364817191768e+00
1.669848676668040710e+01
6.579524642479540830e+00
9.706684619910241452e+00
1.210051848659980855e+01
1.773387063078969206e+01
9.373021315815206478e+00
5.170882945826410726e+00
9.706684619910241452e+00
1.941336923982048290e+01
1.762584604821509515e+01
1.178062436274634450e+01
1.266602473693425601e+01
1.194164264288369282e+01
6.863662517577697741e+00
6.383076486422923246e+00
1.315904928495908166e+01
1.404820733880128181e+01
1.543035303761632804e+01
1.199483507827737583e+01
7.978845608028653835e+00
1.325545386523797831e+01
1.256509862862843541e+01
1.762584604821509515e+01
1.488434347843123184e+01
1.034176589165282145e+01
1.559451034962034477e+01
1.635176762293251684e+01
1.363425735166143049e+01
1.555363345008750464e+01
1.315904928495908166e+01
1.377362305878664728e+01
1.377362305878664728e+01
1.395727947504383337e+01
1.551264883747923129e+01
1.479855404066383784e+01
1.692568750643268771e+01
1.058513485680245481e+01
1.236077446474206631e+01
1.488434347843123184e+01
4.787307364817191768e+00
1.635176762293251684e+01
1.666031874701878124e+01
1.377362305878664728e+01
1.311058116710494836e+01
9.507891862878782518e+00
1.145179781116143225e+01
1.261566261010080048e+01
1.046415791390898242e+01
1.225733520300188317e+01
1.178062436274634450e+01
1.603728119216292924e+01
1.150725478350318376e+01
5.292567428401227403e+00
1.094004191971426110e+01
1.354055000514615159e+01
