1.320733953636073110e+01
8.214724333230154940e+00
9.507891862878782518e+00
1.296408962885714899e+01
6.863662517577697741e+00
1.315904928495908166e+01
1.236077446474206631e+01
1.076405121554611632e+01
1.183454054540639433e+01
6.863662517577697741e+00
9.373021315815206478e+00
1.301310337505149661e+01
1.183454054540639433e+01
6.863662517577697741e+00
1.276615297284584649e+01
8.444016491289504600e+00
1.339876023397903637e+01
8.136857890256438353e+00
1.315904928495908166e+01
1.150725478350318376e+01
1.117038385124011413e+01
9.027033336764100468e+00
3.908820095223359381e+00
7.136496464611084889e+00
4.652426491681278087e+00
8.593479713983121826e+00
1.567594437773643001e+01
7.225151993843566878e+00
7.569397566060480642e+00
1.178062436274634450e+01
8.444016491289504600e+00
1.215301555949299761e+01
8.884866446580955923e+00
4.222008245644752300e+00
1.669848676668040710e+01
6.383076486422923246e+00
8.740387444736633427e+00
9.965574970333758387e+00
7.735777827895049086e+00
9.373021315815206478e+00
9.965574970333758387e+00
6.955796338302048021e+00
1.117038385124011413e+01
6.076507779746498805e+00
1.058513485680245481e+01
9.640875829802336483e+00
9.640875829802336483e+00
7.225151993843566878e+00
9.640875829802336483e+00
9.373021315815206478e+00
9.507891862878782518e+00
8.884866446580955923e+00
9.574614729634383536e+00
8.136857890256438353e+00
6.863662517577697741e+00
6.180387232371033157e+00
9.027033336764100468e+00
8.136857890256438353e+00
9.772050238058398008e+00
8.740387444736633427e+00
8.593479713983121826e+00
1.178062436274634450e+01
1.296408962885714899e+01
9.373021315815206478e+00
8.058239062071395509e+00
1.058513485680245481e+01
7.136496464611084889e+00
1.496964127403822076e+01
9.027033336764100468e+00
9.965574970333758387e+00
8.740387444736633427e+00
1.315904928495908166e+01
1.522266721510391640e+01
1.117038385124011413e+01
9.304852983362556174e+00
1.204779266504070279e+01
1.236077446474206631e+01
6.579524642479540830e+00
5.170882945826410726e+00
9.507891862878782518e+00
7.312732791431452384e+00
9.965574970333758387e+00
6.282549314314217703e+00
1.210051848659980855e+01
1.281592373849173683e+01
1.204779266504070279e+01
9.706684619910241452e+00
1.271618740744904485e+01
1.320733953636073110e+01
1.188821220645068522e+01
1.381976597885341995e+01
1.354055000514615159e+01
1.058513485680245481e+01
1.488434347843123184e+01
1.422831991532699902e+01
6.863662517577697741e+00
1.225733520300188317e+01
1.246335526484300615e+01
7.735777827895049086e+00
1.325545386523797831e+01
7.569397566060480642e+00
6.675581178124545545e+00
8.519075891779829490e+00
8.444016491289504600e+00
1.167204486311898926e+01
4.513516668382050234e+00
1.325545386523797831e+01
1.220528683538465842e+01
1.395727947504383337e+01
1.413855043925722121e+01
8.136857890256438353e+00
9.166995688475081394e+00
1.518078909665319287e+01
6.955796338302048021e+00
1.058513485680245481e+01
1.150725478350318376e+01
1.306193320280393344e+01
9.373021315815206478e+00
6.282549314314217703e+00
1.344618962205996482e+01
1.286550196516137312e+01
1.358748446131948917e+01
9.373021315815206478e+00
3.385137501286537898e+00
1.261566261010080048e+01
3.385137501286537898e+00
9.836981518731869656e+00
1.046415791390898242e+01
1.194164264288369282e+01
1.021790793990058255e+01
1.172646028567007725e+01
1.167204486311898926e+01
6.955796338302048021e+00
1.256509862862843541e+01
1.117038385124011413e+01
9.373021315815206478e+00
1.094004191971426110e+01
9.373021315815206478e+00
1.058513485680245481e+01
3.385137501286537898e+00
