1.654528640181426269e+01
7.978845608028653835e+00
1.395727947504383337e+01
1.418350619798065715e+01
1.650676414605009157e+01
1.236077446474206631e+01
1.128379167095512514e+01
7.046725639945927711e+00
1.458187244392064308e+01
1.325545386523797831e+01
1.427299292922216978e+01
1.599753570059363028e+01
1.530607971465162365e+01
1.199483507827737583e+01
1.635176762293251684e+01
1.409345127989185542e+01
1.911595536035255805e+01
1.547155565579009817e+01
7.136496464611084889e+00
2.092831582781796484e+01
9.373021315815206478e+00
1.400281721259029588e+01
9.373021315815206478e+00
9.772050238058398008e+00
1.117038385124011413e+01
1.058513485680245481e+01
8.136857890256438353e+00
9.507891862878782518e+00
1.501210842680413826e+01
9.507891862878782518e+00
9.901487006738307173e+00
9.373021315815206478e+00
1.058513485680245481e+01
5.753627391751591880e+00
9.772050238058398008e+00
5.753627391751591880e+00
1.409345127989185542e+01
7.136496464611084889e+00
1.654528640181426269e+01
9.772050238058398008e+00
1.210051848659980855e+01
1.762584604821509515e+01
9.507891862878782518e+00
5.753627391751591880e+00
9.706684619910241452e+00
1.931474013823128644e+01
1.748077488947326685e+01
1.178062436274634450e+01
1.271618740744904485e+01
1.199483507827737583e+01
6.955796338302048021e+00
6.675581178124545545e+00
1.315904928495908166e+01
1.404820733880128181e+01
1.543035303761632804e+01
1.204779266504070279e+01
8.136857890256438353e+00
1.325545386523797831e+01
1.251433034574463399e+01
1.748077488947326685e+01
1.488434347843123184e+01
1.034176589165282145e+01
1.559451034962034477e+01
1.635176762293251684e+01
1.363425735166143049e+01
1.534761596392107741e+01
1.315904928495908166e+01
1.372732503515539548e+01
4.222008245644752300e+00
1.377362305878664728e+01
1.386575534383213970e+01
1.547155565579009817e+01
1.479855404066383784e+01
4.222008245644752300e+00
1.692568750643268771e+01
1.058513485680245481e+01
1.236077446474206631e+01
1.484151074652385738e+01
5.753627391751591880e+00
1.619528777809902209e+01
1.650676414605009157e+01
1.377362305878664728e+01
1.315904928495908166e+01
9.507891862878782518e+00
1.145179781116143225e+01
1.261566261010080048e+01
1.058513485680245481e+01
1.225733520300188317e+01
1.178062436274634450e+01
1.587770228520368221e+01
1.150725478350318376e+01
5.753627391751591880e+00
1.094004191971426110e+01
1.344618962205996482e+01
