5.753627391751591880e+00
6.383076486422923246e+00
8.136857890256438353e+00
1.236077446474206631e+01
9.507891862878782518e+00
7.735777827895049086e+00
4.918490759365934828e+00
1.266602473693425601e+01
1.150725478350318376e+01
1.167204486311898926e+01
8.812923024107547576e+00
1.058513485680245481e+01
6.076507779746498805e+00
7.735777827895049086e+00
9.373021315815206478e+00
4.787307364817191768e+00
1.150725478350318376e+01
1.178062436274634450e+01
7.817640190446718762e+00
1.236077446474206631e+01
7.569397566060480642e+00
8.444016491289504600e+00
1.178062436274634450e+01
1.009253008808064145e+01
1.082303275961201905e+01
5.970821321441846408e+00
5.170882945826410726e+00
6.076507779746498805e+00
5.170882945826410726e+00
1.040314189572019821e+01
9.304852983362556174e+00
7.046725639945927711e+00
7.225151993843566878e+00
7.898654169668588132e+00
7.399277020331918919e+00
7.735777827895049086e+00
7.653039857325811823e+00
7.569397566060480642e+00
5.527906391541367981e+00
1.117038385124011413e+01
7.569397566060480642e+00
3.908820095223359381e+00
8.519075891779829490e+00
6.863662517577697741e+00
1.105581278308273596e+01
1.183454054540639433e+01
1.172646028567007725e+01
6.863662517577697741e+00
8.291859587312051971e+00
5.753627391751591880e+00
9.640875829802336483e+00
5.292567428401227403e+00
7.978845608028653835e+00
8.740387444736633427e+00
7.484820637019110379e+00
9.373021315815206478e+00
9.640875829802336483e+00
9.965574970333758387e+00
6.863662517577697741e+00
1.009253008808064145e+01
9.901487006738307173e+00
4.513516668382050234e+00
9.640875829802336483e+00
7.569397566060480642e+00
9.236181543108379799e+00
8.884866446580955923e+00
4.513516668382050234e+00
9.373021315815206478e+00
8.740387444736633427e+00
9.373021315815206478e+00
8.593479713983121826e+00
7.312732791431452384e+00
7.653039857325811823e+00
9.097283682934460103e+00
8.136857890256438353e+00
9.373021315815206478e+00
4.787307364817191768e+00
8.740387444736633427e+00
8.740387444736633427e+00
1.094004191971426110e+01
1.266602473693425601e+01
9.373021315815206478e+00
8.444016491289504600e+00
1.021790793990058255e+01
7.225151993843566878e+00
8.884866446580955923e+00
1.422831991532699902e+01
9.901487006738307173e+00
8.740387444736633427e+00
6.383076486422923246e+00
1.266602473693425601e+01
1.344618962205996482e+01
1.117038385124011413e+01
8.444016491289504600e+00
1.117038385124011413e+01
7.225151993843566878e+00
1.172646028567007725e+01
7.569397566060480642e+00
8.740387444736633427e+00
8.291859587312051971e+00
1.954410047611679691e+00
6.675581178124545545e+00
9.166995688475081394e+00
5.641895835477562571e+00
8.136857890256438353e+00
6.863662517577697741e+00
1.040314189572019821e+01
1.204779266504070279e+01
9.373021315815206478e+00
1.117038385124011413e+01
1.167204486311898926e+01
1.172646028567007725e+01
1.082303275961201905e+01
4.513516668382050234e+00
7.046725639945927711e+00
1.210051848659980855e+01
1.046415791390898242e+01
4.370193722368316713e+00
1.220528683538465842e+01
4.068428945128219176e+00
1.349345229721172146e+01
1.395727947504383337e+01
8.214724333230154940e+00
7.735777827895049086e+00
1.150725478350318376e+01
5.527906391541367981e+00
1.230916348999737586e+01
7.978845608028653835e+00
7.817640190446718762e+00
9.507891862878782518e+00
7.484820637019110379e+00
7.399277020331918919e+00
8.444016491289504600e+00
8.593479713983121826e+00
1.076405121554611632e+01
5.641895835477562571e+00
1.256509862862843541e+01
1.172646028567007725e+01
1.296408962885714899e+01
1.301310337505149661e+01
8.136857890256438353e+00
8.740387444736633427e+00
7.399277020331918919e+00
1.291488987023529766e+01
6.863662517577697741e+00
1.009253008808064145e+01
6.383076486422923246e+00
1.058513485680245481e+01
1.178062436274634450e+01
6.180387232371033157e+00
7.898654169668588132e+00
9.373021315815206478e+00
6.383076486422923246e+00
1.236077446474206631e+01
1.178062436274634450e+01
7.569397566060480642e+00
1.225733520300188317e+01
9.304852983362556174e+00
3.908820095223359381e+00
7.312732791431452384e+00
1.172646028567007725e+01
9.772050238058398008e+00
9.640875829802336483e+00
1.021790793990058255e+01
1.094004191971426110e+01
1.099807968464679142e+01
1.070474469691662733e+01
7.569397566060480642e+00
1.172646028567007725e+01
1.058513485680245481e+01
6.383076486422923246e+00
9.373021315815206478e+00
1.009253008808064145e+01
9.440697438826296306e+00
9.901487006738307173e+00
7.653039857325811823e+00
