1.646815177937675045e+01
8.368283871884004910e+00
1.381976597885341995e+01
1.418350619798065715e+01
1.650676414605009157e+01
1.236077446474206631e+01
1.128379167095512514e+01
7.569397566060480642e+00
1.440618081907316395e+01
1.325545386523797831e+01
1.427299292922216978e+01
1.599753570059363028e+01
1.522266721510391640e+01
1.178062436274634450e+01
1.635176762293251684e+01
1.400281721259029588e+01
1.891508160359295942e+01
1.543035303761632804e+01
7.484820637019110379e+00
2.080628379144039641e+01
9.373021315815206478e+00
1.400281721259029588e+01
9.373021315815206478e+00
9.772050238058398008e+00
1.117038385124011413e+01
1.058513485680245481e+01
8.593479713983121826e+00
9.706684619910241452e+00
1.501210842680413826e+01
9.373021315815206478e+00
9.965574970333758387e+00
9.373021315815206478e+00
1.058513485680245481e+01
6.579524642479540830e+00
9.574614729634383536e+00
6.383076486422923246e+00
1.409345127989185542e+01
7.225151993843566878e+00
1.635176762293251684e+01
9.836981518731869656e+00
1.183454054540639433e+01
1.740778594902202769e+01
6.579524642479540830e+00
9.706684619910241452e+00
9.706684619910241452e+00
1.891508160359295942e+01
1.714987856615383066e+01
1.178062436274634450e+01
1.276615297284584649e+01
1.199483507827737583e+01
7.399277020331918919e+00
7.225151993843566878e+00
1.306193320280393344e+01
1.404820733880128181e+01
1.538904010394216471e+01
1.210051848659980855e+01
8.368283871884004910e+00
1.335116235624909109e+01
1.225733520300188317e+01
1.722396045987370883e+01
1.488434347843123184e+01
1.034176589165282145e+01
1.547155565579009817e+01
1.627371578051287671e+01
1.363425735166143049e+01
1.505445578434700415e+01
1.315904928495908166e+01
1.363425735166143049e+01
5.753627391751591880e+00
1.386575534383213970e+01
1.363425735166143049e+01
1.543035303761632804e+01
1.479855404066383784e+01
5.527906391541367981e+00
1.677456227108388731e+01
1.058513485680245481e+01
1.215301555949299761e+01
1.475547227809780537e+01
6.770275002573075795e+00
1.595769121605730767e+01
1.639065416446577927e+01
1.377362305878664728e+01
3.568248232305542444e+00
1.315904928495908166e+01
9.373021315815206478e+00
1.145179781116143225e+01
1.261566261010080048e+01
1.046415791390898242e+01
1.220528683538465842e+01
1.178062436274634450e+01
1.534761596392107741e+01
1.139607097042601680e+01
6.770275002573075795e+00
1.094004191971426110e+01
4.370193722368316713e+00
1.306193320280393344e+01
