1.635176762293251684e+01
8.740387444736633427e+00
1.368087033328175828e+01
1.400281721259029588e+01
1.631278838364701755e+01
1.236077446474206631e+01
1.128379167095512514e+01
8.291859587312051971e+00
1.436192209445157708e+01
1.320733953636073110e+01
1.427299292922216978e+01
1.599753570059363028e+01
1.501210842680413826e+01
1.178062436274634450e+01
1.607692842495848140e+01
1.391159267660409604e+01
1.843786751347043307e+01
1.534761596392107741e+01
8.136857890256438353e+00
2.068353178330564290e+01
9.373021315815206478e+00
1.386575534383213970e+01
9.373021315815206478e+00
9.965574970333758387e+00
1.117038385124011413e+01
1.058513485680245481e+01
8.740387444736633427e+00
9.706684619910241452e+00
1.471226436021925466e+01
9.373021315815206478e+00
1.009253008808064145e+01
9.373021315815206478e+00
1.058513485680245481e+01
7.817640190446718762e+00
9.373021315815206478e+00
7.136496464611084889e+00
1.381976597885341995e+01
7.817640190446718762e+00
1.599753570059363028e+01
9.706684619910241452e+00
1.707547527140466670e+01
1.167204486311898926e+01
7.225151993843566878e+00
9.901487006738307173e+00
9.772050238058398008e+00
1.850679436136249834e+01
1.623454913941802857e+01
1.178062436274634450e+01
1.276615297284584649e+01
1.204779266504070279e+01
4.652426491681278087e+00
7.978845608028653835e+00
7.978845608028653835e+00
1.306193320280393344e+01
1.404820733880128181e+01
1.538904010394216471e+01
1.199483507827737583e+01
8.667244841319218907e+00
1.335116235624909109e+01
1.225733520300188317e+01
1.685029431422315938e+01
1.479855404066383784e+01
1.034176589165282145e+01
1.547155565579009817e+01
1.599753570059363028e+01
1.363425735166143049e+01
1.492705330360461602e+01
1.335116235624909109e+01
7.225151993843566878e+00
1.344618962205996482e+01
1.409345127989185542e+01
1.344618962205996482e+01
1.538904010394216471e+01
1.479855404066383784e+01
6.955796338302048021e+00
1.650676414605009157e+01
1.058513485680245481e+01
1.194164264288369282e+01
1.453814859003845150e+01
7.484820637019110379e+00
1.571650316319191809e+01
1.595769121605730767e+01
1.377362305878664728e+01
6.076507779746498805e+00
1.311058116710494836e+01
9.373021315815206478e+00
1.145179781116143225e+01
1.256509862862843541e+01
1.040314189572019821e+01
1.220528683538465842e+01
1.178062436274634450e+01
1.488434347843123184e+01
1.134007028277388685e+01
7.569397566060480642e+00
1.094004191971426110e+01
6.579524642479540830e+00
1.261566261010080048e+01
