1.559451034962034477e+01
9.640875829802336483e+00
1.325545386523797831e+01
1.611647812414279102e+01
1.377362305878664728e+01
1.236077446474206631e+01
1.134007028277388685e+01
9.166995688475081394e+00
1.436192209445157708e+01
1.330339418036568588e+01
1.422831991532699902e+01
1.603728119216292924e+01
1.475547227809780537e+01
1.178062436274634450e+01
1.449429283826230197e+01
1.372732503515539548e+01
5.753627391751591880e+00
1.787688803255549530e+01
6.579524642479540830e+00
1.513879513212096128e+01
9.027033336764100468e+00
2.018506017616128290e+01
8.956231982162769611e+00
1.301310337505149661e+01
5.170882945826410726e+00
9.373021315815206478e+00
9.965574970333758387e+00
1.117038385124011413e+01
1.058513485680245481e+01
9.236181543108379799e+00
9.965574970333758387e+00
1.335116235624909109e+01
9.373021315815206478e+00
1.034176589165282145e+01
9.373021315815206478e+00
1.058513485680245481e+01
7.225151993843566878e+00
8.593479713983121826e+00
9.373021315815206478e+00
8.368283871884004910e+00
1.363425735166143049e+01
8.740387444736633427e+00
1.559451034962034477e+01
9.373021315815206478e+00
1.642944866646030988e+01
1.145179781116143225e+01
8.136857890256438353e+00
9.965574970333758387e+00
9.965574970333758387e+00
1.762584604821509515e+01
1.492705330360461602e+01
1.178062436274634450e+01
1.286550196516137312e+01
1.220528683538465842e+01
7.817640190446718762e+00
9.097283682934460103e+00
9.097283682934460103e+00
1.281592373849173683e+01
1.386575534383213970e+01
1.530607971465162365e+01
1.204779266504070279e+01
9.373021315815206478e+00
1.335116235624909109e+01
1.225733520300188317e+01
1.595769121605730767e+01
1.479855404066383784e+01
1.058513485680245481e+01
1.543035303761632804e+01
1.526443044094783019e+01
1.363425735166143049e+01
1.466892917224166482e+01
1.320733953636073110e+01
8.136857890256438353e+00
6.955796338302048021e+00
1.266602473693425601e+01
1.381976597885341995e+01
1.301310337505149661e+01
1.522266721510391640e+01
1.471226436021925466e+01
8.291859587312051971e+00
5.970821321441846408e+00
1.623454913941802857e+01
1.058513485680245481e+01
1.178062436274634450e+01
1.395727947504383337e+01
8.667244841319218907e+00
1.475547227809780537e+01
1.534761596392107741e+01
1.386575534383213970e+01
8.136857890256438353e+00
1.311058116710494836e+01
9.373021315815206478e+00
1.145179781116143225e+01
1.256509862862843541e+01
1.040314189572019821e+01
1.225733520300188317e+01
1.178062436274634450e+01
1.413855043925722121e+01
1.134007028277388685e+01
8.368283871884004910e+00
1.094004191971426110e+01
8.444016491289504600e+00
1.225733520300188317e+01
