1.484151074652385738e+01
9.965574970333758387e+00
1.296408962885714899e+01
1.526443044094783019e+01
1.368087033328175828e+01
1.236077446474206631e+01
1.139607097042601680e+01
9.373021315815206478e+00
1.344618962205996482e+01
1.311058116710494836e+01
1.363425735166143049e+01
1.526443044094783019e+01
7.136496464611084889e+00
1.466892917224166482e+01
6.076507779746498805e+00
1.178062436274634450e+01
1.261566261010080048e+01
7.399277020331918919e+00
7.978845608028653835e+00
1.271618740744904485e+01
1.700074635581867355e+01
4.222008245644752300e+00
6.579524642479540830e+00
8.136857890256438353e+00
9.373021315815206478e+00
1.372732503515539548e+01
1.921560480373171131e+01
8.740387444736633427e+00
1.178062436274634450e+01
7.484820637019110379e+00
9.373021315815206478e+00
9.965574970333758387e+00
1.117038385124011413e+01
1.058513485680245481e+01
9.507891862878782518e+00
9.965574970333758387e+00
4.513516668382050234e+00
1.111324596323282954e+01
9.373021315815206478e+00
1.058513485680245481e+01
9.373021315815206478e+00
1.009253008808064145e+01
8.136857890256438353e+00
8.884866446580955923e+00
6.863662517577697741e+00
9.507891862878782518e+00
8.740387444736633427e+00
1.335116235624909109e+01
8.444016491289504600e+00
1.391159267660409604e+01
9.373021315815206478e+00
1.595769121605730767e+01
1.117038385124011413e+01
6.482044814428574497e+00
5.527906391541367981e+00
8.667244841319218907e+00
9.965574970333758387e+00
9.507891862878782518e+00
1.386575534383213970e+01
1.677456227108388731e+01
1.178062436274634450e+01
1.276615297284584649e+01
9.097283682934460103e+00
1.215301555949299761e+01
9.373021315815206478e+00
9.574614729634383536e+00
1.266602473693425601e+01
1.372732503515539548e+01
1.492705330360461602e+01
1.215301555949299761e+01
9.574614729634383536e+00
1.335116235624909109e+01
1.215301555949299761e+01
1.509668435477122017e+01
1.440618081907316395e+01
1.070474469691662733e+01
1.543035303761632804e+01
1.453814859003845150e+01
1.330339418036568588e+01
1.306193320280393344e+01
1.427299292922216978e+01
3.908820095223359381e+00
8.884866446580955923e+00
8.368283871884004910e+00
1.215301555949299761e+01
1.381976597885341995e+01
1.251433034574463399e+01
1.513879513212096128e+01
1.453814859003845150e+01
9.236181543108379799e+00
8.136857890256438353e+00
1.583755632390385770e+01
1.058513485680245481e+01
1.178062436274634450e+01
1.377362305878664728e+01
9.373021315815206478e+00
1.496964127403822076e+01
1.404820733880128181e+01
1.391159267660409604e+01
8.956231982162769611e+00
1.306193320280393344e+01
9.440697438826296306e+00
1.145179781116143225e+01
1.246335526484300615e+01
1.058513485680245481e+01
1.236077446474206631e+01
1.178062436274634450e+01
1.339876023397903637e+01
1.156244577056221523e+01
9.166995688475081394e+00
1.117038385124011413e+01
9.373021315815206478e+00
1.204779266504070279e+01
