1.505445578434700415e+01
9.965574970333758387e+00
1.306193320280393344e+01
1.563528038089343752e+01
1.372732503515539548e+01
1.236077446474206631e+01
1.156244577056221523e+01
9.373021315815206478e+00
1.372732503515539548e+01
1.315904928495908166e+01
1.372732503515539548e+01
1.567594437773643001e+01
6.383076486422923246e+00
1.479855404066383784e+01
4.222008245644752300e+00
1.178062436274634450e+01
1.330339418036568588e+01
6.675581178124545545e+00
7.312732791431452384e+00
1.286550196516137312e+01
1.726088217525477830e+01
5.527906391541367981e+00
7.735777827895049086e+00
9.236181543108379799e+00
1.413855043925722121e+01
1.970629496237749478e+01
8.740387444736633427e+00
1.261566261010080048e+01
7.399277020331918919e+00
9.373021315815206478e+00
9.965574970333758387e+00
1.117038385124011413e+01
1.058513485680245481e+01
9.373021315815206478e+00
9.965574970333758387e+00
1.204779266504070279e+01
9.373021315815206478e+00
1.052482020710848865e+01
9.373021315815206478e+00
1.058513485680245481e+01
8.136857890256438353e+00
8.740387444736633427e+00
6.076507779746498805e+00
9.373021315815206478e+00
8.740387444736633427e+00
1.335116235624909109e+01
8.444016491289504600e+00
1.445030398768713376e+01
9.373021315815206478e+00
1.599753570059363028e+01
1.117038385124011413e+01
5.527906391541367981e+00
8.444016491289504600e+00
2.985410660720923204e+00
9.965574970333758387e+00
9.706684619910241452e+00
1.395727947504383337e+01
1.700074635581867355e+01
1.178062436274634450e+01
1.291488987023529766e+01
8.884866446580955923e+00
1.215301555949299761e+01
9.373021315815206478e+00
9.373021315815206478e+00
1.281592373849173683e+01
1.377362305878664728e+01
1.505445578434700415e+01
1.215301555949299761e+01
9.373021315815206478e+00
1.335116235624909109e+01
1.220528683538465842e+01
1.571650316319191809e+01
1.453814859003845150e+01
1.058513485680245481e+01
1.543035303761632804e+01
1.496964127403822076e+01
1.354055000514615159e+01
1.427299292922216978e+01
1.306193320280393344e+01
8.812923024107547576e+00
8.136857890256438353e+00
1.241217083805063837e+01
1.386575534383213970e+01
1.286550196516137312e+01
1.513879513212096128e+01
1.462546558286290477e+01
9.236181543108379799e+00
7.978845608028653835e+00
1.595769121605730767e+01
1.058513485680245481e+01
1.178062436274634450e+01
1.377362305878664728e+01
9.166995688475081394e+00
1.505445578434700415e+01
1.436192209445157708e+01
1.386575534383213970e+01
8.740387444736633427e+00
1.311058116710494836e+01
9.373021315815206478e+00
1.145179781116143225e+01
1.261566261010080048e+01
1.058513485680245481e+01
1.225733520300188317e+01
1.178062436274634450e+01
1.368087033328175828e+01
1.150725478350318376e+01
8.956231982162769611e+00
1.117038385124011413e+01
9.373021315815206478e+00
1.210051848659980855e+01
