1.386575534383213970e+01
9.965574970333758387e+00
1.462546558286290477e+01
1.296408962885714899e+01
1.335116235624909109e+01
5.527906391541367981e+00
1.236077446474206631e+01
1.099807968464679142e+01
5.753627391751591880e+00
9.373021315815206478e+00
1.325545386523797831e+01
1.251433034574463399e+01
1.320733953636073110e+01
4.222008245644752300e+00
7.817640190446718762e+00
1.445030398768713376e+01
7.735777827895049086e+00
1.395727947504383337e+01
1.178062436274634450e+01
1.167204486311898926e+01
8.593479713983121826e+00
5.753627391751591880e+00
8.136857890256438353e+00
6.675581178124545545e+00
1.225733520300188317e+01
6.955796338302048021e+00
1.619528777809902209e+01
8.136857890256438353e+00
9.373021315815206478e+00
1.296408962885714899e+01
1.812445316531431061e+01
5.863230142835038627e+00
8.740387444736633427e+00
1.082303275961201905e+01
7.653039857325811823e+00
9.373021315815206478e+00
9.965574970333758387e+00
4.918490759365934828e+00
1.117038385124011413e+01
1.058513485680245481e+01
9.507891862878782518e+00
9.965574970333758387e+00
6.579524642479540830e+00
1.009253008808064145e+01
9.373021315815206478e+00
9.965574970333758387e+00
9.097283682934460103e+00
9.706684619910241452e+00
8.136857890256438353e+00
5.641895835477562571e+00
9.097283682934460103e+00
7.653039857325811823e+00
9.901487006738307173e+00
8.740387444736633427e+00
8.368283871884004910e+00
1.230916348999737586e+01
1.363425735166143049e+01
9.373021315815206478e+00
7.735777827895049086e+00
1.559451034962034477e+01
1.094004191971426110e+01
6.675581178124545545e+00
8.740387444736633427e+00
9.965574970333758387e+00
8.593479713983121826e+00
1.599753570059363028e+01
1.354055000514615159e+01
1.167204486311898926e+01
1.256509862862843541e+01
9.304852983362556174e+00
1.215301555949299761e+01
5.292567428401227403e+00
9.640875829802336483e+00
6.383076486422923246e+00
9.965574970333758387e+00
1.246335526484300615e+01
1.377362305878664728e+01
1.215301555949299761e+01
9.901487006738307173e+00
1.320733953636073110e+01
1.377362305878664728e+01
1.194164264288369282e+01
1.440618081907316395e+01
1.381976597885341995e+01
1.058513485680245481e+01
1.530607971465162365e+01
1.445030398768713376e+01
1.311058116710494836e+01
1.266602473693425601e+01
1.391159267660409604e+01
6.770275002573075795e+00
6.076507779746498805e+00
5.753627391751591880e+00
8.214724333230154940e+00
8.291859587312051971e+00
1.178062436274634450e+01
1.358748446131948917e+01
1.225733520300188317e+01
1.475547227809780537e+01
1.449429283826230197e+01
9.373021315815206478e+00
7.817640190446718762e+00
1.575695754970980111e+01
5.753627391751591880e+00
1.058513485680245481e+01
1.178062436274634450e+01
1.344618962205996482e+01
9.373021315815206478e+00
1.431752655671925822e+01
1.344618962205996482e+01
1.391159267660409604e+01
9.373021315815206478e+00
1.306193320280393344e+01
9.772050238058398008e+00
1.088169461344923583e+01
1.230916348999737586e+01
1.058513485680245481e+01
1.225733520300188317e+01
1.178062436274634450e+01
4.513516668382050234e+00
1.306193320280393344e+01
1.150725478350318376e+01
9.373021315815206478e+00
1.117038385124011413e+01
9.373021315815206478e+00
1.105581278308273596e+01
6.383076486422923246e+00
