1.513879513212096128e+01
9.965574970333758387e+00
1.315904928495908166e+01
1.591774699517169012e+01
1.377362305878664728e+01
1.236077446474206631e+01
1.145179781116143225e+01
9.236181543108379799e+00
1.404820733880128181e+01
1.315904928495908166e+01
1.400281721259029588e+01
1.583755632390385770e+01
1.479855404066383784e+01
5.292567428401227403e+00
1.178062436274634450e+01
1.372732503515539548e+01
5.753627391751591880e+00
7.225151993843566878e+00
1.296408962885714899e+01
1.748077488947326685e+01
3.908820095223359381e+00
7.312732791431452384e+00
9.236181543108379799e+00
1.431752655671925822e+01
1.986716534556201808e+01
8.740387444736633427e+00
1.266602473693425601e+01
6.863662517577697741e+00
9.373021315815206478e+00
9.965574970333758387e+00
1.117038385124011413e+01
1.070474469691662733e+01
9.373021315815206478e+00
9.965574970333758387e+00
1.251433034574463399e+01
9.373021315815206478e+00
1.040314189572019821e+01
9.373021315815206478e+00
1.058513485680245481e+01
8.136857890256438353e+00
8.740387444736633427e+00
9.373021315815206478e+00
4.370193722368316713e+00
8.740387444736633427e+00
1.339876023397903637e+01
8.740387444736633427e+00
1.488434347843123184e+01
9.373021315815206478e+00
1.619528777809902209e+01
1.117038385124011413e+01
4.068428945128219176e+00
8.136857890256438353e+00
9.965574970333758387e+00
9.965574970333758387e+00
1.726088217525477830e+01
1.436192209445157708e+01
1.178062436274634450e+01
1.296408962885714899e+01
8.740387444736633427e+00
1.220528683538465842e+01
9.373021315815206478e+00
9.236181543108379799e+00
1.276615297284584649e+01
1.377362305878664728e+01
1.513879513212096128e+01
1.210051848659980855e+01
9.373021315815206478e+00
1.335116235624909109e+01
1.220528683538465842e+01
1.579730833933717626e+01
1.462546558286290477e+01
1.058513485680245481e+01
1.543035303761632804e+01
1.501210842680413826e+01
1.363425735166143049e+01
1.436192209445157708e+01
1.306193320280393344e+01
8.667244841319218907e+00
7.735777827895049086e+00
1.256509862862843541e+01
1.386575534383213970e+01
1.281592373849173683e+01
1.518078909665319287e+01
1.462546558286290477e+01
9.097283682934460103e+00
7.484820637019110379e+00
1.607692842495848140e+01
1.058513485680245481e+01
1.178062436274634450e+01
1.381976597885341995e+01
9.097283682934460103e+00
1.530607971465162365e+01
1.436192209445157708e+01
1.386575534383213970e+01
8.368283871884004910e+00
1.311058116710494836e+01
9.373021315815206478e+00
1.145179781116143225e+01
1.261566261010080048e+01
1.052482020710848865e+01
1.225733520300188317e+01
1.178062436274634450e+01
1.377362305878664728e+01
1.145179781116143225e+01
8.956231982162769611e+00
1.105581278308273596e+01
9.027033336764100468e+00
1.215301555949299761e+01
