1.631278838364701755e+01
8.740387444736633427e+00
1.363425735166143049e+01
1.400281721259029588e+01
1.631278838364701755e+01
1.236077446474206631e+01
1.128379167095512514e+01
8.136857890256438353e+00
1.436192209445157708e+01
1.320733953636073110e+01
1.427299292922216978e+01
1.599753570059363028e+01
1.496964127403822076e+01
1.178062436274634450e+01
1.603728119216292924e+01
1.386575534383213970e+01
1.833399137695016279e+01
1.534761596392107741e+01
8.136857890256438353e+00
2.065272978291924133e+01
9.373021315815206478e+00
1.381976597885341995e+01
9.373021315815206478e+00
9.836981518731869656e+00
1.117038385124011413e+01
1.058513485680245481e+01
8.740387444736633427e+00
9.706684619910241452e+00
1.471226436021925466e+01
9.373021315815206478e+00
1.009253008808064145e+01
9.373021315815206478e+00
1.058513485680245481e+01
3.908820095223359381e+00
7.817640190446718762e+00
9.373021315815206478e+00
7.399277020331918919e+00
1.381976597885341995e+01
8.058239062071395509e+00
1.599753570059363028e+01
9.574614729634383536e+00
1.696325844612841038e+01
1.156244577056221523e+01
7.225151993843566878e+00
9.901487006738307173e+00
9.772050238058398008e+00
1.840330728156092377e+01
1.611647812414279102e+01
1.178062436274634450e+01
1.276615297284584649e+01
1.204779266504070279e+01
5.292567428401227403e+00
8.136857890256438353e+00
7.978845608028653835e+00
1.306193320280393344e+01
1.404820733880128181e+01
1.538904010394216471e+01
1.199483507827737583e+01
8.667244841319218907e+00
1.335116235624909109e+01
1.225733520300188317e+01
1.677456227108388731e+01
1.479855404066383784e+01
1.034176589165282145e+01
1.547155565579009817e+01
1.595769121605730767e+01
1.363425735166143049e+01
1.488434347843123184e+01
1.335116235624909109e+01
7.312732791431452384e+00
1.339876023397903637e+01
1.404820733880128181e+01
1.330339418036568588e+01
1.538904010394216471e+01
1.479855404066383784e+01
6.955796338302048021e+00
1.650676414605009157e+01
1.058513485680245481e+01
1.183454054540639433e+01
1.453814859003845150e+01
7.569397566060480642e+00
1.563528038089343752e+01
1.595769121605730767e+01
1.377362305878664728e+01
6.282549314314217703e+00
1.311058116710494836e+01
9.373021315815206478e+00
1.145179781116143225e+01
1.256509862862843541e+01
1.040314189572019821e+01
1.220528683538465842e+01
1.178062436274634450e+01
1.484151074652385738e+01
1.134007028277388685e+01
7.735777827895049086e+00
1.094004191971426110e+01
6.770275002573075795e+00
1.261566261010080048e+01
