1.543035303761632804e+01
9.706684619910241452e+00
1.325545386523797831e+01
1.607692842495848140e+01
1.372732503515539548e+01
1.236077446474206631e+01
1.134007028277388685e+01
9.166995688475081394e+00
1.422831991532699902e+01
1.320733953636073110e+01
1.413855043925722121e+01
1.591774699517169012e+01
1.479855404066383784e+01
3.568248232305542444e+00
1.178062436274634450e+01
1.413855043925722121e+01
3.908820095223359381e+00
1.344618962205996482e+01
6.675581178124545545e+00
1.773387063078969206e+01
7.046725639945927711e+00
1.496964127403822076e+01
9.097283682934460103e+00
1.996306533331256716e+01
8.740387444736633427e+00
1.276615297284584649e+01
6.282549314314217703e+00
9.373021315815206478e+00
9.965574970333758387e+00
1.117038385124011413e+01
1.064510777218481152e+01
9.373021315815206478e+00
9.965574970333758387e+00
1.315904928495908166e+01
9.373021315815206478e+00
1.034176589165282145e+01
9.373021315815206478e+00
1.058513485680245481e+01
7.817640190446718762e+00
8.884866446580955923e+00
9.373021315815206478e+00
8.667244841319218907e+00
1.363425735166143049e+01
8.740387444736633427e+00
1.538904010394216471e+01
9.373021315815206478e+00
1.627371578051287671e+01
1.150725478350318376e+01
8.136857890256438353e+00
1.015541250385961369e+01
9.965574970333758387e+00
1.740778594902202769e+01
1.462546558286290477e+01
1.178062436274634450e+01
1.291488987023529766e+01
8.444016491289504600e+00
1.220528683538465842e+01
9.373021315815206478e+00
9.166995688475081394e+00
1.276615297284584649e+01
1.381976597885341995e+01
1.526443044094783019e+01
1.210051848659980855e+01
9.373021315815206478e+00
1.335116235624909109e+01
1.230916348999737586e+01
1.587770228520368221e+01
1.462546558286290477e+01
1.058513485680245481e+01
1.543035303761632804e+01
1.513879513212096128e+01
1.363425735166143049e+01
1.449429283826230197e+01
1.311058116710494836e+01
7.484820637019110379e+00
8.368283871884004910e+00
1.261566261010080048e+01
1.381976597885341995e+01
1.296408962885714899e+01
1.522266721510391640e+01
1.462546558286290477e+01
8.884866446580955923e+00
6.770275002573075795e+00
1.607692842495848140e+01
1.058513485680245481e+01
1.178062436274634450e+01
1.381976597885341995e+01
8.956231982162769611e+00
1.466892917224166482e+01
1.534761596392107741e+01
1.386575534383213970e+01
8.136857890256438353e+00
1.311058116710494836e+01
9.373021315815206478e+00
1.145179781116143225e+01
1.261566261010080048e+01
1.046415791390898242e+01
1.225733520300188317e+01
1.178062436274634450e+01
1.395727947504383337e+01
1.139607097042601680e+01
8.884866446580955923e+00
1.099807968464679142e+01
8.812923024107547576e+00
1.225733520300188317e+01
