1.128379167095512559e+00
8.136857890256438353e+00
4.068428945128219176e+00
1.256509862862843541e+01
9.507891862878782518e+00
7.312732791431452384e+00
1.296408962885714899e+01
1.220528683538465842e+01
1.236077446474206631e+01
1.015541250385961369e+01
1.122723095552866468e+01
3.191538243211461623e+00
7.312732791431452384e+00
9.373021315815206478e+00
1.266602473693425601e+01
1.178062436274634450e+01
7.569397566060480642e+00
1.251433034574463399e+01
8.740387444736633427e+00
1.266602473693425601e+01
8.136857890256438353e+00
1.251433034574463399e+01
1.088169461344923583e+01
1.082303275961201905e+01
9.304852983362556174e+00
6.675581178124545545e+00
6.383076486422923246e+00
7.569397566060480642e+00
1.509668435477122017e+01
8.740387444736633427e+00
7.653039857325811823e+00
7.399277020331918919e+00
1.167204486311898926e+01
7.735777827895049086e+00
1.156244577056221523e+01
8.740387444736633427e+00
6.383076486422923246e+00
1.599753570059363028e+01
6.770275002573075795e+00
8.884866446580955923e+00
5.170882945826410726e+00
9.706684619910241452e+00
7.735777827895049086e+00
8.884866446580955923e+00
7.484820637019110379e+00
9.836981518731869656e+00
1.082303275961201905e+01
6.579524642479540830e+00
1.052482020710848865e+01
9.640875829802336483e+00
9.640875829802336483e+00
7.569397566060480642e+00
9.507891862878782518e+00
9.507891862878782518e+00
9.373021315815206478e+00
8.740387444736633427e+00
9.440697438826296306e+00
8.593479713983121826e+00
7.484820637019110379e+00
7.225151993843566878e+00
8.956231982162769611e+00
8.136857890256438353e+00
9.507891862878782518e+00
8.740387444736633427e+00
8.740387444736633427e+00
1.117038385124011413e+01
1.296408962885714899e+01
9.373021315815206478e+00
8.136857890256438353e+00
1.040314189572019821e+01
7.569397566060480642e+00
1.479855404066383784e+01
8.884866446580955923e+00
9.901487006738307173e+00
8.740387444736633427e+00
1.276615297284584649e+01
1.458187244392064308e+01
4.513516668382050234e+00
1.117038385124011413e+01
8.519075891779829490e+00
1.161737456321036532e+01
6.675581178124545545e+00
1.204779266504070279e+01
7.225151993843566878e+00
9.304852983362556174e+00
7.817640190446718762e+00
9.836981518731869656e+00
5.753627391751591880e+00
7.484820637019110379e+00
1.094004191971426110e+01
5.046265044040320724e+00
1.236077446474206631e+01
1.188821220645068522e+01
9.507891862878782518e+00
1.236077446474206631e+01
1.281592373849173683e+01
1.134007028277388685e+01
1.330339418036568588e+01
5.753627391751591880e+00
1.349345229721172146e+01
1.058513485680245481e+01
1.475547227809780537e+01
1.395727947504383337e+01
8.058239062071395509e+00
7.312732791431452384e+00
1.215301555949299761e+01
8.136857890256438353e+00
1.261566261010080048e+01
7.484820637019110379e+00
9.507891862878782518e+00
7.399277020331918919e+00
8.368283871884004910e+00
6.383076486422923246e+00
8.444016491289504600e+00
1.150725478350318376e+01
1.276615297284584649e+01
1.210051848659980855e+01
1.344618962205996482e+01
1.354055000514615159e+01
8.136857890256438353e+00
8.740387444736633427e+00
7.136496464611084889e+00
1.386575534383213970e+01
5.753627391751591880e+00
1.046415791390898242e+01
5.170882945826410726e+00
1.070474469691662733e+01
1.246335526484300615e+01
3.908820095223359381e+00
9.373021315815206478e+00
6.863662517577697741e+00
5.411516379806009525e+00
1.311058116710494836e+01
1.220528683538465842e+01
1.281592373849173683e+01
6.675581178124545545e+00
9.373021315815206478e+00
6.180387232371033157e+00
1.204779266504070279e+01
9.836981518731869656e+00
9.965574970333758387e+00
1.009253008808064145e+01
1.156244577056221523e+01
1.117038385124011413e+01
1.145179781116143225e+01
7.225151993843566878e+00
1.215301555949299761e+01
1.082303275961201905e+01
4.787307364817191768e+00
9.373021315815206478e+00
1.021790793990058255e+01
9.507891862878782518e+00
1.002925341359354938e+01
