1.395727947504383337e+01
9.965574970333758387e+00
1.484151074652385738e+01
1.296408962885714899e+01
1.335116235624909109e+01
4.918490759365934828e+00
1.236077446474206631e+01
1.105581278308273596e+01
5.753627391751591880e+00
9.373021315815206478e+00
1.325545386523797831e+01
1.256509862862843541e+01
1.320733953636073110e+01
2.985410660720923204e+00
7.569397566060480642e+00
1.453814859003845150e+01
7.653039857325811823e+00
1.404820733880128181e+01
1.178062436274634450e+01
1.178062436274634450e+01
8.291859587312051971e+00
5.753627391751591880e+00
8.136857890256438353e+00
6.579524642479540830e+00
1.225733520300188317e+01
6.770275002573075795e+00
1.635176762293251684e+01
8.136857890256438353e+00
9.373021315815206478e+00
1.296408962885714899e+01
1.826441241104166124e+01
5.641895835477562571e+00
8.740387444736633427e+00
1.094004191971426110e+01
7.653039857325811823e+00
9.373021315815206478e+00
9.965574970333758387e+00
4.222008245644752300e+00
1.117038385124011413e+01
1.058513485680245481e+01
9.507891862878782518e+00
9.965574970333758387e+00
6.482044814428574497e+00
1.021790793990058255e+01
9.373021315815206478e+00
1.021790793990058255e+01
9.097283682934460103e+00
9.772050238058398008e+00
8.136857890256438353e+00
5.411516379806009525e+00
9.236181543108379799e+00
7.484820637019110379e+00
9.901487006738307173e+00
8.740387444736633427e+00
8.368283871884004910e+00
1.261566261010080048e+01
1.363425735166143049e+01
9.373021315815206478e+00
7.569397566060480642e+00
1.563528038089343752e+01
1.094004191971426110e+01
6.675581178124545545e+00
8.740387444736633427e+00
9.965574970333758387e+00
8.593479713983121826e+00
1.611647812414279102e+01
1.354055000514615159e+01
1.167204486311898926e+01
1.256509862862843541e+01
9.304852983362556174e+00
1.215301555949299761e+01
5.170882945826410726e+00
9.507891862878782518e+00
5.970821321441846408e+00
9.965574970333758387e+00
1.246335526484300615e+01
1.372732503515539548e+01
1.215301555949299761e+01
9.836981518731869656e+00
1.330339418036568588e+01
1.377362305878664728e+01
1.194164264288369282e+01
1.445030398768713376e+01
1.381976597885341995e+01
1.058513485680245481e+01
1.530607971465162365e+01
1.445030398768713376e+01
1.315904928495908166e+01
1.271618740744904485e+01
1.404820733880128181e+01
6.383076486422923246e+00
5.970821321441846408e+00
5.411516379806009525e+00
8.214724333230154940e+00
8.291859587312051971e+00
1.178062436274634450e+01
1.358748446131948917e+01
1.225733520300188317e+01
1.479855404066383784e+01
1.453814859003845150e+01
9.373021315815206478e+00
7.817640190446718762e+00
1.583755632390385770e+01
5.641895835477562571e+00
1.058513485680245481e+01
1.178062436274634450e+01
1.344618962205996482e+01
9.373021315815206478e+00
1.440618081907316395e+01
1.368087033328175828e+01
1.400281721259029588e+01
9.236181543108379799e+00
1.306193320280393344e+01
9.772050238058398008e+00
1.117038385124011413e+01
1.230916348999737586e+01
1.058513485680245481e+01
1.225733520300188317e+01
1.178062436274634450e+01
3.742410318509555189e+00
1.311058116710494836e+01
1.150725478350318376e+01
9.373021315815206478e+00
1.117038385124011413e+01
9.373021315815206478e+00
1.117038385124011413e+01
6.383076486422923246e+00
