1.579730833933717626e+01
9.236181543108379799e+00
1.335116235624909109e+01
1.627371578051287671e+01
1.377362305878664728e+01
1.236077446474206631e+01
1.128379167095512514e+01
8.812923024107547576e+00
1.440618081907316395e+01
1.320733953636073110e+01
1.427299292922216978e+01
1.599753570059363028e+01
1.479855404066383784e+01
1.178062436274634450e+01
1.530607971465162365e+01
1.377362305878664728e+01
1.808929415419343556e+01
1.518078909665319287e+01
5.527906391541367981e+00
8.444016491289504600e+00
9.772050238058398008e+00
2.031082500771922739e+01
1.349345229721172146e+01
9.373021315815206478e+00
9.901487006738307173e+00
1.117038385124011413e+01
1.058513485680245481e+01
9.236181543108379799e+00
9.965574970333758387e+00
1.395727947504383337e+01
9.373021315815206478e+00
1.021790793990058255e+01
9.373021315815206478e+00
1.058513485680245481e+01
6.383076486422923246e+00
8.136857890256438353e+00
9.373021315815206478e+00
8.058239062071395509e+00
1.368087033328175828e+01
8.444016491289504600e+00
1.579730833933717626e+01
9.373021315815206478e+00
1.681247093473193388e+01
1.145179781116143225e+01
7.978845608028653835e+00
9.965574970333758387e+00
9.965574970333758387e+00
1.794796937867891984e+01
1.538904010394216471e+01
1.178062436274634450e+01
1.276615297284584649e+01
1.210051848659980855e+01
6.863662517577697741e+00
8.812923024107547576e+00
8.667244841319218907e+00
1.301310337505149661e+01
1.395727947504383337e+01
1.538904010394216471e+01
1.204779266504070279e+01
9.027033336764100468e+00
1.335116235624909109e+01
1.225733520300188317e+01
1.623454913941802857e+01
1.479855404066383784e+01
1.046415791390898242e+01
1.543035303761632804e+01
1.543035303761632804e+01
1.358748446131948917e+01
1.484151074652385738e+01
1.330339418036568588e+01
7.735777827895049086e+00
5.970821321441846408e+00
1.306193320280393344e+01
1.395727947504383337e+01
1.315904928495908166e+01
1.538904010394216471e+01
1.479855404066383784e+01
8.136857890256438353e+00
1.642944866646030988e+01
2.985410660720923204e+00
1.058513485680245481e+01
1.178062436274634450e+01
1.400281721259029588e+01
8.667244841319218907e+00
1.509668435477122017e+01
1.555363345008750464e+01
1.377362305878664728e+01
7.569397566060480642e+00
1.311058116710494836e+01
9.373021315815206478e+00
1.145179781116143225e+01
1.251433034574463399e+01
1.034176589165282145e+01
1.220528683538465842e+01
1.178062436274634450e+01
1.427299292922216978e+01
1.134007028277388685e+01
8.136857890256438353e+00
1.094004191971426110e+01
7.898654169668588132e+00
1.241217083805063837e+01
