1.611647812414279102e+01
9.166995688475081394e+00
1.344618962205996482e+01
1.381976597885341995e+01
1.627371578051287671e+01
1.236077446474206631e+01
1.128379167095512514e+01
8.812923024107547576e+00
1.436192209445157708e+01
1.320733953636073110e+01
1.427299292922216978e+01
1.599753570059363028e+01
1.479855404066383784e+01
1.178062436274634450e+01
1.559451034962034477e+01
1.377362305878664728e+01
1.819456736586892021e+01
1.530607971465162365e+01
4.068428945128219176e+00
8.291859587312051971e+00
9.772050238058398008e+00
2.046694433025771787e+01
1.377362305878664728e+01
9.373021315815206478e+00
9.836981518731869656e+00
1.117038385124011413e+01
1.058513485680245481e+01
9.097283682934460103e+00
9.836981518731869656e+00
1.440618081907316395e+01
9.373021315815206478e+00
1.021790793990058255e+01
9.373021315815206478e+00
1.058513485680245481e+01
5.753627391751591880e+00
8.136857890256438353e+00
9.373021315815206478e+00
7.735777827895049086e+00
1.381976597885341995e+01
8.136857890256438353e+00
1.583755632390385770e+01
9.373021315815206478e+00
1.685029431422315938e+01
1.150725478350318376e+01
7.735777827895049086e+00
9.965574970333758387e+00
9.836981518731869656e+00
1.808929415419343556e+01
1.563528038089343752e+01
1.178062436274634450e+01
1.276615297284584649e+01
1.204779266504070279e+01
6.482044814428574497e+00
8.444016491289504600e+00
8.519075891779829490e+00
1.301310337505149661e+01
1.404820733880128181e+01
1.538904010394216471e+01
1.199483507827737583e+01
9.027033336764100468e+00
1.335116235624909109e+01
1.225733520300188317e+01
1.639065416446577927e+01
1.479855404066383784e+01
1.034176589165282145e+01
1.547155565579009817e+01
1.555363345008750464e+01
1.363425735166143049e+01
1.484151074652385738e+01
1.335116235624909109e+01
7.484820637019110379e+00
1.344618962205996482e+01
4.652426491681278087e+00
1.404820733880128181e+01
1.325545386523797831e+01
1.538904010394216471e+01
1.479855404066383784e+01
7.898654169668588132e+00
1.650676414605009157e+01
1.058513485680245481e+01
1.178062436274634450e+01
1.427299292922216978e+01
8.368283871884004910e+00
1.547155565579009817e+01
1.567594437773643001e+01
1.377362305878664728e+01
7.136496464611084889e+00
1.311058116710494836e+01
9.373021315815206478e+00
1.145179781116143225e+01
1.256509862862843541e+01
1.040314189572019821e+01
1.220528683538465842e+01
1.178062436274634450e+01
1.445030398768713376e+01
1.134007028277388685e+01
8.136857890256438353e+00
1.094004191971426110e+01
7.484820637019110379e+00
1.251433034574463399e+01
