5.411516379806009525e+00
5.970821321441846408e+00
8.136857890256438353e+00
1.236077446474206631e+01
9.507891862878782518e+00
7.569397566060480642e+00
1.276615297284584649e+01
2.985410660720923204e+00
1.183454054540639433e+01
1.194164264288369282e+01
9.027033336764100468e+00
1.070474469691662733e+01
5.292567428401227403e+00
7.484820637019110379e+00
9.373021315815206478e+00
2.985410660720923204e+00
1.172646028567007725e+01
1.178062436274634450e+01
7.735777827895049086e+00
1.236077446474206631e+01
8.058239062071395509e+00
1.194164264288369282e+01
8.444016491289504600e+00
1.128379167095512514e+01
1.034176589165282145e+01
4.787307364817191768e+00
5.641895835477562571e+00
4.222008245644752300e+00
3.568248232305542444e+00
1.058513485680245481e+01
9.304852983362556174e+00
7.046725639945927711e+00
7.046725639945927711e+00
7.569397566060480642e+00
7.312732791431452384e+00
8.291859587312051971e+00
7.653039857325811823e+00
7.569397566060480642e+00
5.046265044040320724e+00
1.117038385124011413e+01
7.484820637019110379e+00
8.740387444736633427e+00
6.863662517577697741e+00
1.122723095552866468e+01
1.225733520300188317e+01
1.551264883747923129e+01
6.863662517577697741e+00
8.444016491289504600e+00
5.753627391751591880e+00
9.507891862878782518e+00
4.918490759365934828e+00
7.817640190446718762e+00
8.740387444736633427e+00
7.484820637019110379e+00
9.507891862878782518e+00
1.052482020710848865e+01
6.863662517577697741e+00
1.015541250385961369e+01
9.901487006738307173e+00
9.706684619910241452e+00
7.569397566060480642e+00
9.304852983362556174e+00
9.027033336764100468e+00
9.304852983362556174e+00
8.740387444736633427e+00
9.373021315815206478e+00
8.593479713983121826e+00
7.735777827895049086e+00
7.653039857325811823e+00
9.027033336764100468e+00
8.136857890256438353e+00
9.373021315815206478e+00
3.908820095223359381e+00
8.740387444736633427e+00
8.740387444736633427e+00
1.117038385124011413e+01
1.271618740744904485e+01
9.373021315815206478e+00
8.214724333230154940e+00
1.021790793990058255e+01
7.312732791431452384e+00
1.445030398768713376e+01
8.884866446580955923e+00
9.901487006738307173e+00
8.740387444736633427e+00
6.383076486422923246e+00
1.266602473693425601e+01
1.391159267660409604e+01
1.117038385124011413e+01
8.444016491289504600e+00
1.117038385124011413e+01
6.863662517577697741e+00
1.194164264288369282e+01
7.569397566060480642e+00
8.740387444736633427e+00
8.291859587312051971e+00
6.383076486422923246e+00
9.166995688475081394e+00
4.513516668382050234e+00
7.978845608028653835e+00
6.383076486422923246e+00
1.052482020710848865e+01
1.225733520300188317e+01
1.161737456321036532e+01
9.507891862878782518e+00
1.194164264288369282e+01
1.188821220645068522e+01
1.105581278308273596e+01
2.256758334191025117e+00
6.863662517577697741e+00
1.266602473693425601e+01
1.058513485680245481e+01
1.236077446474206631e+01
1.445030398768713376e+01
1.372732503515539548e+01
8.136857890256438353e+00
7.817640190446718762e+00
1.161737456321036532e+01
8.368283871884004910e+00
4.513516668382050234e+00
1.246335526484300615e+01
7.569397566060480642e+00
9.507891862878782518e+00
7.569397566060480642e+00
7.225151993843566878e+00
8.444016491289504600e+00
8.519075891779829490e+00
1.094004191971426110e+01
5.170882945826410726e+00
1.271618740744904485e+01
1.199483507827737583e+01
1.320733953636073110e+01
1.306193320280393344e+01
8.136857890256438353e+00
8.740387444736633427e+00
7.399277020331918919e+00
1.320733953636073110e+01
6.482044814428574497e+00
1.028002345391383443e+01
6.383076486422923246e+00
1.058513485680245481e+01
1.215301555949299761e+01
5.970821321441846408e+00
7.484820637019110379e+00
9.373021315815206478e+00
6.383076486422923246e+00
1.256509862862843541e+01
1.178062436274634450e+01
7.046725639945927711e+00
1.236077446474206631e+01
9.236181543108379799e+00
6.863662517577697741e+00
1.194164264288369282e+01
9.836981518731869656e+00
9.965574970333758387e+00
1.021790793990058255e+01
1.122723095552866468e+01
1.076405121554611632e+01
1.134007028277388685e+01
7.569397566060480642e+00
1.188821220645068522e+01
1.058513485680245481e+01
5.753627391751591880e+00
9.373021315815206478e+00
1.009253008808064145e+01
9.507891862878782518e+00
9.836981518731869656e+00
7.653039857325811823e+00
