1.575695754970980111e+01
9.507891862878782518e+00
1.330339418036568588e+01
1.619528777809902209e+01
1.377362305878664728e+01
1.236077446474206631e+01
1.128379167095512514e+01
9.097283682934460103e+00
1.445030398768713376e+01
1.320733953636073110e+01
1.422831991532699902e+01
1.599753570059363028e+01
1.479855404066383784e+01
1.178062436274634450e+01
1.471226436021925466e+01
1.372732503515539548e+01
4.918490759365934828e+00
1.798340469329240676e+01
6.180387232371033157e+00
1.513879513212096128e+01
8.884866446580955923e+00
2.024804023614933612e+01
9.236181543108379799e+00
1.320733953636073110e+01
9.373021315815206478e+00
4.068428945128219176e+00
9.901487006738307173e+00
1.117038385124011413e+01
1.058513485680245481e+01
9.236181543108379799e+00
9.965574970333758387e+00
1.349345229721172146e+01
9.373021315815206478e+00
1.034176589165282145e+01
9.373021315815206478e+00
1.058513485680245481e+01
6.863662517577697741e+00
8.444016491289504600e+00
9.373021315815206478e+00
8.214724333230154940e+00
1.363425735166143049e+01
8.740387444736633427e+00
1.567594437773643001e+01
9.373021315815206478e+00
1.658371917462410394e+01
1.145179781116143225e+01
8.136857890256438353e+00
9.965574970333758387e+00
9.965574970333758387e+00
1.762584604821509515e+01
1.496964127403822076e+01
1.178062436274634450e+01
1.281592373849173683e+01
1.210051848659980855e+01
7.399277020331918919e+00
8.956231982162769611e+00
9.027033336764100468e+00
1.291488987023529766e+01
1.386575534383213970e+01
1.530607971465162365e+01
1.204779266504070279e+01
9.166995688475081394e+00
1.335116235624909109e+01
1.225733520300188317e+01
1.607692842495848140e+01
1.479855404066383784e+01
1.058513485680245481e+01
1.543035303761632804e+01
1.538904010394216471e+01
1.358748446131948917e+01
1.466892917224166482e+01
1.320733953636073110e+01
8.058239062071395509e+00
6.383076486422923246e+00
1.276615297284584649e+01
1.386575534383213970e+01
1.306193320280393344e+01
1.522266721510391640e+01
1.471226436021925466e+01
8.136857890256438353e+00
1.635176762293251684e+01
4.918490759365934828e+00
1.058513485680245481e+01
1.178062436274634450e+01
1.400281721259029588e+01
8.740387444736633427e+00
1.479855404066383784e+01
1.547155565579009817e+01
1.381976597885341995e+01
7.978845608028653835e+00
1.311058116710494836e+01
9.373021315815206478e+00
1.145179781116143225e+01
1.251433034574463399e+01
1.034176589165282145e+01
1.220528683538465842e+01
1.178062436274634450e+01
1.422831991532699902e+01
1.134007028277388685e+01
8.136857890256438353e+00
1.094004191971426110e+01
8.444016491289504600e+00
1.225733520300188317e+01
