1.088169461344923583e+01
7.898654169668588132e+00
8.956231982162769611e+00
8.519075891779829490e+00
7.569397566060480642e+00
1.413855043925722121e+01
9.836981518731869656e+00
1.028002345391383443e+01
1.296408962885714899e+01
1.117038385124011413e+01
9.965574970333758387e+00
9.640875829802336483e+00
1.220528683538465842e+01
1.422831991532699902e+01
1.046415791390898242e+01
1.058513485680245481e+01
9.027033336764100468e+00
4.370193722368316713e+00
9.373021315815206478e+00
9.965574970333758387e+00
1.156244577056221523e+01
7.399277020331918919e+00
8.740387444736633427e+00
7.484820637019110379e+00
9.373021315815206478e+00
1.058513485680245481e+01
7.817640190446718762e+00
8.593479713983121826e+00
1.251433034574463399e+01
1.150725478350318376e+01
8.444016491289504600e+00
1.178062436274634450e+01
7.225151993843566878e+00
6.180387232371033157e+00
9.965574970333758387e+00
8.740387444736633427e+00
7.978845608028653835e+00
1.058513485680245481e+01
1.183454054540639433e+01
7.225151993843566878e+00
1.256509862862843541e+01
9.097283682934460103e+00
8.291859587312051971e+00
1.215301555949299761e+01
1.058513485680245481e+01
9.166995688475081394e+00
9.507891862878782518e+00
1.009253008808064145e+01
7.978845608028653835e+00
8.136857890256438353e+00
1.105581278308273596e+01
1.256509862862843541e+01
1.413855043925722121e+01
1.954410047611679691e+00
8.593479713983121826e+00
1.117038385124011413e+01
1.058513485680245481e+01
1.271618740744904485e+01
1.028002345391383443e+01
1.199483507827737583e+01
1.296408962885714899e+01
7.312732791431452384e+00
1.058513485680245481e+01
5.753627391751591880e+00
9.507891862878782518e+00
6.282549314314217703e+00
4.918490759365934828e+00
9.373021315815206478e+00
8.740387444736633427e+00
1.111324596323282954e+01
1.122723095552866468e+01
5.170882945826410726e+00
1.422831991532699902e+01
8.136857890256438353e+00
7.399277020331918919e+00
6.955796338302048021e+00
9.373021315815206478e+00
9.304852983362556174e+00
8.740387444736633427e+00
8.884866446580955923e+00
1.220528683538465842e+01
1.261566261010080048e+01
1.070474469691662733e+01
1.099807968464679142e+01
1.199483507827737583e+01
9.772050238058398008e+00
9.507891862878782518e+00
1.167204486311898926e+01
1.094004191971426110e+01
9.373021315815206478e+00
7.136496464611084889e+00
9.965574970333758387e+00
1.046415791390898242e+01
1.117038385124011413e+01
9.640875829802336483e+00
6.282549314314217703e+00
1.199483507827737583e+01
8.593479713983121826e+00
7.569397566060480642e+00
8.291859587312051971e+00
7.898654169668588132e+00
1.002925341359354938e+01
1.167204486311898926e+01
7.225151993843566878e+00
1.400281721259029588e+01
9.236181543108379799e+00
1.070474469691662733e+01
1.427299292922216978e+01
4.513516668382050234e+00
6.579524642479540830e+00
1.105581278308273596e+01
8.136857890256438353e+00
8.884866446580955923e+00
8.444016491289504600e+00
1.150725478350318376e+01
1.117038385124011413e+01
8.444016491289504600e+00
6.770275002573075795e+00
1.128379167095512514e+01
1.161737456321036532e+01
8.214724333230154940e+00
1.256509862862843541e+01
9.507891862878782518e+00
9.965574970333758387e+00
1.172646028567007725e+01
8.740387444736633427e+00
5.411516379806009525e+00
6.383076486422923246e+00
7.978845608028653835e+00
7.978845608028653835e+00
7.653039857325811823e+00
7.653039857325811823e+00
4.513516668382050234e+00
1.111324596323282954e+01
6.770275002573075795e+00
9.574614729634383536e+00
1.058513485680245481e+01
1.058513485680245481e+01
1.150725478350318376e+01
1.311058116710494836e+01
1.117038385124011413e+01
1.368087033328175828e+01
1.479855404066383784e+01
4.222008245644752300e+00
9.965574970333758387e+00
1.354055000514615159e+01
9.236181543108379799e+00
8.593479713983121826e+00
8.740387444736633427e+00
8.136857890256438353e+00
5.641895835477562571e+00
9.965574970333758387e+00
1.058513485680245481e+01
6.579524642479540830e+00
