9.236181543108379799e+00
1.111324596323282954e+01
8.136857890256438353e+00
1.688803298257900920e+01
9.373021315815206478e+00
1.501210842680413826e+01
1.094004191971426110e+01
1.150725478350318376e+01
9.965574970333758387e+00
9.965574970333758387e+00
1.404820733880128181e+01
1.812445316531431061e+01
1.058513485680245481e+01
1.058513485680245481e+01
8.368283871884004910e+00
9.097283682934460103e+00
9.373021315815206478e+00
1.335116235624909109e+01
6.675581178124545545e+00
9.097283682934460103e+00
1.117038385124011413e+01
1.488434347843123184e+01
7.046725639945927711e+00
1.479855404066383784e+01
1.236077446474206631e+01
6.180387232371033157e+00
1.251433034574463399e+01
3.908820095223359381e+00
7.399277020331918919e+00
1.522266721510391640e+01
1.215301555949299761e+01
1.344618962205996482e+01
8.136857890256438353e+00
1.427299292922216978e+01
4.222008245644752300e+00
1.040314189572019821e+01
9.836981518731869656e+00
9.236181543108379799e+00
1.034176589165282145e+01
1.172646028567007725e+01
1.363425735166143049e+01
1.762584604821509515e+01
1.117038385124011413e+01
1.058513485680245481e+01
1.427299292922216978e+01
1.505445578434700415e+01
1.058513485680245481e+01
1.462546558286290477e+01
1.251433034574463399e+01
1.088169461344923583e+01
1.306193320280393344e+01
9.236181543108379799e+00
1.236077446474206631e+01
3.908820095223359381e+00
1.547155565579009817e+01
9.166995688475081394e+00
9.097283682934460103e+00
7.484820637019110379e+00
1.225733520300188317e+01
1.422831991532699902e+01
1.413855043925722121e+01
1.436192209445157708e+01
1.178062436274634450e+01
6.383076486422923246e+00
9.507891862878782518e+00
1.034176589165282145e+01
1.330339418036568588e+01
1.117038385124011413e+01
9.166995688475081394e+00
1.009253008808064145e+01
1.058513485680245481e+01
1.325545386523797831e+01
1.178062436274634450e+01
1.479855404066383784e+01
4.918490759365934828e+00
1.344618962205996482e+01
1.320733953636073110e+01
1.733448968263843781e+01
1.681247093473193388e+01
1.172646028567007725e+01
1.311058116710494836e+01
5.753627391751591880e+00
1.458187244392064308e+01
5.170882945826410726e+00
5.641895835477562571e+00
1.225733520300188317e+01
1.236077446474206631e+01
1.178062436274634450e+01
1.599753570059363028e+01
1.034176589165282145e+01
9.373021315815206478e+00
1.358748446131948917e+01
8.812923024107547576e+00
5.863230142835038627e+00
1.395727947504383337e+01
9.027033336764100468e+00
1.058513485680245481e+01
1.372732503515539548e+01
1.363425735166143049e+01
1.599753570059363028e+01
1.099807968464679142e+01
1.758969042850511855e+01
1.607692842495848140e+01
9.373021315815206478e+00
1.538904010394216471e+01
9.373021315815206478e+00
9.166995688475081394e+00
7.312732791431452384e+00
9.965574970333758387e+00
