1.070474469691662733e+01
7.399277020331918919e+00
5.863230142835038627e+00
1.801877032173578996e+01
1.681247093473193388e+01
9.373021315815206478e+00
1.082303275961201905e+01
1.167204486311898926e+01
9.965574970333758387e+00
9.965574970333758387e+00
1.501210842680413826e+01
1.970629496237749478e+01
1.009253008808064145e+01
1.040314189572019821e+01
8.136857890256438353e+00
7.978845608028653835e+00
1.368087033328175828e+01
1.330339418036568588e+01
8.136857890256438353e+00
1.639065416446577927e+01
1.509668435477122017e+01
1.225733520300188317e+01
1.547155565579009817e+01
1.642944866646030988e+01
1.215301555949299761e+01
1.422831991532699902e+01
1.466892917224166482e+01
5.292567428401227403e+00
1.002925341359354938e+01
1.445030398768713376e+01
8.291859587312051971e+00
1.178062436274634450e+01
1.381976597885341995e+01
1.888139487765259261e+01
1.117038385124011413e+01
1.058513485680245481e+01
1.436192209445157708e+01
1.547155565579009817e+01
1.009253008808064145e+01
1.505445578434700415e+01
1.306193320280393344e+01
1.040314189572019821e+01
1.335116235624909109e+01
9.440697438826296306e+00
1.381976597885341995e+01
1.599753570059363028e+01
8.667244841319218907e+00
7.569397566060480642e+00
1.547155565579009817e+01
1.194164264288369282e+01
1.418350619798065715e+01
1.445030398768713376e+01
1.236077446474206631e+01
9.373021315815206478e+00
9.965574970333758387e+00
1.391159267660409604e+01
1.188821220645068522e+01
7.136496464611084889e+00
9.097283682934460103e+00
1.058513485680245481e+01
1.246335526484300615e+01
1.400281721259029588e+01
1.583755632390385770e+01
1.377362305878664728e+01
1.344618962205996482e+01
1.829923496393627147e+01
1.711271735549580697e+01
1.172646028567007725e+01
1.325545386523797831e+01
1.563528038089343752e+01
1.236077446474206631e+01
1.276615297284584649e+01
1.276615297284584649e+01
1.718695942796624365e+01
1.021790793990058255e+01
1.354055000514615159e+01
7.978845608028653835e+00
6.383076486422923246e+00
1.453814859003845150e+01
1.058513485680245481e+01
7.312732791431452384e+00
1.436192209445157708e+01
1.377362305878664728e+01
1.707547527140466670e+01
1.167204486311898926e+01
1.815954410458608237e+01
1.642944866646030988e+01
8.291859587312051971e+00
1.595769121605730767e+01
9.166995688475081394e+00
8.884866446580955923e+00
1.058513485680245481e+01
4.513516668382050234e+00
