1.117038385124011413e+01
6.863662517577697741e+00
9.027033336764100468e+00
1.563528038089343752e+01
9.373021315815206478e+00
1.117038385124011413e+01
1.418350619798065715e+01
1.117038385124011413e+01
9.965574970333758387e+00
9.965574970333758387e+00
1.296408962885714899e+01
1.603728119216292924e+01
1.076405121554611632e+01
1.058513485680245481e+01
8.740387444736633427e+00
9.373021315815206478e+00
9.965574970333758387e+00
1.261566261010080048e+01
8.136857890256438353e+00
4.787307364817191768e+00
9.373021315815206478e+00
1.058513485680245481e+01
1.339876023397903637e+01
8.136857890256438353e+00
5.970821321441846408e+00
1.128379167095512559e+00
1.306193320280393344e+01
8.214724333230154940e+00
1.225733520300188317e+01
7.735777827895049086e+00
1.058513485680245481e+01
8.667244841319218907e+00
6.955796338302048021e+00
1.363425735166143049e+01
1.150725478350318376e+01
1.296408962885714899e+01
3.742410318509555189e+00
8.740387444736633427e+00
8.136857890256438353e+00
1.335116235624909109e+01
1.070474469691662733e+01
9.373021315815206478e+00
9.373021315815206478e+00
9.965574970333758387e+00
4.222008245644752300e+00
6.579524642479540830e+00
1.117038385124011413e+01
1.296408962885714899e+01
1.555363345008750464e+01
8.136857890256438353e+00
1.117038385124011413e+01
1.058513485680245481e+01
1.368087033328175828e+01
1.058513485680245481e+01
1.386575534383213970e+01
1.344618962205996482e+01
1.117038385124011413e+01
5.292567428401227403e+00
1.082303275961201905e+01
9.373021315815206478e+00
8.136857890256438353e+00
1.225733520300188317e+01
1.178062436274634450e+01
6.675581178124545545e+00
1.488434347843123184e+01
7.898654169668588132e+00
9.373021315815206478e+00
8.740387444736633427e+00
8.884866446580955923e+00
1.363425735166143049e+01
1.117038385124011413e+01
8.740387444736633427e+00
1.296408962885714899e+01
1.363425735166143049e+01
1.117038385124011413e+01
9.373021315815206478e+00
1.021790793990058255e+01
1.241217083805063837e+01
1.117038385124011413e+01
9.373021315815206478e+00
1.058513485680245481e+01
1.058513485680245481e+01
1.266602473693425601e+01
1.145179781116143225e+01
1.377362305878664728e+01
7.653039857325811823e+00
8.444016491289504600e+00
3.908820095223359381e+00
1.178062436274634450e+01
1.236077446474206631e+01
1.591774699517169012e+01
8.291859587312051971e+00
1.145179781116143225e+01
1.509668435477122017e+01
1.122723095552866468e+01
8.444016491289504600e+00
8.740387444736633427e+00
8.740387444736633427e+00
1.276615297284584649e+01
1.156244577056221523e+01
7.735777827895049086e+00
1.215301555949299761e+01
1.178062436274634450e+01
8.136857890256438353e+00
1.445030398768713376e+01
9.507891862878782518e+00
9.965574970333758387e+00
1.291488987023529766e+01
8.740387444736633427e+00
8.136857890256438353e+00
7.484820637019110379e+00
5.411516379806009525e+00
1.315904928495908166e+01
9.440697438826296306e+00
1.058513485680245481e+01
1.315904928495908166e+01
1.484151074652385738e+01
1.058513485680245481e+01
1.178062436274634450e+01
1.538904010394216471e+01
1.615593100600235843e+01
9.965574970333758387e+00
1.445030398768713376e+01
9.507891862878782518e+00
9.373021315815206478e+00
8.740387444736633427e+00
6.482044814428574497e+00
9.965574970333758387e+00
1.058513485680245481e+01
