9.236181543108379799e+00
1.117038385124011413e+01
8.368283871884004910e+00
1.685029431422315938e+01
9.373021315815206478e+00
1.492705330360461602e+01
1.111324596323282954e+01
1.156244577056221523e+01
9.965574970333758387e+00
9.965574970333758387e+00
1.391159267660409604e+01
1.798340469329240676e+01
1.058513485680245481e+01
1.058513485680245481e+01
8.667244841319218907e+00
9.097283682934460103e+00
9.373021315815206478e+00
1.335116235624909109e+01
6.955796338302048021e+00
9.166995688475081394e+00
1.099807968464679142e+01
1.479855404066383784e+01
7.225151993843566878e+00
1.475547227809780537e+01
1.236077446474206631e+01
6.482044814428574497e+00
4.787307364817191768e+00
1.230916348999737586e+01
7.735777827895049086e+00
1.505445578434700415e+01
1.215301555949299761e+01
1.335116235624909109e+01
8.368283871884004910e+00
1.427299292922216978e+01
5.170882945826410726e+00
1.046415791390898242e+01
9.836981518731869656e+00
9.304852983362556174e+00
1.028002345391383443e+01
1.178062436274634450e+01
1.358748446131948917e+01
1.751715531361111644e+01
1.117038385124011413e+01
1.058513485680245481e+01
1.422831991532699902e+01
1.496964127403822076e+01
1.058513485680245481e+01
1.462546558286290477e+01
1.241217083805063837e+01
1.099807968464679142e+01
1.296408962885714899e+01
9.236181543108379799e+00
1.236077446474206631e+01
5.170882945826410726e+00
1.547155565579009817e+01
3.385137501286537898e+00
9.166995688475081394e+00
8.667244841319218907e+00
7.817640190446718762e+00
1.220528683538465842e+01
1.400281721259029588e+01
1.413855043925722121e+01
1.431752655671925822e+01
1.167204486311898926e+01
6.383076486422923246e+00
9.507891862878782518e+00
1.034176589165282145e+01
1.330339418036568588e+01
1.117038385124011413e+01
9.166995688475081394e+00
1.009253008808064145e+01
1.058513485680245481e+01
1.320733953636073110e+01
1.178062436274634450e+01
1.475547227809780537e+01
5.970821321441846408e+00
1.320733953636073110e+01
1.296408962885714899e+01
1.726088217525477830e+01
1.654528640181426269e+01
1.172646028567007725e+01
1.306193320280393344e+01
5.753627391751591880e+00
5.753627391751591880e+00
1.440618081907316395e+01
6.180387232371033157e+00
1.215301555949299761e+01
1.236077446474206631e+01
1.178062436274634450e+01
1.595769121605730767e+01
1.034176589165282145e+01
2.256758334191025117e+00
9.507891862878782518e+00
1.335116235624909109e+01
8.812923024107547576e+00
6.383076486422923246e+00
1.386575534383213970e+01
9.027033336764100468e+00
1.058513485680245481e+01
1.363425735166143049e+01
1.591774699517169012e+01
1.335116235624909109e+01
1.088169461344923583e+01
1.755346033766304004e+01
1.599753570059363028e+01
9.373021315815206478e+00
1.538904010394216471e+01
9.373021315815206478e+00
9.166995688475081394e+00
7.817640190446718762e+00
9.965574970333758387e+00
