9.373021315815206478e+00
1.117038385124011413e+01
8.593479713983121826e+00
1.673656774376800982e+01
9.373021315815206478e+00
1.488434347843123184e+01
1.117038385124011413e+01
1.150725478350318376e+01
9.965574970333758387e+00
9.965574970333758387e+00
1.354055000514615159e+01
1.769793569896924623e+01
1.058513485680245481e+01
1.058513485680245481e+01
9.097283682934460103e+00
9.166995688475081394e+00
9.640875829802336483e+00
1.330339418036568588e+01
7.399277020331918919e+00
9.236181543108379799e+00
1.070474469691662733e+01
1.466892917224166482e+01
7.569397566060480642e+00
1.462546558286290477e+01
1.236077446474206631e+01
7.046725639945927711e+00
5.753627391751591880e+00
1.204779266504070279e+01
8.058239062071395509e+00
1.475547227809780537e+01
1.215301555949299761e+01
1.335116235624909109e+01
6.282549314314217703e+00
8.519075891779829490e+00
1.422831991532699902e+01
1.058513485680245481e+01
9.574614729634383536e+00
9.373021315815206478e+00
1.002925341359354938e+01
1.178062436274634450e+01
1.339876023397903637e+01
1.726088217525477830e+01
1.117038385124011413e+01
1.058513485680245481e+01
4.222008245644752300e+00
1.413855043925722121e+01
1.466892917224166482e+01
1.058513485680245481e+01
1.453814859003845150e+01
1.188821220645068522e+01
1.117038385124011413e+01
1.276615297284584649e+01
9.304852983362556174e+00
1.215301555949299761e+01
5.641895835477562571e+00
1.547155565579009817e+01
5.411516379806009525e+00
9.166995688475081394e+00
7.978845608028653835e+00
8.291859587312051971e+00
1.220528683538465842e+01
1.368087033328175828e+01
1.413855043925722121e+01
1.422831991532699902e+01
1.150725478350318376e+01
6.955796338302048021e+00
9.507891862878782518e+00
1.034176589165282145e+01
1.335116235624909109e+01
1.117038385124011413e+01
9.166995688475081394e+00
1.021790793990058255e+01
1.058513485680245481e+01
1.311058116710494836e+01
1.178062436274634450e+01
1.462546558286290477e+01
6.770275002573075795e+00
1.281592373849173683e+01
1.296408962885714899e+01
1.692568750643268771e+01
1.639065416446577927e+01
1.172646028567007725e+01
1.291488987023529766e+01
5.170882945826410726e+00
6.955796338302048021e+00
6.863662517577697741e+00
1.427299292922216978e+01
6.770275002573075795e+00
1.183454054540639433e+01
1.236077446474206631e+01
1.178062436274634450e+01
1.587770228520368221e+01
5.046265044040320724e+00
1.034176589165282145e+01
9.772050238058398008e+00
1.335116235624909109e+01
8.740387444736633427e+00
6.383076486422923246e+00
4.787307364817191768e+00
1.377362305878664728e+01
9.166995688475081394e+00
1.058513485680245481e+01
1.363425735166143049e+01
1.571650316319191809e+01
1.301310337505149661e+01
1.070474469691662733e+01
1.748077488947326685e+01
1.599753570059363028e+01
9.373021315815206478e+00
1.522266721510391640e+01
9.373021315815206478e+00
9.236181543108379799e+00
8.136857890256438353e+00
9.965574970333758387e+00
