8.812923024107547576e+00
1.070474469691662733e+01
7.735777827895049086e+00
1.718695942796624365e+01
1.543035303761632804e+01
9.373021315815206478e+00
1.094004191971426110e+01
1.167204486311898926e+01
9.901487006738307173e+00
9.965574970333758387e+00
1.458187244392064308e+01
1.901578372575756504e+01
1.034176589165282145e+01
1.058513485680245481e+01
7.225151993843566878e+00
8.740387444736633427e+00
9.027033336764100468e+00
1.372732503515539548e+01
8.884866446580955923e+00
3.385137501286537898e+00
1.204779266504070279e+01
1.567594437773643001e+01
1.484151074652385738e+01
5.046265044040320724e+00
1.236077446474206631e+01
1.363425735166143049e+01
1.583755632390385770e+01
5.753627391751591880e+00
1.215301555949299761e+01
1.354055000514615159e+01
7.898654169668588132e+00
1.440618081907316395e+01
1.021790793990058255e+01
1.458187244392064308e+01
9.097283682934460103e+00
1.172646028567007725e+01
1.372732503515539548e+01
1.826441241104166124e+01
1.117038385124011413e+01
1.058513485680245481e+01
1.422831991532699902e+01
1.538904010394216471e+01
1.058513485680245481e+01
1.484151074652385738e+01
1.296408962885714899e+01
1.070474469691662733e+01
1.335116235624909109e+01
9.236181543108379799e+00
1.306193320280393344e+01
1.567594437773643001e+01
8.884866446580955923e+00
8.593479713983121826e+00
6.863662517577697741e+00
1.215301555949299761e+01
1.488434347843123184e+01
1.400281721259029588e+01
1.440618081907316395e+01
1.215301555949299761e+01
9.373021315815206478e+00
1.015541250385961369e+01
1.368087033328175828e+01
1.150725478350318376e+01
8.444016491289504600e+00
9.901487006738307173e+00
1.058513485680245481e+01
1.220528683538465842e+01
1.404820733880128181e+01
1.547155565579009817e+01
1.377362305878664728e+01
1.335116235624909109e+01
1.798340469329240676e+01
1.696325844612841038e+01
1.172646028567007725e+01
1.320733953636073110e+01
1.518078909665319287e+01
1.236077446474206631e+01
1.256509862862843541e+01
1.251433034574463399e+01
1.703815178355965898e+01
1.040314189572019821e+01
9.373021315815206478e+00
1.354055000514615159e+01
8.136857890256438353e+00
1.413855043925722121e+01
8.444016491289504600e+00
1.058513485680245481e+01
1.409345127989185542e+01
1.381976597885341995e+01
1.650676414605009157e+01
1.167204486311898926e+01
1.787688803255549530e+01
1.611647812414279102e+01
9.097283682934460103e+00
1.543035303761632804e+01
9.373021315815206478e+00
8.740387444736633427e+00
6.076507779746498805e+00
9.965574970333758387e+00
