8.812923024107547576e+00
1.070474469691662733e+01
7.978845608028653835e+00
1.718695942796624365e+01
1.543035303761632804e+01
9.373021315815206478e+00
1.094004191971426110e+01
1.167204486311898926e+01
9.901487006738307173e+00
9.965574970333758387e+00
1.449429283826230197e+01
1.871205159254777683e+01
1.034176589165282145e+01
1.058513485680245481e+01
7.225151993843566878e+00
8.812923024107547576e+00
9.166995688475081394e+00
1.368087033328175828e+01
4.222008245644752300e+00
9.027033336764100468e+00
1.188821220645068522e+01
1.555363345008750464e+01
5.753627391751591880e+00
1.479855404066383784e+01
1.236077446474206631e+01
3.568248232305542444e+00
1.335116235624909109e+01
5.753627391751591880e+00
1.559451034962034477e+01
1.225733520300188317e+01
1.354055000514615159e+01
7.978845608028653835e+00
1.440618081907316395e+01
1.021790793990058255e+01
1.453814859003845150e+01
9.166995688475081394e+00
1.172646028567007725e+01
1.368087033328175828e+01
1.822952333923949553e+01
1.117038385124011413e+01
1.058513485680245481e+01
1.418350619798065715e+01
1.530607971465162365e+01
1.058513485680245481e+01
1.484151074652385738e+01
1.296408962885714899e+01
1.070474469691662733e+01
1.330339418036568588e+01
9.236181543108379799e+00
1.306193320280393344e+01
1.567594437773643001e+01
9.097283682934460103e+00
8.740387444736633427e+00
6.955796338302048021e+00
1.210051848659980855e+01
1.479855404066383784e+01
1.400281721259029588e+01
1.440618081907316395e+01
1.210051848659980855e+01
3.191538243211461623e+00
9.373021315815206478e+00
1.015541250385961369e+01
1.363425735166143049e+01
1.139607097042601680e+01
8.593479713983121826e+00
9.965574970333758387e+00
1.058513485680245481e+01
1.204779266504070279e+01
1.404820733880128181e+01
1.538904010394216471e+01
1.377362305878664728e+01
1.335116235624909109e+01
1.798340469329240676e+01
1.696325844612841038e+01
1.172646028567007725e+01
1.320733953636073110e+01
1.501210842680413826e+01
1.230916348999737586e+01
1.256509862862843541e+01
1.246335526484300615e+01
1.703815178355965898e+01
1.046415791390898242e+01
9.373021315815206478e+00
1.354055000514615159e+01
8.136857890256438353e+00
1.413855043925722121e+01
8.444016491289504600e+00
1.058513485680245481e+01
1.404820733880128181e+01
1.167204486311898926e+01
1.381976597885341995e+01
1.642944866646030988e+01
1.773387063078969206e+01
1.611647812414279102e+01
9.097283682934460103e+00
1.543035303761632804e+01
9.373021315815206478e+00
8.740387444736633427e+00
6.180387232371033157e+00
9.965574970333758387e+00
