1.117038385124011413e+01
4.652426491681278087e+00
8.812923024107547576e+00
1.595769121605730767e+01
9.373021315815206478e+00
1.117038385124011413e+01
1.445030398768713376e+01
1.117038385124011413e+01
9.965574970333758387e+00
9.965574970333758387e+00
1.325545386523797831e+01
1.700074635581867355e+01
1.058513485680245481e+01
1.058513485680245481e+01
9.507891862878782518e+00
9.373021315815206478e+00
9.836981518731869656e+00
1.301310337505149661e+01
8.136857890256438353e+00
9.373021315815206478e+00
1.058513485680245481e+01
1.391159267660409604e+01
8.058239062071395509e+00
1.418350619798065715e+01
7.978845608028653835e+00
1.236077446474206631e+01
7.225151993843566878e+00
1.139607097042601680e+01
8.214724333230154940e+00
1.431752655671925822e+01
1.220528683538465842e+01
5.046265044040320724e+00
1.311058116710494836e+01
7.898654169668588132e+00
8.740387444736633427e+00
1.391159267660409604e+01
1.058513485680245481e+01
9.373021315815206478e+00
9.373021315815206478e+00
9.965574970333758387e+00
1.172646028567007725e+01
1.315904928495908166e+01
1.658371917462410394e+01
6.863662517577697741e+00
1.117038385124011413e+01
1.058513485680245481e+01
1.436192209445157708e+01
1.400281721259029588e+01
1.058513485680245481e+01
1.391159267660409604e+01
1.150725478350318376e+01
1.117038385124011413e+01
9.373021315815206478e+00
1.236077446474206631e+01
1.178062436274634450e+01
7.312732791431452384e+00
1.538904010394216471e+01
6.863662517577697741e+00
9.373021315815206478e+00
8.667244841319218907e+00
8.444016491289504600e+00
1.204779266504070279e+01
1.391159267660409604e+01
8.058239062071395509e+00
1.325545386523797831e+01
1.391159267660409604e+01
1.117038385124011413e+01
9.373021315815206478e+00
1.034176589165282145e+01
1.296408962885714899e+01
1.117038385124011413e+01
9.304852983362556174e+00
1.058513485680245481e+01
1.058513485680245481e+01
1.276615297284584649e+01
1.178062436274634450e+01
1.413855043925722121e+01
5.527906391541367981e+00
1.183454054540639433e+01
1.256509862862843541e+01
1.615593100600235843e+01
1.595769121605730767e+01
1.156244577056221523e+01
7.225151993843566878e+00
1.210051848659980855e+01
7.978845608028653835e+00
7.817640190446718762e+00
8.136857890256438353e+00
1.330339418036568588e+01
1.178062436274634450e+01
6.482044814428574497e+00
1.236077446474206631e+01
1.178062436274634450e+01
7.136496464611084889e+00
1.530607971465162365e+01
1.028002345391383443e+01
9.836981518731869656e+00
1.320733953636073110e+01
8.214724333230154940e+00
7.484820637019110379e+00
7.046725639945927711e+00
1.358748446131948917e+01
9.373021315815206478e+00
1.058513485680245481e+01
1.368087033328175828e+01
1.505445578434700415e+01
1.236077446474206631e+01
1.058513485680245481e+01
1.707547527140466670e+01
1.591774699517169012e+01
9.772050238058398008e+00
1.496964127403822076e+01
9.440697438826296306e+00
9.373021315815206478e+00
8.136857890256438353e+00
9.965574970333758387e+00
1.105581278308273596e+01
