1.082303275961201905e+01
7.978845608028653835e+00
8.884866446580955923e+00
8.444016491289504600e+00
7.569397566060480642e+00
1.409345127989185542e+01
9.836981518731869656e+00
1.021790793990058255e+01
1.296408962885714899e+01
1.117038385124011413e+01
9.965574970333758387e+00
9.440697438826296306e+00
1.215301555949299761e+01
1.422831991532699902e+01
1.040314189572019821e+01
1.058513485680245481e+01
9.027033336764100468e+00
5.170882945826410726e+00
9.373021315815206478e+00
9.965574970333758387e+00
1.145179781116143225e+01
7.484820637019110379e+00
8.740387444736633427e+00
7.484820637019110379e+00
9.373021315815206478e+00
1.058513485680245481e+01
7.817640190446718762e+00
8.667244841319218907e+00
1.236077446474206631e+01
1.139607097042601680e+01
8.444016491289504600e+00
1.178062436274634450e+01
7.225151993843566878e+00
6.282549314314217703e+00
3.385137501286537898e+00
9.965574970333758387e+00
8.740387444736633427e+00
7.898654169668588132e+00
1.052482020710848865e+01
1.167204486311898926e+01
7.312732791431452384e+00
1.256509862862843541e+01
9.166995688475081394e+00
8.444016491289504600e+00
1.215301555949299761e+01
1.058513485680245481e+01
9.236181543108379799e+00
9.097283682934460103e+00
1.015541250385961369e+01
7.978845608028653835e+00
8.136857890256438353e+00
1.105581278308273596e+01
1.251433034574463399e+01
1.391159267660409604e+01
3.742410318509555189e+00
8.519075891779829490e+00
1.117038385124011413e+01
1.058513485680245481e+01
1.021790793990058255e+01
1.167204486311898926e+01
1.246335526484300615e+01
1.301310337505149661e+01
7.312732791431452384e+00
1.046415791390898242e+01
6.482044814428574497e+00
9.373021315815206478e+00
6.579524642479540830e+00
5.527906391541367981e+00
9.373021315815206478e+00
8.740387444736633427e+00
1.082303275961201905e+01
1.117038385124011413e+01
5.292567428401227403e+00
1.404820733880128181e+01
8.136857890256438353e+00
7.399277020331918919e+00
7.046725639945927711e+00
9.507891862878782518e+00
9.304852983362556174e+00
8.740387444736633427e+00
8.884866446580955923e+00
1.210051848659980855e+01
1.261566261010080048e+01
1.070474469691662733e+01
1.099807968464679142e+01
1.188821220645068522e+01
9.772050238058398008e+00
9.507891862878782518e+00
1.167204486311898926e+01
1.088169461344923583e+01
9.373021315815206478e+00
7.225151993843566878e+00
9.965574970333758387e+00
1.046415791390898242e+01
6.482044814428574497e+00
1.117038385124011413e+01
9.640875829802336483e+00
1.178062436274634450e+01
8.593479713983121826e+00
7.735777827895049086e+00
8.444016491289504600e+00
8.058239062071395509e+00
1.002925341359354938e+01
1.161737456321036532e+01
7.312732791431452384e+00
1.391159267660409604e+01
9.236181543108379799e+00
1.058513485680245481e+01
1.418350619798065715e+01
4.918490759365934828e+00
6.863662517577697741e+00
1.099807968464679142e+01
8.136857890256438353e+00
8.884866446580955923e+00
3.385137501286537898e+00
8.444016491289504600e+00
1.145179781116143225e+01
1.117038385124011413e+01
8.593479713983121826e+00
6.863662517577697741e+00
1.117038385124011413e+01
1.156244577056221523e+01
8.291859587312051971e+00
1.236077446474206631e+01
9.507891862878782518e+00
9.965574970333758387e+00
1.167204486311898926e+01
8.740387444736633427e+00
5.753627391751591880e+00
6.863662517577697741e+00
7.898654169668588132e+00
7.978845608028653835e+00
7.653039857325811823e+00
7.898654169668588132e+00
5.170882945826410726e+00
1.105581278308273596e+01
6.955796338302048021e+00
9.640875829802336483e+00
1.058513485680245481e+01
1.052482020710848865e+01
1.139607097042601680e+01
1.291488987023529766e+01
1.117038385124011413e+01
1.344618962205996482e+01
1.449429283826230197e+01
4.652426491681278087e+00
3.908820095223359381e+00
9.965574970333758387e+00
1.354055000514615159e+01
9.097283682934460103e+00
8.519075891779829490e+00
8.740387444736633427e+00
8.368283871884004910e+00
5.970821321441846408e+00
1.058513485680245481e+01
6.675581178124545545e+00
9.772050238058398008e+00
