8.136857890256438353e+00
1.070474469691662733e+01
6.955796338302048021e+00
1.755346033766304004e+01
1.615593100600235843e+01
9.373021315815206478e+00
1.088169461344923583e+01
1.161737456321036532e+01
9.901487006738307173e+00
9.965574970333758387e+00
1.496964127403822076e+01
1.941336923982048290e+01
1.034176589165282145e+01
1.058513485680245481e+01
5.411516379806009525e+00
8.593479713983121826e+00
8.593479713983121826e+00
1.372732503515539548e+01
1.325545386523797831e+01
8.593479713983121826e+00
1.611647812414279102e+01
1.496964127403822076e+01
1.236077446474206631e+01
1.505445578434700415e+01
1.619528777809902209e+01
1.215301555949299761e+01
1.395727947504383337e+01
1.449429283826230197e+01
7.136496464611084889e+00
1.009253008808064145e+01
8.444016491289504600e+00
1.440618081907316395e+01
1.178062436274634450e+01
1.377362305878664728e+01
1.847236308621675960e+01
1.117038385124011413e+01
1.058513485680245481e+01
1.427299292922216978e+01
1.538904010394216471e+01
1.009253008808064145e+01
1.488434347843123184e+01
1.306193320280393344e+01
1.058513485680245481e+01
1.335116235624909109e+01
9.166995688475081394e+00
1.344618962205996482e+01
1.583755632390385770e+01
8.740387444736633427e+00
8.136857890256438353e+00
5.292567428401227403e+00
1.496964127403822076e+01
1.194164264288369282e+01
1.409345127989185542e+01
1.449429283826230197e+01
1.236077446474206631e+01
9.373021315815206478e+00
1.002925341359354938e+01
1.381976597885341995e+01
1.178062436274634450e+01
7.978845608028653835e+00
9.574614729634383536e+00
1.058513485680245481e+01
1.241217083805063837e+01
1.400281721259029588e+01
1.575695754970980111e+01
1.377362305878664728e+01
1.335116235624909109e+01
1.801877032173578996e+01
1.711271735549580697e+01
1.178062436274634450e+01
1.315904928495908166e+01
1.530607971465162365e+01
1.236077446474206631e+01
1.266602473693425601e+01
1.266602473693425601e+01
1.718695942796624365e+01
1.034176589165282145e+01
8.740387444736633427e+00
1.354055000514615159e+01
7.653039857325811823e+00
1.436192209445157708e+01
8.136857890256438353e+00
1.058513485680245481e+01
1.422831991532699902e+01
1.381976597885341995e+01
1.662206308517478703e+01
1.178062436274634450e+01
1.798340469329240676e+01
1.635176762293251684e+01
8.740387444736633427e+00
1.575695754970980111e+01
9.373021315815206478e+00
8.740387444736633427e+00
3.191538243211461623e+00
1.052482020710848865e+01
