1.070474469691662733e+01
7.225151993843566878e+00
1.805406667352820094e+01
5.411516379806009525e+00
1.692568750643268771e+01
9.373021315815206478e+00
1.082303275961201905e+01
1.167204486311898926e+01
9.965574970333758387e+00
9.965574970333758387e+00
1.509668435477122017e+01
1.983509564693765981e+01
1.009253008808064145e+01
1.034176589165282145e+01
8.136857890256438353e+00
7.735777827895049086e+00
1.368087033328175828e+01
1.330339418036568588e+01
8.136857890256438353e+00
1.646815177937675045e+01
1.522266721510391640e+01
1.220528683538465842e+01
1.547155565579009817e+01
1.646815177937675045e+01
1.215301555949299761e+01
1.422831991532699902e+01
1.466892917224166482e+01
5.170882945826410726e+00
9.965574970333758387e+00
1.445030398768713376e+01
8.291859587312051971e+00
1.167204486311898926e+01
1.381976597885341995e+01
1.891508160359295942e+01
1.117038385124011413e+01
1.052482020710848865e+01
1.436192209445157708e+01
1.547155565579009817e+01
1.009253008808064145e+01
1.505445578434700415e+01
1.306193320280393344e+01
1.040314189572019821e+01
1.335116235624909109e+01
9.440697438826296306e+00
1.386575534383213970e+01
1.599753570059363028e+01
8.593479713983121826e+00
7.399277020331918919e+00
1.551264883747923129e+01
1.194164264288369282e+01
1.422831991532699902e+01
1.445030398768713376e+01
1.236077446474206631e+01
9.373021315815206478e+00
9.965574970333758387e+00
1.391159267660409604e+01
1.194164264288369282e+01
6.955796338302048021e+00
9.097283682934460103e+00
1.058513485680245481e+01
1.241217083805063837e+01
1.400281721259029588e+01
1.595769121605730767e+01
1.377362305878664728e+01
1.344618962205996482e+01
1.829923496393627147e+01
1.711271735549580697e+01
1.172646028567007725e+01
1.325545386523797831e+01
1.575695754970980111e+01
1.236077446474206631e+01
1.281592373849173683e+01
1.276615297284584649e+01
1.726088217525477830e+01
1.015541250385961369e+01
1.354055000514615159e+01
7.817640190446718762e+00
6.383076486422923246e+00
1.453814859003845150e+01
1.058513485680245481e+01
7.225151993843566878e+00
1.436192209445157708e+01
1.377362305878664728e+01
1.726088217525477830e+01
1.161737456321036532e+01
1.815954410458608237e+01
1.658371917462410394e+01
8.291859587312051971e+00
1.595769121605730767e+01
9.166995688475081394e+00
9.027033336764100468e+00
1.058513485680245481e+01
3.908820095223359381e+00
