1.117038385124011413e+01
6.863662517577697741e+00
9.027033336764100468e+00
1.567594437773643001e+01
9.373021315815206478e+00
1.117038385124011413e+01
1.418350619798065715e+01
1.117038385124011413e+01
9.965574970333758387e+00
9.965574970333758387e+00
1.296408962885714899e+01
1.619528777809902209e+01
1.076405121554611632e+01
1.058513485680245481e+01
8.884866446580955923e+00
9.373021315815206478e+00
9.965574970333758387e+00
1.276615297284584649e+01
8.136857890256438353e+00
4.222008245644752300e+00
9.373021315815206478e+00
1.058513485680245481e+01
1.339876023397903637e+01
8.136857890256438353e+00
5.411516379806009525e+00
1.315904928495908166e+01
8.291859587312051971e+00
1.236077446474206631e+01
7.978845608028653835e+00
1.058513485680245481e+01
8.667244841319218907e+00
6.955796338302048021e+00
1.372732503515539548e+01
1.178062436274634450e+01
1.296408962885714899e+01
8.740387444736633427e+00
8.136857890256438353e+00
1.344618962205996482e+01
1.070474469691662733e+01
9.373021315815206478e+00
9.373021315815206478e+00
9.965574970333758387e+00
6.482044814428574497e+00
1.117038385124011413e+01
2.985410660720923204e+00
1.296408962885714899e+01
1.571650316319191809e+01
8.136857890256438353e+00
1.117038385124011413e+01
1.058513485680245481e+01
1.400281721259029588e+01
1.368087033328175828e+01
1.058513485680245481e+01
1.344618962205996482e+01
1.117038385124011413e+01
5.170882945826410726e+00
1.088169461344923583e+01
9.373021315815206478e+00
8.136857890256438353e+00
1.230916348999737586e+01
1.178062436274634450e+01
6.579524642479540830e+00
1.496964127403822076e+01
7.735777827895049086e+00
9.373021315815206478e+00
8.740387444736633427e+00
8.884866446580955923e+00
1.372732503515539548e+01
1.117038385124011413e+01
8.740387444736633427e+00
1.296408962885714899e+01
1.372732503515539548e+01
1.117038385124011413e+01
9.373021315815206478e+00
1.028002345391383443e+01
1.246335526484300615e+01
1.117038385124011413e+01
9.373021315815206478e+00
1.058513485680245481e+01
1.058513485680245481e+01
1.271618740744904485e+01
1.150725478350318376e+01
1.377362305878664728e+01
7.312732791431452384e+00
8.444016491289504600e+00
2.763953195770683990e+00
1.178062436274634450e+01
1.236077446474206631e+01
1.603728119216292924e+01
8.214724333230154940e+00
1.145179781116143225e+01
1.513879513212096128e+01
1.134007028277388685e+01
8.444016491289504600e+00
8.740387444736633427e+00
8.740387444736633427e+00
1.281592373849173683e+01
1.178062436274634450e+01
7.735777827895049086e+00
1.215301555949299761e+01
1.178062436274634450e+01
8.136857890256438353e+00
1.453814859003845150e+01
9.507891862878782518e+00
9.965574970333758387e+00
1.291488987023529766e+01
8.593479713983121826e+00
8.136857890256438353e+00
7.484820637019110379e+00
4.787307364817191768e+00
1.315904928495908166e+01
9.373021315815206478e+00
1.058513485680245481e+01
1.315904928495908166e+01
1.488434347843123184e+01
1.058513485680245481e+01
1.178062436274634450e+01
1.635176762293251684e+01
1.538904010394216471e+01
9.965574970333758387e+00
1.445030398768713376e+01
9.507891862878782518e+00
9.373021315815206478e+00
8.740387444736633427e+00
6.076507779746498805e+00
9.965574970333758387e+00
1.058513485680245481e+01
