1.094004191971426110e+01
7.898654169668588132e+00
9.027033336764100468e+00
8.519075891779829490e+00
6.863662517577697741e+00
1.431752655671925822e+01
9.640875829802336483e+00
1.034176589165282145e+01
1.335116235624909109e+01
1.117038385124011413e+01
9.965574970333758387e+00
1.009253008808064145e+01
1.261566261010080048e+01
1.453814859003845150e+01
1.058513485680245481e+01
1.058513485680245481e+01
8.956231982162769611e+00
9.373021315815206478e+00
9.965574970333758387e+00
1.178062436274634450e+01
7.046725639945927711e+00
8.740387444736633427e+00
7.136496464611084889e+00
9.373021315815206478e+00
1.058513485680245481e+01
7.569397566060480642e+00
8.444016491289504600e+00
1.286550196516137312e+01
1.161737456321036532e+01
8.291859587312051971e+00
1.178062436274634450e+01
7.225151993843566878e+00
5.411516379806009525e+00
9.965574970333758387e+00
8.740387444736633427e+00
8.058239062071395509e+00
1.058513485680245481e+01
1.215301555949299761e+01
6.955796338302048021e+00
1.266602473693425601e+01
9.166995688475081394e+00
8.136857890256438353e+00
1.230916348999737586e+01
1.058513485680245481e+01
9.236181543108379799e+00
9.373021315815206478e+00
1.002925341359354938e+01
7.399277020331918919e+00
8.136857890256438353e+00
1.117038385124011413e+01
1.266602473693425601e+01
1.449429283826230197e+01
8.519075891779829490e+00
1.117038385124011413e+01
1.058513485680245481e+01
1.311058116710494836e+01
1.052482020710848865e+01
1.271618740744904485e+01
1.306193320280393344e+01
7.225151993843566878e+00
1.117038385124011413e+01
1.021790793990058255e+01
4.068428945128219176e+00
5.863230142835038627e+00
9.373021315815206478e+00
8.593479713983121826e+00
1.183454054540639433e+01
1.145179781116143225e+01
1.595769121605730811e+00
1.445030398768713376e+01
8.136857890256438353e+00
7.312732791431452384e+00
6.383076486422923246e+00
9.373021315815206478e+00
9.166995688475081394e+00
8.956231982162769611e+00
1.296408962885714899e+01
1.099807968464679142e+01
8.740387444736633427e+00
1.236077446474206631e+01
1.117038385124011413e+01
1.215301555949299761e+01
9.507891862878782518e+00
9.507891862878782518e+00
1.178062436274634450e+01
1.099807968464679142e+01
9.373021315815206478e+00
9.965574970333758387e+00
6.863662517577697741e+00
1.058513485680245481e+01
1.117038385124011413e+01
9.965574970333758387e+00
5.170882945826410726e+00
1.236077446474206631e+01
8.136857890256438353e+00
7.225151993843566878e+00
8.136857890256438353e+00
7.225151993843566878e+00
1.070474469691662733e+01
1.199483507827737583e+01
6.863662517577697741e+00
1.466892917224166482e+01
8.956231982162769611e+00
1.058513485680245481e+01
1.462546558286290477e+01
5.292567428401227403e+00
1.117038385124011413e+01
8.291859587312051971e+00
9.027033336764100468e+00
8.444016491289504600e+00
1.178062436274634450e+01
1.117038385124011413e+01
8.291859587312051971e+00
1.172646028567007725e+01
1.178062436274634450e+01
8.291859587312051971e+00
6.076507779746498805e+00
1.381976597885341995e+01
9.373021315815206478e+00
9.965574970333758387e+00
1.183454054540639433e+01
8.740387444736633427e+00
8.136857890256438353e+00
5.411516379806009525e+00
7.735777827895049086e+00
7.735777827895049086e+00
7.312732791431452384e+00
1.172646028567007725e+01
9.373021315815206478e+00
1.058513485680245481e+01
6.770275002573075795e+00
1.058513485680245481e+01
1.161737456321036532e+01
1.358748446131948917e+01
1.122723095552866468e+01
1.418350619798065715e+01
1.543035303761632804e+01
9.965574970333758387e+00
1.368087033328175828e+01
9.373021315815206478e+00
8.956231982162769611e+00
8.740387444736633427e+00
8.136857890256438353e+00
1.002925341359354938e+01
1.058513485680245481e+01
2.523132522020160362e+00
6.180387232371033157e+00
