8.812923024107547576e+00
1.070474469691662733e+01
7.653039857325811823e+00
1.718695942796624365e+01
1.559451034962034477e+01
9.373021315815206478e+00
1.094004191971426110e+01
1.167204486311898926e+01
9.901487006738307173e+00
9.965574970333758387e+00
1.475547227809780537e+01
1.911595536035255805e+01
1.034176589165282145e+01
1.058513485680245481e+01
7.046725639945927711e+00
8.740387444736633427e+00
9.027033336764100468e+00
1.372732503515539548e+01
8.740387444736633427e+00
1.230916348999737586e+01
1.571650316319191809e+01
1.488434347843123184e+01
4.787307364817191768e+00
1.236077446474206631e+01
1.372732503515539548e+01
1.603728119216292924e+01
5.641895835477562571e+00
1.215301555949299761e+01
1.354055000514615159e+01
7.735777827895049086e+00
1.440618081907316395e+01
1.021790793990058255e+01
9.027033336764100468e+00
1.462546558286290477e+01
1.172646028567007725e+01
1.372732503515539548e+01
1.829923496393627147e+01
1.117038385124011413e+01
1.058513485680245481e+01
1.422831991532699902e+01
1.538904010394216471e+01
1.058513485680245481e+01
1.484151074652385738e+01
1.296408962885714899e+01
1.070474469691662733e+01
1.335116235624909109e+01
9.236181543108379799e+00
1.315904928495908166e+01
1.575695754970980111e+01
8.812923024107547576e+00
8.593479713983121826e+00
6.579524642479540830e+00
1.215301555949299761e+01
1.488434347843123184e+01
1.404820733880128181e+01
1.440618081907316395e+01
1.225733520300188317e+01
9.373021315815206478e+00
1.015541250385961369e+01
1.358748446131948917e+01
1.150725478350318376e+01
8.368283871884004910e+00
9.901487006738307173e+00
1.058513485680245481e+01
1.230916348999737586e+01
1.400281721259029588e+01
1.551264883747923129e+01
1.377362305878664728e+01
1.335116235624909109e+01
1.801877032173578996e+01
1.700074635581867355e+01
1.172646028567007725e+01
1.320733953636073110e+01
1.513879513212096128e+01
1.236077446474206631e+01
1.256509862862843541e+01
1.256509862862843541e+01
1.703815178355965898e+01
1.040314189572019821e+01
9.373021315815206478e+00
1.354055000514615159e+01
8.136857890256438353e+00
1.418350619798065715e+01
8.444016491289504600e+00
1.058513485680245481e+01
1.409345127989185542e+01
1.381976597885341995e+01
1.650676414605009157e+01
1.167204486311898926e+01
1.794796937867891984e+01
1.615593100600235843e+01
9.097283682934460103e+00
1.543035303761632804e+01
9.373021315815206478e+00
8.740387444736633427e+00
5.753627391751591880e+00
1.002925341359354938e+01
