9.373021315815206478e+00
1.117038385124011413e+01
8.884866446580955923e+00
1.639065416446577927e+01
9.373021315815206478e+00
1.466892917224166482e+01
1.117038385124011413e+01
1.134007028277388685e+01
9.965574970333758387e+00
9.965574970333758387e+00
1.335116235624909109e+01
1.718695942796624365e+01
1.058513485680245481e+01
1.058513485680245481e+01
9.373021315815206478e+00
9.304852983362556174e+00
9.772050238058398008e+00
1.315904928495908166e+01
7.978845608028653835e+00
9.373021315815206478e+00
1.058513485680245481e+01
1.418350619798065715e+01
7.898654169668588132e+00
1.431752655671925822e+01
7.312732791431452384e+00
1.236077446474206631e+01
6.955796338302048021e+00
1.172646028567007725e+01
8.136857890256438353e+00
1.445030398768713376e+01
1.220528683538465842e+01
1.325545386523797831e+01
8.812923024107547576e+00
7.225151993843566878e+00
1.391159267660409604e+01
1.058513485680245481e+01
9.373021315815206478e+00
9.507891862878782518e+00
9.965574970333758387e+00
1.178062436274634450e+01
1.325545386523797831e+01
1.669848676668040710e+01
5.970821321441846408e+00
1.117038385124011413e+01
1.058513485680245481e+01
1.440618081907316395e+01
1.413855043925722121e+01
1.058513485680245481e+01
1.440618081907316395e+01
1.167204486311898926e+01
1.117038385124011413e+01
1.256509862862843541e+01
9.373021315815206478e+00
1.194164264288369282e+01
6.863662517577697741e+00
1.547155565579009817e+01
6.482044814428574497e+00
9.373021315815206478e+00
8.291859587312051971e+00
8.291859587312051971e+00
1.225733520300188317e+01
1.404820733880128181e+01
1.344618962205996482e+01
1.409345127989185542e+01
7.399277020331918919e+00
1.117038385124011413e+01
9.373021315815206478e+00
1.034176589165282145e+01
1.306193320280393344e+01
1.117038385124011413e+01
9.236181543108379799e+00
1.058513485680245481e+01
1.058513485680245481e+01
1.281592373849173683e+01
1.178062436274634450e+01
1.436192209445157708e+01
7.653039857325811823e+00
3.191538243211461623e+00
1.220528683538465842e+01
1.266602473693425601e+01
1.639065416446577927e+01
1.611647812414279102e+01
1.172646028567007725e+01
6.579524642479540830e+00
1.225733520300188317e+01
7.399277020331918919e+00
7.225151993843566878e+00
7.735777827895049086e+00
1.354055000514615159e+01
1.178062436274634450e+01
1.236077446474206631e+01
5.411516379806009525e+00
1.178062436274634450e+01
6.180387232371033157e+00
1.559451034962034477e+01
1.034176589165282145e+01
9.772050238058398008e+00
1.325545386523797831e+01
8.444016491289504600e+00
6.383076486422923246e+00
6.955796338302048021e+00
1.368087033328175828e+01
9.373021315815206478e+00
1.058513485680245481e+01
1.363425735166143049e+01
1.530607971465162365e+01
1.246335526484300615e+01
1.070474469691662733e+01
1.729772508200899850e+01
1.599753570059363028e+01
9.640875829802336483e+00
1.505445578434700415e+01
9.640875829802336483e+00
9.373021315815206478e+00
8.136857890256438353e+00
9.965574970333758387e+00
1.128379167095512514e+01
