1.094004191971426110e+01
7.898654169668588132e+00
9.027033336764100468e+00
8.593479713983121826e+00
6.863662517577697741e+00
1.427299292922216978e+01
9.706684619910241452e+00
1.021790793990058255e+01
1.296408962885714899e+01
1.117038385124011413e+01
9.965574970333758387e+00
1.009253008808064145e+01
1.246335526484300615e+01
1.436192209445157708e+01
1.052482020710848865e+01
1.058513485680245481e+01
8.812923024107547576e+00
9.373021315815206478e+00
9.965574970333758387e+00
1.178062436274634450e+01
7.312732791431452384e+00
8.740387444736633427e+00
7.225151993843566878e+00
9.373021315815206478e+00
1.058513485680245481e+01
7.817640190446718762e+00
8.519075891779829490e+00
1.266602473693425601e+01
1.156244577056221523e+01
8.444016491289504600e+00
1.178062436274634450e+01
7.225151993843566878e+00
5.753627391751591880e+00
9.965574970333758387e+00
8.740387444736633427e+00
7.978845608028653835e+00
1.058513485680245481e+01
1.194164264288369282e+01
7.136496464611084889e+00
1.266602473693425601e+01
9.166995688475081394e+00
8.291859587312051971e+00
1.236077446474206631e+01
1.058513485680245481e+01
9.304852983362556174e+00
9.507891862878782518e+00
1.009253008808064145e+01
7.817640190446718762e+00
8.136857890256438353e+00
1.111324596323282954e+01
1.261566261010080048e+01
1.413855043925722121e+01
8.593479713983121826e+00
1.117038385124011413e+01
1.058513485680245481e+01
1.306193320280393344e+01
1.040314189572019821e+01
1.241217083805063837e+01
1.306193320280393344e+01
7.225151993843566878e+00
1.099807968464679142e+01
5.411516379806009525e+00
9.836981518731869656e+00
6.180387232371033157e+00
3.191538243211461623e+00
9.373021315815206478e+00
8.667244841319218907e+00
1.139607097042601680e+01
1.134007028277388685e+01
4.370193722368316713e+00
1.440618081907316395e+01
8.136857890256438353e+00
7.399277020331918919e+00
6.675581178124545545e+00
9.373021315815206478e+00
9.304852983362556174e+00
8.884866446580955923e+00
1.088169461344923583e+01
8.812923024107547576e+00
1.225733520300188317e+01
1.271618740744904485e+01
1.111324596323282954e+01
1.210051848659980855e+01
9.772050238058398008e+00
9.507891862878782518e+00
1.178062436274634450e+01
1.099807968464679142e+01
9.373021315815206478e+00
6.955796338302048021e+00
9.965574970333758387e+00
1.058513485680245481e+01
1.117038385124011413e+01
9.706684619910241452e+00
5.641895835477562571e+00
1.220528683538465842e+01
8.444016491289504600e+00
7.484820637019110379e+00
8.214724333230154940e+00
7.399277020331918919e+00
1.021790793990058255e+01
1.194164264288369282e+01
7.225151993843566878e+00
1.445030398768713376e+01
9.097283682934460103e+00
1.070474469691662733e+01
1.440618081907316395e+01
6.076507779746498805e+00
1.111324596323282954e+01
8.136857890256438353e+00
9.027033336764100468e+00
8.444016491289504600e+00
1.167204486311898926e+01
1.117038385124011413e+01
8.444016491289504600e+00
1.156244577056221523e+01
1.178062436274634450e+01
8.136857890256438353e+00
6.383076486422923246e+00
1.301310337505149661e+01
9.373021315815206478e+00
9.965574970333758387e+00
1.178062436274634450e+01
8.740387444736633427e+00
5.170882945826410726e+00
6.180387232371033157e+00
7.898654169668588132e+00
7.978845608028653835e+00
7.735777827895049086e+00
7.484820637019110379e+00
1.156244577056221523e+01
9.373021315815206478e+00
1.058513485680245481e+01
6.955796338302048021e+00
1.058513485680245481e+01
1.156244577056221523e+01
1.335116235624909109e+01
1.117038385124011413e+01
1.404820733880128181e+01
1.501210842680413826e+01
9.965574970333758387e+00
1.368087033328175828e+01
9.373021315815206478e+00
8.667244841319218907e+00
8.740387444736633427e+00
8.136857890256438353e+00
4.918490759365934828e+00
1.009253008808064145e+01
1.058513485680245481e+01
6.579524642479540830e+00
