1.117038385124011413e+01
7.225151993843566878e+00
9.027033336764100468e+00
1.526443044094783019e+01
9.373021315815206478e+00
1.088169461344923583e+01
3.191538243211461623e+00
1.409345127989185542e+01
1.117038385124011413e+01
9.965574970333758387e+00
9.965574970333758387e+00
1.296408962885714899e+01
1.567594437773643001e+01
1.058513485680245481e+01
1.058513485680245481e+01
8.956231982162769611e+00
9.373021315815206478e+00
9.965574970333758387e+00
1.241217083805063837e+01
5.527906391541367981e+00
8.444016491289504600e+00
9.373021315815206478e+00
1.058513485680245481e+01
5.046265044040320724e+00
6.383076486422923246e+00
1.335116235624909109e+01
8.136857890256438353e+00
1.246335526484300615e+01
8.136857890256438353e+00
1.225733520300188317e+01
7.735777827895049086e+00
1.034176589165282145e+01
8.740387444736633427e+00
7.484820637019110379e+00
1.117038385124011413e+01
1.306193320280393344e+01
3.908820095223359381e+00
5.527906391541367981e+00
1.296408962885714899e+01
8.812923024107547576e+00
8.136857890256438353e+00
1.311058116710494836e+01
1.058513485680245481e+01
9.373021315815206478e+00
9.373021315815206478e+00
9.965574970333758387e+00
5.527906391541367981e+00
7.046725639945927711e+00
1.117038385124011413e+01
1.296408962885714899e+01
1.538904010394216471e+01
8.136857890256438353e+00
1.117038385124011413e+01
1.058513485680245481e+01
1.358748446131948917e+01
1.058513485680245481e+01
1.368087033328175828e+01
1.344618962205996482e+01
6.180387232371033157e+00
1.117038385124011413e+01
1.070474469691662733e+01
9.373021315815206478e+00
8.136857890256438353e+00
1.225733520300188317e+01
1.178062436274634450e+01
7.225151993843566878e+00
1.488434347843123184e+01
8.136857890256438353e+00
9.373021315815206478e+00
8.740387444736633427e+00
9.027033336764100468e+00
1.344618962205996482e+01
1.117038385124011413e+01
8.740387444736633427e+00
1.291488987023529766e+01
1.354055000514615159e+01
1.117038385124011413e+01
9.373021315815206478e+00
1.015541250385961369e+01
1.215301555949299761e+01
1.117038385124011413e+01
9.373021315815206478e+00
1.064510777218481152e+01
1.058513485680245481e+01
1.236077446474206631e+01
1.117038385124011413e+01
1.372732503515539548e+01
7.898654169668588132e+00
8.291859587312051971e+00
5.411516379806009525e+00
1.156244577056221523e+01
1.236077446474206631e+01
1.579730833933717626e+01
3.908820095223359381e+00
8.667244841319218907e+00
1.117038385124011413e+01
1.492705330360461602e+01
1.117038385124011413e+01
8.291859587312051971e+00
8.740387444736633427e+00
8.740387444736633427e+00
1.256509862862843541e+01
1.134007028277388685e+01
8.136857890256438353e+00
1.210051848659980855e+01
1.178062436274634450e+01
8.291859587312051971e+00
1.431752655671925822e+01
9.507891862878782518e+00
9.965574970333758387e+00
1.291488987023529766e+01
8.740387444736633427e+00
8.136857890256438353e+00
7.735777827895049086e+00
6.076507779746498805e+00
4.787307364817191768e+00
1.291488987023529766e+01
9.373021315815206478e+00
1.058513485680245481e+01
1.246335526484300615e+01
1.484151074652385738e+01
1.058513485680245481e+01
1.178062436274634450e+01
1.522266721510391640e+01
1.603728119216292924e+01
9.965574970333758387e+00
1.427299292922216978e+01
9.507891862878782518e+00
9.373021315815206478e+00
8.740387444736633427e+00
7.136496464611084889e+00
9.965574970333758387e+00
1.058513485680245481e+01
