9.440697438826296306e+00
1.117038385124011413e+01
2.763953195770683990e+00
8.812923024107547576e+00
1.619528777809902209e+01
9.373021315815206478e+00
1.117038385124011413e+01
1.449429283826230197e+01
1.122723095552866468e+01
9.965574970333758387e+00
9.965574970333758387e+00
1.325545386523797831e+01
1.718695942796624365e+01
1.058513485680245481e+01
1.058513485680245481e+01
9.373021315815206478e+00
9.373021315815206478e+00
9.772050238058398008e+00
1.311058116710494836e+01
8.136857890256438353e+00
9.373021315815206478e+00
1.058513485680245481e+01
1.404820733880128181e+01
7.978845608028653835e+00
1.431752655671925822e+01
7.735777827895049086e+00
1.236077446474206631e+01
6.955796338302048021e+00
1.161737456321036532e+01
8.136857890256438353e+00
1.440618081907316395e+01
1.220528683538465842e+01
3.908820095223359381e+00
1.315904928495908166e+01
7.653039857325811823e+00
8.740387444736633427e+00
1.391159267660409604e+01
1.058513485680245481e+01
9.373021315815206478e+00
9.373021315815206478e+00
9.965574970333758387e+00
1.178062436274634450e+01
1.325545386523797831e+01
1.662206308517478703e+01
6.579524642479540830e+00
1.117038385124011413e+01
1.058513485680245481e+01
1.436192209445157708e+01
1.413855043925722121e+01
1.058513485680245481e+01
1.418350619798065715e+01
1.161737456321036532e+01
1.117038385124011413e+01
1.246335526484300615e+01
9.373021315815206478e+00
1.178062436274634450e+01
6.863662517577697741e+00
1.538904010394216471e+01
6.863662517577697741e+00
9.373021315815206478e+00
8.519075891779829490e+00
8.291859587312051971e+00
1.225733520300188317e+01
1.404820733880128181e+01
1.335116235624909109e+01
1.404820733880128181e+01
7.735777827895049086e+00
1.117038385124011413e+01
9.373021315815206478e+00
1.034176589165282145e+01
1.296408962885714899e+01
1.117038385124011413e+01
9.236181543108379799e+00
1.058513485680245481e+01
1.058513485680245481e+01
1.281592373849173683e+01
1.178062436274634450e+01
1.413855043925722121e+01
5.046265044040320724e+00
1.210051848659980855e+01
1.266602473693425601e+01
1.615593100600235843e+01
1.607692842495848140e+01
1.161737456321036532e+01
7.136496464611084889e+00
1.225733520300188317e+01
7.735777827895049086e+00
7.653039857325811823e+00
8.058239062071395509e+00
1.344618962205996482e+01
1.178062436274634450e+01
1.236077446474206631e+01
5.753627391751591880e+00
1.178062436274634450e+01
6.579524642479540830e+00
1.547155565579009817e+01
1.034176589165282145e+01
9.772050238058398008e+00
1.325545386523797831e+01
8.368283871884004910e+00
7.312732791431452384e+00
6.863662517577697741e+00
1.368087033328175828e+01
9.373021315815206478e+00
1.058513485680245481e+01
1.368087033328175828e+01
1.513879513212096128e+01
1.236077446474206631e+01
1.070474469691662733e+01
1.718695942796624365e+01
1.591774699517169012e+01
9.772050238058398008e+00
1.505445578434700415e+01
9.507891862878782518e+00
9.373021315815206478e+00
8.136857890256438353e+00
9.965574970333758387e+00
1.117038385124011413e+01
