1.117038385124011413e+01
5.970821321441846408e+00
8.884866446580955923e+00
1.595769121605730767e+01
9.373021315815206478e+00
1.117038385124011413e+01
1.436192209445157708e+01
1.117038385124011413e+01
9.965574970333758387e+00
9.965574970333758387e+00
1.296408962885714899e+01
1.677456227108388731e+01
1.058513485680245481e+01
1.058513485680245481e+01
9.373021315815206478e+00
9.373021315815206478e+00
9.836981518731869656e+00
1.296408962885714899e+01
8.136857890256438353e+00
9.373021315815206478e+00
1.058513485680245481e+01
1.381976597885341995e+01
8.136857890256438353e+00
2.256758334191025117e+00
1.377362305878664728e+01
8.136857890256438353e+00
1.236077446474206631e+01
7.484820637019110379e+00
1.070474469691662733e+01
8.444016491289504600e+00
1.418350619798065715e+01
1.210051848659980855e+01
5.753627391751591880e+00
1.296408962885714899e+01
8.291859587312051971e+00
8.444016491289504600e+00
1.386575534383213970e+01
1.058513485680245481e+01
9.373021315815206478e+00
9.373021315815206478e+00
9.965574970333758387e+00
1.150725478350318376e+01
5.170882945826410726e+00
1.296408962885714899e+01
1.639065416446577927e+01
7.399277020331918919e+00
1.117038385124011413e+01
1.058513485680245481e+01
1.427299292922216978e+01
1.386575534383213970e+01
1.058513485680245481e+01
1.372732503515539548e+01
1.117038385124011413e+01
1.117038385124011413e+01
9.373021315815206478e+00
7.653039857325811823e+00
1.236077446474206631e+01
1.178062436274634450e+01
1.501210842680413826e+01
5.046265044040320724e+00
7.312732791431452384e+00
9.373021315815206478e+00
8.740387444736633427e+00
8.593479713983121826e+00
1.161737456321036532e+01
1.386575534383213970e+01
8.368283871884004910e+00
1.296408962885714899e+01
1.381976597885341995e+01
1.117038385124011413e+01
9.373021315815206478e+00
1.034176589165282145e+01
1.266602473693425601e+01
1.117038385124011413e+01
9.304852983362556174e+00
1.058513485680245481e+01
1.058513485680245481e+01
1.276615297284584649e+01
1.167204486311898926e+01
1.413855043925722121e+01
6.579524642479540830e+00
1.178062436274634450e+01
1.236077446474206631e+01
1.603728119216292924e+01
1.567594437773643001e+01
7.569397566060480642e+00
1.150725478350318376e+01
1.178062436274634450e+01
8.136857890256438353e+00
8.368283871884004910e+00
8.444016491289504600e+00
1.296408962885714899e+01
1.178062436274634450e+01
7.225151993843566878e+00
1.236077446474206631e+01
1.178062436274634450e+01
7.399277020331918919e+00
1.509668435477122017e+01
1.021790793990058255e+01
9.901487006738307173e+00
1.311058116710494836e+01
8.214724333230154940e+00
7.817640190446718762e+00
7.399277020331918919e+00
1.339876023397903637e+01
9.373021315815206478e+00
1.058513485680245481e+01
1.354055000514615159e+01
1.492705330360461602e+01
1.204779266504070279e+01
1.058513485680245481e+01
1.692568750643268771e+01
1.567594437773643001e+01
9.901487006738307173e+00
1.453814859003845150e+01
9.507891862878782518e+00
9.373021315815206478e+00
8.444016491289504600e+00
3.742410318509555189e+00
9.965574970333758387e+00
1.070474469691662733e+01
