9.373021315815206478e+00
1.117038385124011413e+01
8.444016491289504600e+00
1.681247093473193388e+01
9.373021315815206478e+00
1.488434347843123184e+01
1.111324596323282954e+01
1.156244577056221523e+01
9.965574970333758387e+00
9.965574970333758387e+00
1.377362305878664728e+01
1.798340469329240676e+01
1.058513485680245481e+01
1.058513485680245481e+01
8.667244841319218907e+00
9.097283682934460103e+00
9.440697438826296306e+00
1.335116235624909109e+01
6.955796338302048021e+00
9.166995688475081394e+00
1.099807968464679142e+01
1.475547227809780537e+01
7.225151993843566878e+00
1.471226436021925466e+01
1.236077446474206631e+01
6.770275002573075795e+00
5.170882945826410726e+00
1.220528683538465842e+01
7.898654169668588132e+00
1.501210842680413826e+01
1.215301555949299761e+01
1.325545386523797831e+01
8.444016491289504600e+00
1.427299292922216978e+01
5.641895835477562571e+00
1.046415791390898242e+01
9.640875829802336483e+00
9.304852983362556174e+00
1.021790793990058255e+01
1.178062436274634450e+01
1.344618962205996482e+01
1.748077488947326685e+01
1.117038385124011413e+01
1.058513485680245481e+01
1.418350619798065715e+01
1.484151074652385738e+01
1.058513485680245481e+01
1.458187244392064308e+01
1.220528683538465842e+01
1.111324596323282954e+01
1.296408962885714899e+01
9.236181543108379799e+00
1.236077446474206631e+01
5.170882945826410726e+00
1.547155565579009817e+01
4.370193722368316713e+00
9.166995688475081394e+00
7.817640190446718762e+00
8.368283871884004910e+00
1.225733520300188317e+01
1.386575534383213970e+01
1.413855043925722121e+01
1.431752655671925822e+01
1.161737456321036532e+01
6.863662517577697741e+00
9.507891862878782518e+00
1.034176589165282145e+01
1.335116235624909109e+01
1.117038385124011413e+01
9.166995688475081394e+00
1.009253008808064145e+01
1.058513485680245481e+01
1.315904928495908166e+01
1.178062436274634450e+01
1.466892917224166482e+01
6.180387232371033157e+00
1.301310337505149661e+01
1.296408962885714899e+01
1.707547527140466670e+01
1.654528640181426269e+01
1.172646028567007725e+01
1.301310337505149661e+01
3.568248232305542444e+00
6.383076486422923246e+00
6.180387232371033157e+00
1.436192209445157708e+01
6.383076486422923246e+00
1.204779266504070279e+01
1.236077446474206631e+01
1.178062436274634450e+01
1.595769121605730767e+01
3.908820095223359381e+00
1.034176589165282145e+01
9.574614729634383536e+00
1.335116235624909109e+01
8.740387444736633427e+00
6.383076486422923246e+00
3.742410318509555189e+00
1.381976597885341995e+01
9.097283682934460103e+00
1.058513485680245481e+01
1.363425735166143049e+01
1.587770228520368221e+01
1.320733953636073110e+01
1.082303275961201905e+01
1.755346033766304004e+01
1.599753570059363028e+01
9.373021315815206478e+00
1.538904010394216471e+01
9.373021315815206478e+00
9.166995688475081394e+00
7.817640190446718762e+00
9.965574970333758387e+00
