1.070474469691662733e+01
7.735777827895049086e+00
6.282549314314217703e+00
1.769793569896924623e+01
1.635176762293251684e+01
9.373021315815206478e+00
1.088169461344923583e+01
1.167204486311898926e+01
9.965574970333758387e+00
9.965574970333758387e+00
1.496964127403822076e+01
1.957664687747327292e+01
1.021790793990058255e+01
1.046415791390898242e+01
3.568248232305542444e+00
8.444016491289504600e+00
8.136857890256438353e+00
1.368087033328175828e+01
1.320733953636073110e+01
8.444016491289504600e+00
1.631278838364701755e+01
1.505445578434700415e+01
1.236077446474206631e+01
1.530607971465162365e+01
1.631278838364701755e+01
1.215301555949299761e+01
1.409345127989185542e+01
1.466892917224166482e+01
6.383076486422923246e+00
1.009253008808064145e+01
1.453814859003845150e+01
8.214724333230154940e+00
1.178062436274634450e+01
1.377362305878664728e+01
1.867799869518773193e+01
1.117038385124011413e+01
1.058513485680245481e+01
1.436192209445157708e+01
1.543035303761632804e+01
1.009253008808064145e+01
1.492705330360461602e+01
1.306193320280393344e+01
1.052482020710848865e+01
1.330339418036568588e+01
9.373021315815206478e+00
1.363425735166143049e+01
1.591774699517169012e+01
8.667244841319218907e+00
8.136857890256438353e+00
1.526443044094783019e+01
1.194164264288369282e+01
3.908820095223359381e+00
1.413855043925722121e+01
1.449429283826230197e+01
1.236077446474206631e+01
9.373021315815206478e+00
1.002925341359354938e+01
1.391159267660409604e+01
1.178062436274634450e+01
7.653039857325811823e+00
9.304852983362556174e+00
1.058513485680245481e+01
1.246335526484300615e+01
1.400281721259029588e+01
1.579730833933717626e+01
1.377362305878664728e+01
1.339876023397903637e+01
1.812445316531431061e+01
1.711271735549580697e+01
1.172646028567007725e+01
1.320733953636073110e+01
1.543035303761632804e+01
1.236077446474206631e+01
1.266602473693425601e+01
1.276615297284584649e+01
1.711271735549580697e+01
1.021790793990058255e+01
1.354055000514615159e+01
8.214724333230154940e+00
6.770275002573075795e+00
1.445030398768713376e+01
7.817640190446718762e+00
1.058513485680245481e+01
1.436192209445157708e+01
1.377362305878664728e+01
1.677456227108388731e+01
1.178062436274634450e+01
1.808929415419343556e+01
1.642944866646030988e+01
8.593479713983121826e+00
1.591774699517169012e+01
9.236181543108379799e+00
8.884866446580955923e+00
1.070474469691662733e+01
