9.097283682934460103e+00
1.099807968464679142e+01
8.136857890256438353e+00
1.696325844612841038e+01
9.373021315815206478e+00
1.513879513212096128e+01
1.094004191971426110e+01
1.156244577056221523e+01
9.965574970333758387e+00
9.965574970333758387e+00
1.404820733880128181e+01
1.819456736586892021e+01
1.046415791390898242e+01
1.058513485680245481e+01
8.136857890256438353e+00
9.097283682934460103e+00
9.373021315815206478e+00
1.349345229721172146e+01
6.383076486422923246e+00
9.097283682934460103e+00
1.117038385124011413e+01
1.492705330360461602e+01
6.863662517577697741e+00
1.479855404066383784e+01
1.236077446474206631e+01
6.076507779746498805e+00
1.256509862862843541e+01
2.763953195770683990e+00
7.225151993843566878e+00
1.526443044094783019e+01
1.225733520300188317e+01
1.344618962205996482e+01
8.136857890256438353e+00
1.431752655671925822e+01
3.191538243211461623e+00
1.040314189572019821e+01
9.836981518731869656e+00
9.236181543108379799e+00
1.046415791390898242e+01
1.172646028567007725e+01
1.363425735166143049e+01
1.780552292517845459e+01
1.117038385124011413e+01
1.058513485680245481e+01
1.427299292922216978e+01
1.513879513212096128e+01
1.058513485680245481e+01
1.466892917224166482e+01
1.256509862862843541e+01
1.088169461344923583e+01
1.315904928495908166e+01
9.236181543108379799e+00
1.236077446474206631e+01
3.385137501286537898e+00
1.547155565579009817e+01
9.166995688475081394e+00
9.097283682934460103e+00
7.484820637019110379e+00
1.225733520300188317e+01
1.422831991532699902e+01
1.413855043925722121e+01
1.436192209445157708e+01
1.178062436274634450e+01
6.383076486422923246e+00
9.507891862878782518e+00
1.034176589165282145e+01
1.330339418036568588e+01
1.117038385124011413e+01
9.097283682934460103e+00
1.009253008808064145e+01
1.058513485680245481e+01
1.330339418036568588e+01
1.178062436274634450e+01
1.484151074652385738e+01
4.787307364817191768e+00
1.354055000514615159e+01
1.320733953636073110e+01
1.733448968263843781e+01
1.681247093473193388e+01
1.172646028567007725e+01
1.315904928495908166e+01
5.527906391541367981e+00
1.466892917224166482e+01
5.170882945826410726e+00
5.292567428401227403e+00
1.225733520300188317e+01
1.236077446474206631e+01
1.178062436274634450e+01
1.607692842495848140e+01
1.034176589165282145e+01
9.373021315815206478e+00
1.358748446131948917e+01
8.812923024107547576e+00
5.292567428401227403e+00
1.395727947504383337e+01
9.027033336764100468e+00
1.058513485680245481e+01
1.372732503515539548e+01
1.368087033328175828e+01
1.607692842495848140e+01
1.105581278308273596e+01
1.766192765414112031e+01
1.611647812414279102e+01
9.373021315815206478e+00
1.538904010394216471e+01
9.373021315815206478e+00
9.166995688475081394e+00
7.312732791431452384e+00
9.965574970333758387e+00
