8.368283871884004910e+00
1.070474469691662733e+01
7.046725639945927711e+00
1.740778594902202769e+01
1.579730833933717626e+01
9.373021315815206478e+00
1.088169461344923583e+01
1.161737456321036532e+01
9.901487006738307173e+00
9.965574970333758387e+00
1.488434347843123184e+01
1.934767237039478616e+01
1.034176589165282145e+01
1.058513485680245481e+01
6.076507779746498805e+00
8.667244841319218907e+00
8.593479713983121826e+00
1.377362305878664728e+01
1.271618740744904485e+01
8.740387444736633427e+00
1.579730833933717626e+01
1.492705330360461602e+01
1.236077446474206631e+01
1.418350619798065715e+01
1.615593100600235843e+01
3.742410318509555189e+00
1.215301555949299761e+01
1.363425735166143049e+01
1.449429283826230197e+01
7.225151993843566878e+00
1.009253008808064145e+01
8.740387444736633427e+00
1.445030398768713376e+01
1.178062436274634450e+01
1.372732503515539548e+01
1.840330728156092377e+01
1.117038385124011413e+01
1.058513485680245481e+01
1.427299292922216978e+01
1.538904010394216471e+01
1.034176589165282145e+01
1.488434347843123184e+01
1.306193320280393344e+01
1.064510777218481152e+01
1.330339418036568588e+01
9.166995688475081394e+00
1.335116235624909109e+01
1.583755632390385770e+01
8.740387444736633427e+00
8.136857890256438353e+00
5.753627391751591880e+00
1.204779266504070279e+01
1.492705330360461602e+01
1.409345127989185542e+01
1.445030398768713376e+01
1.236077446474206631e+01
9.373021315815206478e+00
1.015541250385961369e+01
1.372732503515539548e+01
1.167204486311898926e+01
8.136857890256438353e+00
9.640875829802336483e+00
1.058513485680245481e+01
1.241217083805063837e+01
1.400281721259029588e+01
1.571650316319191809e+01
1.377362305878664728e+01
1.335116235624909109e+01
1.801877032173578996e+01
1.707547527140466670e+01
1.178062436274634450e+01
1.311058116710494836e+01
1.526443044094783019e+01
1.236077446474206631e+01
1.266602473693425601e+01
1.261566261010080048e+01
1.714987856615383066e+01
1.034176589165282145e+01
8.884866446580955923e+00
1.354055000514615159e+01
7.978845608028653835e+00
1.436192209445157708e+01
8.136857890256438353e+00
1.058513485680245481e+01
1.413855043925722121e+01
1.381976597885341995e+01
1.658371917462410394e+01
1.178062436274634450e+01
1.798340469329240676e+01
1.627371578051287671e+01
8.812923024107547576e+00
1.563528038089343752e+01
9.373021315815206478e+00
8.740387444736633427e+00
4.787307364817191768e+00
1.028002345391383443e+01
