8.812923024107547576e+00
1.082303275961201905e+01
8.136857890256438353e+00
1.711271735549580697e+01
1.522266721510391640e+01
9.373021315815206478e+00
1.094004191971426110e+01
1.167204486311898926e+01
9.965574970333758387e+00
9.965574970333758387e+00
1.427299292922216978e+01
1.840330728156092377e+01
1.034176589165282145e+01
1.058513485680245481e+01
7.569397566060480642e+00
9.027033336764100468e+00
9.304852983362556174e+00
1.363425735166143049e+01
5.753627391751591880e+00
9.027033336764100468e+00
1.128379167095512514e+01
1.534761596392107741e+01
6.180387232371033157e+00
1.479855404066383784e+01
1.236077446474206631e+01
5.753627391751591880e+00
1.301310337505149661e+01
6.955796338302048021e+00
1.547155565579009817e+01
1.225733520300188317e+01
1.349345229721172146e+01
8.136857890256438353e+00
1.440618081907316395e+01
1.028002345391383443e+01
9.836981518731869656e+00
9.166995688475081394e+00
1.058513485680245481e+01
1.172646028567007725e+01
1.377362305878664728e+01
1.819456736586892021e+01
1.117038385124011413e+01
1.070474469691662733e+01
1.422831991532699902e+01
1.522266721510391640e+01
1.058513485680245481e+01
1.479855404066383784e+01
1.286550196516137312e+01
1.070474469691662733e+01
1.325545386523797831e+01
9.236181543108379799e+00
1.286550196516137312e+01
1.547155565579009817e+01
9.097283682934460103e+00
8.740387444736633427e+00
7.225151993843566878e+00
1.210051848659980855e+01
1.445030398768713376e+01
1.400281721259029588e+01
1.436192209445157708e+01
1.183454054540639433e+01
5.292567428401227403e+00
9.373021315815206478e+00
1.028002345391383443e+01
1.344618962205996482e+01
1.122723095552866468e+01
8.740387444736633427e+00
1.002925341359354938e+01
1.058513485680245481e+01
1.381976597885341995e+01
1.178062436274634450e+01
1.496964127403822076e+01
1.368087033328175828e+01
1.325545386523797831e+01
1.755346033766304004e+01
1.692568750643268771e+01
1.172646028567007725e+01
1.320733953636073110e+01
3.908820095223359381e+00
1.479855404066383784e+01
3.568248232305542444e+00
1.225733520300188317e+01
1.236077446474206631e+01
1.210051848659980855e+01
1.635176762293251684e+01
1.046415791390898242e+01
9.373021315815206478e+00
1.363425735166143049e+01
8.444016491289504600e+00
3.742410318509555189e+00
1.413855043925722121e+01
8.740387444736633427e+00
1.058513485680245481e+01
1.372732503515539548e+01
1.372732503515539548e+01
1.635176762293251684e+01
1.117038385124011413e+01
1.769793569896924623e+01
1.611647812414279102e+01
9.166995688475081394e+00
1.543035303761632804e+01
9.373021315815206478e+00
8.812923024107547576e+00
6.955796338302048021e+00
9.965574970333758387e+00
