1.117038385124011413e+01
6.180387232371033157e+00
8.884866446580955923e+00
1.595769121605730767e+01
9.373021315815206478e+00
1.117038385124011413e+01
1.431752655671925822e+01
1.117038385124011413e+01
9.965574970333758387e+00
9.965574970333758387e+00
1.296408962885714899e+01
1.669848676668040710e+01
1.058513485680245481e+01
1.058513485680245481e+01
9.373021315815206478e+00
9.373021315815206478e+00
9.901487006738307173e+00
1.291488987023529766e+01
8.136857890256438353e+00
9.373021315815206478e+00
1.058513485680245481e+01
1.377362305878664728e+01
8.136857890256438353e+00
3.908820095223359381e+00
1.363425735166143049e+01
8.136857890256438353e+00
1.236077446474206631e+01
7.735777827895049086e+00
1.058513485680245481e+01
8.444016491289504600e+00
6.282549314314217703e+00
1.413855043925722121e+01
1.210051848659980855e+01
1.296408962885714899e+01
8.368283871884004910e+00
8.214724333230154940e+00
1.377362305878664728e+01
1.058513485680245481e+01
9.373021315815206478e+00
9.373021315815206478e+00
9.965574970333758387e+00
1.134007028277388685e+01
5.641895835477562571e+00
1.296408962885714899e+01
1.631278838364701755e+01
7.484820637019110379e+00
1.117038385124011413e+01
1.058513485680245481e+01
1.427299292922216978e+01
1.381976597885341995e+01
1.058513485680245481e+01
1.363425735166143049e+01
1.117038385124011413e+01
1.117038385124011413e+01
9.373021315815206478e+00
7.817640190446718762e+00
1.236077446474206631e+01
1.178062436274634450e+01
1.496964127403822076e+01
5.641895835477562571e+00
7.399277020331918919e+00
9.373021315815206478e+00
8.740387444736633427e+00
8.740387444736633427e+00
1.156244577056221523e+01
1.386575534383213970e+01
8.519075891779829490e+00
1.296408962885714899e+01
1.381976597885341995e+01
1.117038385124011413e+01
9.373021315815206478e+00
1.034176589165282145e+01
1.261566261010080048e+01
1.117038385124011413e+01
9.304852983362556174e+00
1.058513485680245481e+01
1.058513485680245481e+01
1.276615297284584649e+01
1.156244577056221523e+01
1.395727947504383337e+01
6.675581178124545545e+00
1.178062436274634450e+01
1.236077446474206631e+01
1.603728119216292924e+01
1.559451034962034477e+01
7.735777827895049086e+00
1.150725478350318376e+01
1.172646028567007725e+01
8.136857890256438353e+00
8.444016491289504600e+00
8.444016491289504600e+00
1.296408962885714899e+01
1.178062436274634450e+01
7.225151993843566878e+00
1.236077446474206631e+01
1.178062436274634450e+01
7.653039857325811823e+00
1.505445578434700415e+01
1.021790793990058255e+01
9.965574970333758387e+00
1.301310337505149661e+01
8.291859587312051971e+00
7.978845608028653835e+00
7.312732791431452384e+00
1.339876023397903637e+01
9.373021315815206478e+00
1.058513485680245481e+01
1.344618962205996482e+01
1.492705330360461602e+01
1.194164264288369282e+01
1.058513485680245481e+01
1.688803298257900920e+01
1.563528038089343752e+01
9.901487006738307173e+00
1.453814859003845150e+01
9.507891862878782518e+00
9.373021315815206478e+00
8.444016491289504600e+00
4.513516668382050234e+00
9.965574970333758387e+00
1.070474469691662733e+01
