1.117038385124011413e+01
6.282549314314217703e+00
8.884866446580955923e+00
1.587770228520368221e+01
9.373021315815206478e+00
1.117038385124011413e+01
1.431752655671925822e+01
1.117038385124011413e+01
9.965574970333758387e+00
9.965574970333758387e+00
1.296408962885714899e+01
1.658371917462410394e+01
1.058513485680245481e+01
1.058513485680245481e+01
9.304852983362556174e+00
9.373021315815206478e+00
9.901487006738307173e+00
1.291488987023529766e+01
8.136857890256438353e+00
9.373021315815206478e+00
1.058513485680245481e+01
1.377362305878664728e+01
8.136857890256438353e+00
4.652426491681278087e+00
1.339876023397903637e+01
8.136857890256438353e+00
1.236077446474206631e+01
7.735777827895049086e+00
1.058513485680245481e+01
8.593479713983121826e+00
6.579524642479540830e+00
1.400281721259029588e+01
1.210051848659980855e+01
1.296408962885714899e+01
8.444016491289504600e+00
8.136857890256438353e+00
1.377362305878664728e+01
1.058513485680245481e+01
9.373021315815206478e+00
9.373021315815206478e+00
9.965574970333758387e+00
1.128379167095512514e+01
5.753627391751591880e+00
1.296408962885714899e+01
1.611647812414279102e+01
7.817640190446718762e+00
1.117038385124011413e+01
1.058513485680245481e+01
1.418350619798065715e+01
1.381976597885341995e+01
1.058513485680245481e+01
1.354055000514615159e+01
1.117038385124011413e+01
2.763953195770683990e+00
1.117038385124011413e+01
9.373021315815206478e+00
7.817640190446718762e+00
1.236077446474206631e+01
1.178062436274634450e+01
1.496964127403822076e+01
5.753627391751591880e+00
7.399277020331918919e+00
9.373021315815206478e+00
8.740387444736633427e+00
8.740387444736633427e+00
1.150725478350318376e+01
1.381976597885341995e+01
8.519075891779829490e+00
1.296408962885714899e+01
1.377362305878664728e+01
1.117038385124011413e+01
9.373021315815206478e+00
1.034176589165282145e+01
1.261566261010080048e+01
1.117038385124011413e+01
9.304852983362556174e+00
1.058513485680245481e+01
1.058513485680245481e+01
1.271618740744904485e+01
1.156244577056221523e+01
1.391159267660409604e+01
6.955796338302048021e+00
1.178062436274634450e+01
1.236077446474206631e+01
1.603728119216292924e+01
1.559451034962034477e+01
7.817640190446718762e+00
1.150725478350318376e+01
1.161737456321036532e+01
8.136857890256438353e+00
8.593479713983121826e+00
8.593479713983121826e+00
1.291488987023529766e+01
1.178062436274634450e+01
7.225151993843566878e+00
1.230916348999737586e+01
1.178062436274634450e+01
7.735777827895049086e+00
1.484151074652385738e+01
1.002925341359354938e+01
9.965574970333758387e+00
1.296408962885714899e+01
8.291859587312051971e+00
7.978845608028653835e+00
7.484820637019110379e+00
1.339876023397903637e+01
9.373021315815206478e+00
1.058513485680245481e+01
1.339876023397903637e+01
1.492705330360461602e+01
1.058513485680245481e+01
1.178062436274634450e+01
1.677456227108388731e+01
1.555363345008750464e+01
9.901487006738307173e+00
1.453814859003845150e+01
9.440697438826296306e+00
9.373021315815206478e+00
8.593479713983121826e+00
5.170882945826410726e+00
9.965574970333758387e+00
1.070474469691662733e+01
