9.440697438826296306e+00
1.117038385124011413e+01
7.484820637019110379e+00
8.956231982162769611e+00
1.496964127403822076e+01
9.373021315815206478e+00
5.170882945826410726e+00
1.070474469691662733e+01
1.391159267660409604e+01
1.117038385124011413e+01
9.965574970333758387e+00
9.965574970333758387e+00
1.286550196516137312e+01
1.518078909665319287e+01
1.058513485680245481e+01
1.058513485680245481e+01
9.027033336764100468e+00
9.373021315815206478e+00
9.965574970333758387e+00
1.230916348999737586e+01
8.593479713983121826e+00
6.383076486422923246e+00
6.383076486422923246e+00
9.373021315815206478e+00
1.058513485680245481e+01
6.863662517577697741e+00
1.325545386523797831e+01
8.136857890256438353e+00
1.236077446474206631e+01
8.136857890256438353e+00
1.220528683538465842e+01
7.735777827895049086e+00
1.009253008808064145e+01
8.740387444736633427e+00
7.484820637019110379e+00
1.082303275961201905e+01
1.256509862862843541e+01
5.292567428401227403e+00
6.383076486422923246e+00
1.286550196516137312e+01
9.097283682934460103e+00
8.136857890256438353e+00
1.296408962885714899e+01
1.058513485680245481e+01
9.373021315815206478e+00
9.373021315815206478e+00
1.002925341359354938e+01
6.383076486422923246e+00
7.225151993843566878e+00
1.117038385124011413e+01
1.276615297284584649e+01
1.530607971465162365e+01
8.136857890256438353e+00
1.117038385124011413e+01
1.058513485680245481e+01
1.344618962205996482e+01
1.058513485680245481e+01
1.344618962205996482e+01
1.335116235624909109e+01
6.863662517577697741e+00
1.117038385124011413e+01
1.058513485680245481e+01
9.373021315815206478e+00
8.136857890256438353e+00
1.204779266504070279e+01
1.178062436274634450e+01
7.312732791431452384e+00
1.471226436021925466e+01
8.136857890256438353e+00
3.385137501286537898e+00
9.373021315815206478e+00
8.740387444736633427e+00
9.027033336764100468e+00
1.344618962205996482e+01
1.117038385124011413e+01
8.740387444736633427e+00
1.286550196516137312e+01
1.291488987023529766e+01
1.117038385124011413e+01
9.373021315815206478e+00
9.507891862878782518e+00
1.183454054540639433e+01
1.117038385124011413e+01
9.373021315815206478e+00
1.046415791390898242e+01
4.513516668382050234e+00
1.058513485680245481e+01
1.167204486311898926e+01
1.088169461344923583e+01
1.354055000514615159e+01
8.136857890256438353e+00
8.136857890256438353e+00
6.076507779746498805e+00
1.128379167095512514e+01
4.918490759365934828e+00
1.220528683538465842e+01
1.509668435477122017e+01
5.527906391541367981e+00
8.740387444736633427e+00
1.099807968464679142e+01
1.488434347843123184e+01
1.117038385124011413e+01
8.291859587312051971e+00
8.740387444736633427e+00
8.812923024107547576e+00
1.236077446474206631e+01
1.117038385124011413e+01
8.136857890256438353e+00
1.210051848659980855e+01
1.178062436274634450e+01
8.444016491289504600e+00
1.427299292922216978e+01
9.440697438826296306e+00
9.965574970333758387e+00
1.271618740744904485e+01
8.740387444736633427e+00
7.817640190446718762e+00
8.291859587312051971e+00
6.863662517577697741e+00
5.753627391751591880e+00
1.236077446474206631e+01
9.373021315815206478e+00
1.058513485680245481e+01
4.222008245644752300e+00
1.225733520300188317e+01
1.449429283826230197e+01
1.058513485680245481e+01
1.167204486311898926e+01
1.488434347843123184e+01
1.591774699517169012e+01
9.965574970333758387e+00
1.413855043925722121e+01
9.507891862878782518e+00
9.440697438826296306e+00
8.740387444736633427e+00
7.484820637019110379e+00
9.965574970333758387e+00
1.058513485680245481e+01
3.568248232305542444e+00
