1.070474469691662733e+01
7.898654169668588132e+00
6.863662517577697741e+00
1.762584604821509515e+01
1.619528777809902209e+01
9.373021315815206478e+00
1.088169461344923583e+01
1.161737456321036532e+01
9.965574970333758387e+00
9.965574970333758387e+00
1.501210842680413826e+01
1.944613444328572172e+01
1.021790793990058255e+01
1.058513485680245481e+01
5.170882945826410726e+00
8.444016491289504600e+00
8.136857890256438353e+00
1.372732503515539548e+01
1.320733953636073110e+01
8.593479713983121826e+00
1.619528777809902209e+01
1.501210842680413826e+01
1.236077446474206631e+01
1.513879513212096128e+01
1.627371578051287671e+01
1.215301555949299761e+01
1.400281721259029588e+01
1.453814859003845150e+01
6.675581178124545545e+00
1.009253008808064145e+01
8.444016491289504600e+00
1.427299292922216978e+01
1.178062436274634450e+01
1.377362305878664728e+01
1.847236308621675960e+01
1.117038385124011413e+01
1.058513485680245481e+01
1.427299292922216978e+01
1.538904010394216471e+01
1.009253008808064145e+01
1.488434347843123184e+01
1.306193320280393344e+01
1.058513485680245481e+01
1.335116235624909109e+01
9.236181543108379799e+00
1.344618962205996482e+01
1.587770228520368221e+01
8.740387444736633427e+00
8.136857890256438353e+00
4.787307364817191768e+00
1.505445578434700415e+01
1.194164264288369282e+01
1.409345127989185542e+01
1.449429283826230197e+01
1.236077446474206631e+01
9.373021315815206478e+00
1.002925341359354938e+01
1.381976597885341995e+01
1.178062436274634450e+01
7.978845608028653835e+00
9.507891862878782518e+00
1.058513485680245481e+01
1.241217083805063837e+01
1.400281721259029588e+01
1.575695754970980111e+01
1.377362305878664728e+01
1.339876023397903637e+01
1.805406667352820094e+01
1.711271735549580697e+01
1.172646028567007725e+01
1.315904928495908166e+01
1.534761596392107741e+01
1.236077446474206631e+01
1.271618740744904485e+01
1.266602473693425601e+01
1.714987856615383066e+01
1.028002345391383443e+01
1.354055000514615159e+01
8.519075891779829490e+00
7.312732791431452384e+00
1.445030398768713376e+01
8.136857890256438353e+00
1.058513485680245481e+01
1.431752655671925822e+01
1.377362305878664728e+01
1.662206308517478703e+01
1.178062436274634450e+01
1.805406667352820094e+01
1.642944866646030988e+01
8.740387444736633427e+00
1.579730833933717626e+01
9.304852983362556174e+00
8.812923024107547576e+00
1.064510777218481152e+01
