9.027033336764100468e+00
1.094004191971426110e+01
8.136857890256438353e+00
1.700074635581867355e+01
9.373021315815206478e+00
1.513879513212096128e+01
1.094004191971426110e+01
1.156244577056221523e+01
9.965574970333758387e+00
9.965574970333758387e+00
1.418350619798065715e+01
1.819456736586892021e+01
1.046415791390898242e+01
1.058513485680245481e+01
8.136857890256438353e+00
9.097283682934460103e+00
9.373021315815206478e+00
1.358748446131948917e+01
5.753627391751591880e+00
9.027033336764100468e+00
1.117038385124011413e+01
1.509668435477122017e+01
6.675581178124545545e+00
1.479855404066383784e+01
1.236077446474206631e+01
5.753627391751591880e+00
1.266602473693425601e+01
7.046725639945927711e+00
1.534761596392107741e+01
1.225733520300188317e+01
1.349345229721172146e+01
8.136857890256438353e+00
1.440618081907316395e+01
1.034176589165282145e+01
9.836981518731869656e+00
9.236181543108379799e+00
1.046415791390898242e+01
1.172646028567007725e+01
1.372732503515539548e+01
1.794796937867891984e+01
1.117038385124011413e+01
1.058513485680245481e+01
1.427299292922216978e+01
1.518078909665319287e+01
1.058513485680245481e+01
1.471226436021925466e+01
1.261566261010080048e+01
1.082303275961201905e+01
1.320733953636073110e+01
9.236181543108379799e+00
1.236077446474206631e+01
1.547155565579009817e+01
9.166995688475081394e+00
8.956231982162769611e+00
7.484820637019110379e+00
1.220528683538465842e+01
1.436192209445157708e+01
1.404820733880128181e+01
1.440618081907316395e+01
1.178062436274634450e+01
5.970821321441846408e+00
9.507891862878782518e+00
1.034176589165282145e+01
1.335116235624909109e+01
1.117038385124011413e+01
8.884866446580955923e+00
1.009253008808064145e+01
1.058513485680245481e+01
1.335116235624909109e+01
1.178062436274634450e+01
1.484151074652385738e+01
4.222008245644752300e+00
1.354055000514615159e+01
1.325545386523797831e+01
1.740778594902202769e+01
1.692568750643268771e+01
1.172646028567007725e+01
1.320733953636073110e+01
4.918490759365934828e+00
1.475547227809780537e+01
3.908820095223359381e+00
5.170882945826410726e+00
1.225733520300188317e+01
1.236077446474206631e+01
1.183454054540639433e+01
1.615593100600235843e+01
1.034176589165282145e+01
9.373021315815206478e+00
1.358748446131948917e+01
8.593479713983121826e+00
5.170882945826410726e+00
1.404820733880128181e+01
8.884866446580955923e+00
1.058513485680245481e+01
1.377362305878664728e+01
1.368087033328175828e+01
1.619528777809902209e+01
1.105581278308273596e+01
1.769793569896924623e+01
1.611647812414279102e+01
9.373021315815206478e+00
1.543035303761632804e+01
9.373021315815206478e+00
9.097283682934460103e+00
7.136496464611084889e+00
9.965574970333758387e+00
