1.070474469691662733e+01
7.569397566060480642e+00
6.180387232371033157e+00
1.773387063078969206e+01
1.639065416446577927e+01
9.373021315815206478e+00
1.082303275961201905e+01
1.167204486311898926e+01
9.965574970333758387e+00
9.965574970333758387e+00
1.496964127403822076e+01
1.957664687747327292e+01
1.009253008808064145e+01
1.046415791390898242e+01
8.214724333230154940e+00
8.136857890256438353e+00
1.128379167095512559e+00
1.368087033328175828e+01
1.330339418036568588e+01
8.444016491289504600e+00
1.635176762293251684e+01
1.505445578434700415e+01
1.230916348999737586e+01
1.534761596392107741e+01
1.642944866646030988e+01
1.215301555949299761e+01
1.413855043925722121e+01
1.462546558286290477e+01
6.076507779746498805e+00
1.009253008808064145e+01
1.458187244392064308e+01
8.291859587312051971e+00
1.178062436274634450e+01
1.377362305878664728e+01
1.874604263163041296e+01
1.117038385124011413e+01
1.058513485680245481e+01
1.436192209445157708e+01
1.547155565579009817e+01
1.009253008808064145e+01
1.492705330360461602e+01
1.306193320280393344e+01
1.052482020710848865e+01
1.330339418036568588e+01
9.440697438826296306e+00
1.368087033328175828e+01
1.591774699517169012e+01
8.667244841319218907e+00
7.817640190446718762e+00
1.534761596392107741e+01
1.194164264288369282e+01
1.413855043925722121e+01
1.595769121605730811e+00
1.445030398768713376e+01
1.236077446474206631e+01
9.373021315815206478e+00
1.002925341359354938e+01
1.391159267660409604e+01
1.178062436274634450e+01
7.312732791431452384e+00
9.166995688475081394e+00
1.058513485680245481e+01
1.246335526484300615e+01
1.400281721259029588e+01
1.579730833933717626e+01
1.377362305878664728e+01
1.344618962205996482e+01
1.822952333923949553e+01
1.711271735549580697e+01
1.172646028567007725e+01
1.325545386523797831e+01
1.543035303761632804e+01
1.236077446474206631e+01
1.266602473693425601e+01
1.276615297284584649e+01
1.711271735549580697e+01
1.021790793990058255e+01
1.354055000514615159e+01
8.291859587312051971e+00
6.770275002573075795e+00
1.445030398768713376e+01
7.817640190446718762e+00
1.058513485680245481e+01
1.436192209445157708e+01
1.377362305878664728e+01
1.688803298257900920e+01
1.167204486311898926e+01
1.815954410458608237e+01
1.642944866646030988e+01
8.519075891779829490e+00
1.595769121605730767e+01
9.236181543108379799e+00
8.884866446580955923e+00
1.064510777218481152e+01
