9.373021315815206478e+00
1.117038385124011413e+01
8.593479713983121826e+00
1.669848676668040710e+01
9.373021315815206478e+00
1.484151074652385738e+01
1.117038385124011413e+01
1.145179781116143225e+01
9.965574970333758387e+00
9.965574970333758387e+00
1.354055000514615159e+01
1.762584604821509515e+01
1.058513485680245481e+01
1.058513485680245481e+01
9.097283682934460103e+00
9.166995688475081394e+00
9.772050238058398008e+00
1.325545386523797831e+01
7.569397566060480642e+00
9.304852983362556174e+00
1.070474469691662733e+01
1.458187244392064308e+01
7.817640190446718762e+00
1.462546558286290477e+01
1.236077446474206631e+01
7.136496464611084889e+00
5.753627391751591880e+00
1.194164264288369282e+01
8.136857890256438353e+00
1.475547227809780537e+01
1.215301555949299761e+01
1.335116235624909109e+01
8.740387444736633427e+00
6.482044814428574497e+00
1.418350619798065715e+01
1.058513485680245481e+01
9.440697438826296306e+00
9.373021315815206478e+00
9.965574970333758387e+00
1.178062436274634450e+01
1.330339418036568588e+01
1.722396045987370883e+01
5.170882945826410726e+00
1.117038385124011413e+01
1.058513485680245481e+01
1.427299292922216978e+01
1.453814859003845150e+01
1.058513485680245481e+01
1.453814859003845150e+01
1.178062436274634450e+01
1.117038385124011413e+01
1.276615297284584649e+01
9.373021315815206478e+00
1.215301555949299761e+01
5.970821321441846408e+00
1.551264883747923129e+01
5.753627391751591880e+00
9.304852983362556174e+00
7.978845608028653835e+00
8.291859587312051971e+00
1.215301555949299761e+01
1.358748446131948917e+01
1.409345127989185542e+01
1.418350619798065715e+01
1.150725478350318376e+01
7.225151993843566878e+00
9.507891862878782518e+00
1.034176589165282145e+01
1.335116235624909109e+01
1.117038385124011413e+01
9.166995688475081394e+00
1.028002345391383443e+01
1.058513485680245481e+01
1.306193320280393344e+01
1.178062436274634450e+01
1.462546558286290477e+01
6.955796338302048021e+00
1.271618740744904485e+01
1.286550196516137312e+01
1.688803298257900920e+01
1.635176762293251684e+01
1.172646028567007725e+01
1.291488987023529766e+01
5.292567428401227403e+00
6.955796338302048021e+00
6.863662517577697741e+00
1.422831991532699902e+01
6.955796338302048021e+00
1.178062436274634450e+01
1.236077446474206631e+01
1.178062436274634450e+01
1.579730833933717626e+01
5.292567428401227403e+00
1.034176589165282145e+01
9.772050238058398008e+00
1.330339418036568588e+01
8.884866446580955923e+00
6.675581178124545545e+00
5.527906391541367981e+00
1.377362305878664728e+01
9.166995688475081394e+00
1.058513485680245481e+01
1.363425735166143049e+01
1.567594437773643001e+01
1.281592373849173683e+01
1.070474469691662733e+01
1.748077488947326685e+01
1.599753570059363028e+01
9.373021315815206478e+00
1.518078909665319287e+01
9.373021315815206478e+00
9.236181543108379799e+00
8.136857890256438353e+00
9.965574970333758387e+00
