9.373021315815206478e+00
1.105581278308273596e+01
7.484820637019110379e+00
8.884866446580955923e+00
1.471226436021925466e+01
9.373021315815206478e+00
5.411516379806009525e+00
1.064510777218481152e+01
1.386575534383213970e+01
1.117038385124011413e+01
9.965574970333758387e+00
9.965574970333758387e+00
1.281592373849173683e+01
1.501210842680413826e+01
1.058513485680245481e+01
1.058513485680245481e+01
9.027033336764100468e+00
9.373021315815206478e+00
9.965574970333758387e+00
1.220528683538465842e+01
8.593479713983121826e+00
6.383076486422923246e+00
6.383076486422923246e+00
9.373021315815206478e+00
1.058513485680245481e+01
7.046725639945927711e+00
1.315904928495908166e+01
8.136857890256438353e+00
1.236077446474206631e+01
8.136857890256438353e+00
1.215301555949299761e+01
7.817640190446718762e+00
1.009253008808064145e+01
8.740387444736633427e+00
7.484820637019110379e+00
1.070474469691662733e+01
1.236077446474206631e+01
5.863230142835038627e+00
6.770275002573075795e+00
1.281592373849173683e+01
9.097283682934460103e+00
8.136857890256438353e+00
1.286550196516137312e+01
1.058513485680245481e+01
9.373021315815206478e+00
9.373021315815206478e+00
1.002925341359354938e+01
6.770275002573075795e+00
7.399277020331918919e+00
1.117038385124011413e+01
1.276615297284584649e+01
1.518078909665319287e+01
8.136857890256438353e+00
1.117038385124011413e+01
1.058513485680245481e+01
1.339876023397903637e+01
1.058513485680245481e+01
1.339876023397903637e+01
1.330339418036568588e+01
7.046725639945927711e+00
1.117038385124011413e+01
1.058513485680245481e+01
9.373021315815206478e+00
8.136857890256438353e+00
1.199483507827737583e+01
1.178062436274634450e+01
7.312732791431452384e+00
1.471226436021925466e+01
8.136857890256438353e+00
4.222008245644752300e+00
9.373021315815206478e+00
8.884866446580955923e+00
9.027033336764100468e+00
1.339876023397903637e+01
1.117038385124011413e+01
8.740387444736633427e+00
1.281592373849173683e+01
1.281592373849173683e+01
1.117038385124011413e+01
9.373021315815206478e+00
9.507891862878782518e+00
1.178062436274634450e+01
1.117038385124011413e+01
9.373021315815206478e+00
1.034176589165282145e+01
5.046265044040320724e+00
1.058513485680245481e+01
1.167204486311898926e+01
1.082303275961201905e+01
1.354055000514615159e+01
8.136857890256438353e+00
8.136857890256438353e+00
6.180387232371033157e+00
5.641895835477562571e+00
1.122723095552866468e+01
1.215301555949299761e+01
5.970821321441846408e+00
1.496964127403822076e+01
8.740387444736633427e+00
1.088169461344923583e+01
1.484151074652385738e+01
1.117038385124011413e+01
8.291859587312051971e+00
8.740387444736633427e+00
8.593479713983121826e+00
1.220528683538465842e+01
1.117038385124011413e+01
8.136857890256438353e+00
1.194164264288369282e+01
1.178062436274634450e+01
8.444016491289504600e+00
2.763953195770683990e+00
1.413855043925722121e+01
9.373021315815206478e+00
9.965574970333758387e+00
1.271618740744904485e+01
8.740387444736633427e+00
8.291859587312051971e+00
7.735777827895049086e+00
6.863662517577697741e+00
6.076507779746498805e+00
1.236077446474206631e+01
9.373021315815206478e+00
1.058513485680245481e+01
4.652426491681278087e+00
1.220528683538465842e+01
1.445030398768713376e+01
1.058513485680245481e+01
1.167204486311898926e+01
1.484151074652385738e+01
1.591774699517169012e+01
9.965574970333758387e+00
1.409345127989185542e+01
9.507891862878782518e+00
9.236181543108379799e+00
8.740387444736633427e+00
7.817640190446718762e+00
9.965574970333758387e+00
1.058513485680245481e+01
4.513516668382050234e+00
