1.117038385124011413e+01
6.383076486422923246e+00
8.884866446580955923e+00
1.579730833933717626e+01
9.373021315815206478e+00
1.117038385124011413e+01
1.427299292922216978e+01
1.117038385124011413e+01
9.965574970333758387e+00
9.965574970333758387e+00
1.296408962885714899e+01
1.654528640181426269e+01
1.058513485680245481e+01
1.058513485680245481e+01
9.166995688475081394e+00
9.373021315815206478e+00
9.901487006738307173e+00
1.286550196516137312e+01
8.136857890256438353e+00
9.373021315815206478e+00
1.058513485680245481e+01
1.363425735166143049e+01
8.136857890256438353e+00
5.170882945826410726e+00
1.330339418036568588e+01
8.136857890256438353e+00
1.236077446474206631e+01
7.817640190446718762e+00
1.058513485680245481e+01
8.593479713983121826e+00
6.955796338302048021e+00
1.391159267660409604e+01
1.210051848659980855e+01
1.296408962885714899e+01
8.593479713983121826e+00
8.136857890256438353e+00
1.377362305878664728e+01
1.058513485680245481e+01
9.373021315815206478e+00
9.373021315815206478e+00
9.965574970333758387e+00
5.970821321441846408e+00
1.117038385124011413e+01
1.296408962885714899e+01
1.591774699517169012e+01
7.817640190446718762e+00
1.117038385124011413e+01
1.058513485680245481e+01
1.413855043925722121e+01
1.381976597885341995e+01
1.058513485680245481e+01
1.344618962205996482e+01
1.117038385124011413e+01
4.068428945128219176e+00
1.105581278308273596e+01
9.373021315815206478e+00
7.898654169668588132e+00
1.236077446474206631e+01
1.178062436274634450e+01
6.076507779746498805e+00
1.496964127403822076e+01
7.569397566060480642e+00
9.373021315815206478e+00
8.740387444736633427e+00
8.812923024107547576e+00
1.139607097042601680e+01
1.377362305878664728e+01
8.667244841319218907e+00
1.296408962885714899e+01
1.377362305878664728e+01
1.117038385124011413e+01
9.373021315815206478e+00
1.034176589165282145e+01
1.261566261010080048e+01
1.117038385124011413e+01
9.373021315815206478e+00
1.058513485680245481e+01
1.058513485680245481e+01
1.271618740744904485e+01
1.156244577056221523e+01
1.386575534383213970e+01
7.225151993843566878e+00
1.178062436274634450e+01
1.236077446474206631e+01
1.603728119216292924e+01
1.551264883747923129e+01
7.898654169668588132e+00
1.145179781116143225e+01
1.150725478350318376e+01
8.291859587312051971e+00
8.593479713983121826e+00
8.667244841319218907e+00
1.286550196516137312e+01
1.178062436274634450e+01
7.312732791431452384e+00
1.225733520300188317e+01
1.178062436274634450e+01
7.898654169668588132e+00
1.471226436021925466e+01
9.706684619910241452e+00
9.965574970333758387e+00
1.291488987023529766e+01
8.291859587312051971e+00
7.978845608028653835e+00
7.484820637019110379e+00
3.191538243211461623e+00
1.339876023397903637e+01
9.373021315815206478e+00
1.058513485680245481e+01
1.339876023397903637e+01
1.488434347843123184e+01
1.058513485680245481e+01
1.178062436274634450e+01
1.662206308517478703e+01
1.547155565579009817e+01
9.901487006738307173e+00
1.453814859003845150e+01
9.440697438826296306e+00
9.373021315815206478e+00
8.593479713983121826e+00
5.753627391751591880e+00
9.965574970333758387e+00
1.064510777218481152e+01
