1.117038385124011413e+01
7.136496464611084889e+00
9.027033336764100468e+00
1.555363345008750464e+01
9.373021315815206478e+00
1.117038385124011413e+01
1.418350619798065715e+01
1.117038385124011413e+01
9.965574970333758387e+00
9.965574970333758387e+00
1.296408962885714899e+01
1.599753570059363028e+01
1.076405121554611632e+01
1.058513485680245481e+01
8.884866446580955923e+00
9.373021315815206478e+00
9.965574970333758387e+00
1.251433034574463399e+01
8.136857890256438353e+00
5.046265044040320724e+00
9.373021315815206478e+00
1.058513485680245481e+01
3.908820095223359381e+00
1.335116235624909109e+01
8.136857890256438353e+00
5.970821321441846408e+00
1.281592373849173683e+01
8.136857890256438353e+00
1.225733520300188317e+01
7.735777827895049086e+00
1.058513485680245481e+01
8.740387444736633427e+00
6.955796338302048021e+00
1.128379167095512514e+01
1.335116235624909109e+01
4.513516668382050234e+00
1.296408962885714899e+01
8.740387444736633427e+00
8.136857890256438353e+00
1.335116235624909109e+01
1.070474469691662733e+01
9.373021315815206478e+00
9.373021315815206478e+00
9.965574970333758387e+00
4.787307364817191768e+00
6.863662517577697741e+00
1.117038385124011413e+01
1.296408962885714899e+01
1.547155565579009817e+01
8.136857890256438353e+00
1.117038385124011413e+01
1.058513485680245481e+01
1.368087033328175828e+01
1.058513485680245481e+01
1.386575534383213970e+01
1.344618962205996482e+01
5.753627391751591880e+00
1.117038385124011413e+01
1.076405121554611632e+01
9.373021315815206478e+00
8.136857890256438353e+00
1.225733520300188317e+01
1.178062436274634450e+01
6.863662517577697741e+00
1.488434347843123184e+01
7.978845608028653835e+00
9.373021315815206478e+00
8.740387444736633427e+00
8.884866446580955923e+00
1.349345229721172146e+01
1.117038385124011413e+01
8.740387444736633427e+00
1.296408962885714899e+01
1.363425735166143049e+01
1.117038385124011413e+01
9.373021315815206478e+00
1.021790793990058255e+01
1.230916348999737586e+01
1.117038385124011413e+01
9.373021315815206478e+00
1.058513485680245481e+01
1.058513485680245481e+01
1.256509862862843541e+01
1.134007028277388685e+01
1.372732503515539548e+01
7.653039857325811823e+00
8.444016491289504600e+00
4.513516668382050234e+00
1.172646028567007725e+01
1.236077446474206631e+01
1.587770228520368221e+01
8.291859587312051971e+00
1.139607097042601680e+01
1.501210842680413826e+01
1.117038385124011413e+01
8.444016491289504600e+00
8.740387444736633427e+00
8.740387444736633427e+00
1.266602473693425601e+01
1.156244577056221523e+01
7.898654169668588132e+00
1.215301555949299761e+01
1.178062436274634450e+01
8.136857890256438353e+00
1.436192209445157708e+01
9.507891862878782518e+00
9.965574970333758387e+00
1.286550196516137312e+01
8.740387444736633427e+00
8.136857890256438353e+00
7.569397566060480642e+00
5.753627391751591880e+00
2.256758334191025117e+00
1.306193320280393344e+01
9.373021315815206478e+00
1.058513485680245481e+01
1.296408962885714899e+01
1.484151074652385738e+01
1.058513485680245481e+01
1.178062436274634450e+01
1.530607971465162365e+01
1.603728119216292924e+01
9.965574970333758387e+00
1.445030398768713376e+01
9.507891862878782518e+00
9.373021315815206478e+00
8.740387444736633427e+00
6.579524642479540830e+00
9.965574970333758387e+00
1.058513485680245481e+01
