9.373021315815206478e+00
1.105581278308273596e+01
7.484820637019110379e+00
8.593479713983121826e+00
1.453814859003845150e+01
9.373021315815206478e+00
6.076507779746498805e+00
1.046415791390898242e+01
1.363425735166143049e+01
1.117038385124011413e+01
9.965574970333758387e+00
9.965574970333758387e+00
1.271618740744904485e+01
1.488434347843123184e+01
1.058513485680245481e+01
1.058513485680245481e+01
9.027033336764100468e+00
9.373021315815206478e+00
9.965574970333758387e+00
1.188821220645068522e+01
6.579524642479540830e+00
8.740387444736633427e+00
6.383076486422923246e+00
9.373021315815206478e+00
1.058513485680245481e+01
7.225151993843566878e+00
1.311058116710494836e+01
8.291859587312051971e+00
1.225733520300188317e+01
8.136857890256438353e+00
1.194164264288369282e+01
7.399277020331918919e+00
9.965574970333758387e+00
8.740387444736633427e+00
1.954410047611679691e+00
7.484820637019110379e+00
1.070474469691662733e+01
1.225733520300188317e+01
6.282549314314217703e+00
6.955796338302048021e+00
1.276615297284584649e+01
9.097283682934460103e+00
8.136857890256438353e+00
1.266602473693425601e+01
1.058513485680245481e+01
9.373021315815206478e+00
9.373021315815206478e+00
9.965574970333758387e+00
7.046725639945927711e+00
7.653039857325811823e+00
1.117038385124011413e+01
1.276615297284584649e+01
1.479855404066383784e+01
8.136857890256438353e+00
1.117038385124011413e+01
1.058513485680245481e+01
1.325545386523797831e+01
1.058513485680245481e+01
1.325545386523797831e+01
1.320733953636073110e+01
7.225151993843566878e+00
1.117038385124011413e+01
1.058513485680245481e+01
4.513516668382050234e+00
9.373021315815206478e+00
8.368283871884004910e+00
1.194164264288369282e+01
1.156244577056221523e+01
1.462546558286290477e+01
8.136857890256438353e+00
6.955796338302048021e+00
5.292567428401227403e+00
9.373021315815206478e+00
9.027033336764100468e+00
9.027033336764100468e+00
1.325545386523797831e+01
1.117038385124011413e+01
8.812923024107547576e+00
1.281592373849173683e+01
1.276615297284584649e+01
1.117038385124011413e+01
9.373021315815206478e+00
9.507891862878782518e+00
1.178062436274634450e+01
1.117038385124011413e+01
9.373021315815206478e+00
1.015541250385961369e+01
5.753627391751591880e+00
1.058513485680245481e+01
1.161737456321036532e+01
1.058513485680245481e+01
1.339876023397903637e+01
8.136857890256438353e+00
8.136857890256438353e+00
6.863662517577697741e+00
6.076507779746498805e+00
1.117038385124011413e+01
1.204779266504070279e+01
6.383076486422923246e+00
1.488434347843123184e+01
8.740387444736633427e+00
1.070474469691662733e+01
1.466892917224166482e+01
1.117038385124011413e+01
8.291859587312051971e+00
8.740387444736633427e+00
8.444016491289504600e+00
1.215301555949299761e+01
1.117038385124011413e+01
8.136857890256438353e+00
1.183454054540639433e+01
1.178062436274634450e+01
8.444016491289504600e+00
4.652426491681278087e+00
1.409345127989185542e+01
9.373021315815206478e+00
9.965574970333758387e+00
1.225733520300188317e+01
8.740387444736633427e+00
8.291859587312051971e+00
7.735777827895049086e+00
7.225151993843566878e+00
1.595769121605730811e+00
6.863662517577697741e+00
1.225733520300188317e+01
9.373021315815206478e+00
1.058513485680245481e+01
5.753627391751591880e+00
1.204779266504070279e+01
1.058513485680245481e+01
1.391159267660409604e+01
1.150725478350318376e+01
1.475547227809780537e+01
1.575695754970980111e+01
9.965574970333758387e+00
1.391159267660409604e+01
9.373021315815206478e+00
8.956231982162769611e+00
8.740387444736633427e+00
7.978845608028653835e+00
9.965574970333758387e+00
1.058513485680245481e+01
5.527906391541367981e+00
