1.117038385124011413e+01
7.225151993843566878e+00
9.027033336764100468e+00
1.526443044094783019e+01
9.373021315815206478e+00
1.076405121554611632e+01
4.068428945128219176e+00
1.409345127989185542e+01
1.117038385124011413e+01
9.965574970333758387e+00
9.965574970333758387e+00
1.296408962885714899e+01
1.555363345008750464e+01
1.058513485680245481e+01
1.058513485680245481e+01
9.027033336764100468e+00
9.373021315815206478e+00
9.965574970333758387e+00
1.246335526484300615e+01
5.970821321441846408e+00
8.444016491289504600e+00
5.411516379806009525e+00
9.373021315815206478e+00
1.058513485680245481e+01
6.579524642479540830e+00
1.325545386523797831e+01
8.136857890256438353e+00
1.236077446474206631e+01
8.136857890256438353e+00
1.225733520300188317e+01
7.653039857325811823e+00
1.034176589165282145e+01
8.740387444736633427e+00
7.484820637019110379e+00
1.105581278308273596e+01
1.296408962885714899e+01
4.370193722368316713e+00
5.753627391751591880e+00
1.296408962885714899e+01
9.027033336764100468e+00
8.136857890256438353e+00
1.306193320280393344e+01
1.058513485680245481e+01
9.373021315815206478e+00
9.373021315815206478e+00
1.002925341359354938e+01
5.753627391751591880e+00
7.225151993843566878e+00
1.117038385124011413e+01
1.296408962885714899e+01
1.530607971465162365e+01
8.136857890256438353e+00
1.117038385124011413e+01
1.058513485680245481e+01
1.358748446131948917e+01
1.058513485680245481e+01
1.368087033328175828e+01
1.344618962205996482e+01
6.282549314314217703e+00
1.117038385124011413e+01
1.070474469691662733e+01
9.373021315815206478e+00
8.136857890256438353e+00
1.225733520300188317e+01
1.178062436274634450e+01
7.225151993843566878e+00
1.484151074652385738e+01
8.136857890256438353e+00
9.373021315815206478e+00
8.740387444736633427e+00
9.027033336764100468e+00
1.344618962205996482e+01
1.117038385124011413e+01
8.740387444736633427e+00
1.286550196516137312e+01
1.344618962205996482e+01
1.117038385124011413e+01
9.373021315815206478e+00
9.901487006738307173e+00
1.210051848659980855e+01
1.117038385124011413e+01
9.373021315815206478e+00
1.058513485680245481e+01
1.058513485680245481e+01
1.210051848659980855e+01
1.595769121605730811e+00
1.117038385124011413e+01
1.363425735166143049e+01
8.058239062071395509e+00
8.214724333230154940e+00
5.753627391751591880e+00
1.145179781116143225e+01
3.385137501286537898e+00
1.230916348999737586e+01
1.551264883747923129e+01
4.513516668382050234e+00
8.740387444736633427e+00
1.117038385124011413e+01
1.492705330360461602e+01
1.117038385124011413e+01
8.291859587312051971e+00
8.740387444736633427e+00
8.740387444736633427e+00
1.251433034574463399e+01
1.134007028277388685e+01
8.136857890256438353e+00
1.210051848659980855e+01
1.178062436274634450e+01
8.291859587312051971e+00
1.427299292922216978e+01
9.507891862878782518e+00
9.965574970333758387e+00
1.286550196516137312e+01
8.740387444736633427e+00
8.291859587312051971e+00
7.735777827895049086e+00
6.383076486422923246e+00
5.292567428401227403e+00
1.281592373849173683e+01
9.373021315815206478e+00
1.058513485680245481e+01
1.246335526484300615e+01
1.479855404066383784e+01
1.058513485680245481e+01
1.178062436274634450e+01
1.522266721510391640e+01
1.599753570059363028e+01
9.965574970333758387e+00
1.427299292922216978e+01
9.507891862878782518e+00
9.373021315815206478e+00
8.740387444736633427e+00
7.312732791431452384e+00
9.965574970333758387e+00
1.058513485680245481e+01
