8.812923024107547576e+00
1.070474469691662733e+01
7.978845608028653835e+00
1.718695942796624365e+01
1.538904010394216471e+01
9.373021315815206478e+00
1.094004191971426110e+01
1.167204486311898926e+01
9.901487006738307173e+00
9.965574970333758387e+00
1.436192209445157708e+01
1.857546544836034741e+01
1.034176589165282145e+01
1.058513485680245481e+01
7.484820637019110379e+00
8.956231982162769611e+00
9.236181543108379799e+00
1.368087033328175828e+01
4.918490759365934828e+00
9.027033336764100468e+00
1.183454054540639433e+01
1.547155565579009817e+01
5.970821321441846408e+00
1.479855404066383784e+01
1.236077446474206631e+01
4.513516668382050234e+00
1.330339418036568588e+01
6.383076486422923246e+00
1.559451034962034477e+01
1.225733520300188317e+01
1.349345229721172146e+01
8.136857890256438353e+00
1.440618081907316395e+01
1.021790793990058255e+01
9.836981518731869656e+00
9.166995688475081394e+00
1.058513485680245481e+01
1.172646028567007725e+01
1.368087033328175828e+01
1.822952333923949553e+01
1.117038385124011413e+01
1.058513485680245481e+01
1.418350619798065715e+01
1.522266721510391640e+01
1.058513485680245481e+01
1.484151074652385738e+01
1.296408962885714899e+01
1.070474469691662733e+01
1.330339418036568588e+01
9.236181543108379799e+00
1.306193320280393344e+01
1.559451034962034477e+01
9.097283682934460103e+00
8.740387444736633427e+00
7.046725639945927711e+00
1.210051848659980855e+01
1.471226436021925466e+01
1.395727947504383337e+01
1.445030398768713376e+01
1.204779266504070279e+01
4.370193722368316713e+00
9.373021315815206478e+00
1.021790793990058255e+01
1.363425735166143049e+01
1.134007028277388685e+01
8.593479713983121826e+00
9.965574970333758387e+00
1.058513485680245481e+01
1.183454054540639433e+01
1.404820733880128181e+01
1.522266721510391640e+01
1.377362305878664728e+01
1.325545386523797831e+01
1.784124116152771222e+01
1.696325844612841038e+01
1.172646028567007725e+01
1.320733953636073110e+01
1.488434347843123184e+01
1.225733520300188317e+01
1.246335526484300615e+01
1.236077446474206631e+01
1.685029431422315938e+01
1.046415791390898242e+01
9.373021315815206478e+00
1.358748446131948917e+01
8.291859587312051971e+00
1.413855043925722121e+01
8.593479713983121826e+00
1.058513485680245481e+01
1.400281721259029588e+01
1.381976597885341995e+01
1.642944866646030988e+01
1.150725478350318376e+01
1.769793569896924623e+01
1.611647812414279102e+01
9.097283682934460103e+00
1.543035303761632804e+01
9.373021315815206478e+00
8.740387444736633427e+00
6.482044814428574497e+00
9.965574970333758387e+00
