1.117038385124011413e+01
6.675581178124545545e+00
8.884866446580955923e+00
1.567594437773643001e+01
9.373021315815206478e+00
1.117038385124011413e+01
1.427299292922216978e+01
1.117038385124011413e+01
9.965574970333758387e+00
9.965574970333758387e+00
1.296408962885714899e+01
1.642944866646030988e+01
1.058513485680245481e+01
1.058513485680245481e+01
9.027033336764100468e+00
9.373021315815206478e+00
9.965574970333758387e+00
1.286550196516137312e+01
8.136857890256438353e+00
3.191538243211461623e+00
9.373021315815206478e+00
1.058513485680245481e+01
1.349345229721172146e+01
8.136857890256438353e+00
5.170882945826410726e+00
1.320733953636073110e+01
8.136857890256438353e+00
1.236077446474206631e+01
7.978845608028653835e+00
1.058513485680245481e+01
8.593479713983121826e+00
6.955796338302048021e+00
1.381976597885341995e+01
1.210051848659980855e+01
1.296408962885714899e+01
8.593479713983121826e+00
8.136857890256438353e+00
1.363425735166143049e+01
1.058513485680245481e+01
9.373021315815206478e+00
9.373021315815206478e+00
9.965574970333758387e+00
6.076507779746498805e+00
1.117038385124011413e+01
1.296408962885714899e+01
1.579730833933717626e+01
7.898654169668588132e+00
1.117038385124011413e+01
1.058513485680245481e+01
1.409345127989185542e+01
1.377362305878664728e+01
1.058513485680245481e+01
1.344618962205996482e+01
1.117038385124011413e+01
4.652426491681278087e+00
1.099807968464679142e+01
9.373021315815206478e+00
8.058239062071395509e+00
1.236077446474206631e+01
1.178062436274634450e+01
6.282549314314217703e+00
1.496964127403822076e+01
7.653039857325811823e+00
9.373021315815206478e+00
8.740387444736633427e+00
8.884866446580955923e+00
1.377362305878664728e+01
1.122723095552866468e+01
8.740387444736633427e+00
1.296408962885714899e+01
1.377362305878664728e+01
1.117038385124011413e+01
9.373021315815206478e+00
1.028002345391383443e+01
1.251433034574463399e+01
1.117038385124011413e+01
9.373021315815206478e+00
1.058513485680245481e+01
1.058513485680245481e+01
1.271618740744904485e+01
1.156244577056221523e+01
1.377362305878664728e+01
7.225151993843566878e+00
1.178062436274634450e+01
1.236077446474206631e+01
1.603728119216292924e+01
1.534761596392107741e+01
8.136857890256438353e+00
1.145179781116143225e+01
1.139607097042601680e+01
8.444016491289504600e+00
8.667244841319218907e+00
8.740387444736633427e+00
1.286550196516137312e+01
1.178062436274634450e+01
7.653039857325811823e+00
1.220528683538465842e+01
1.178062436274634450e+01
7.898654169668588132e+00
1.462546558286290477e+01
9.574614729634383536e+00
9.965574970333758387e+00
1.291488987023529766e+01
8.368283871884004910e+00
8.136857890256438353e+00
7.484820637019110379e+00
4.513516668382050234e+00
1.330339418036568588e+01
9.373021315815206478e+00
1.058513485680245481e+01
1.335116235624909109e+01
1.488434347843123184e+01
1.058513485680245481e+01
1.178062436274634450e+01
1.654528640181426269e+01
1.543035303761632804e+01
9.965574970333758387e+00
1.449429283826230197e+01
9.440697438826296306e+00
9.373021315815206478e+00
8.593479713983121826e+00
5.753627391751591880e+00
9.965574970333758387e+00
1.064510777218481152e+01
