1.117038385124011413e+01
5.292567428401227403e+00
8.884866446580955923e+00
1.595769121605730767e+01
9.373021315815206478e+00
1.117038385124011413e+01
1.440618081907316395e+01
1.117038385124011413e+01
9.965574970333758387e+00
9.965574970333758387e+00
1.315904928495908166e+01
1.692568750643268771e+01
1.058513485680245481e+01
1.058513485680245481e+01
9.507891862878782518e+00
9.373021315815206478e+00
9.836981518731869656e+00
1.296408962885714899e+01
8.136857890256438353e+00
9.373021315815206478e+00
1.058513485680245481e+01
1.391159267660409604e+01
8.136857890256438353e+00
1.400281721259029588e+01
8.136857890256438353e+00
1.236077446474206631e+01
7.399277020331918919e+00
1.088169461344923583e+01
8.368283871884004910e+00
1.418350619798065715e+01
1.215301555949299761e+01
5.753627391751591880e+00
1.296408962885714899e+01
8.136857890256438353e+00
8.593479713983121826e+00
1.391159267660409604e+01
1.058513485680245481e+01
9.373021315815206478e+00
9.373021315815206478e+00
9.965574970333758387e+00
1.161737456321036532e+01
4.222008245644752300e+00
1.306193320280393344e+01
1.646815177937675045e+01
7.136496464611084889e+00
1.117038385124011413e+01
1.058513485680245481e+01
1.427299292922216978e+01
1.395727947504383337e+01
1.058513485680245481e+01
1.368087033328175828e+01
1.134007028277388685e+01
1.117038385124011413e+01
9.373021315815206478e+00
1.236077446474206631e+01
1.178062436274634450e+01
7.399277020331918919e+00
1.518078909665319287e+01
4.222008245644752300e+00
7.225151993843566878e+00
9.373021315815206478e+00
8.740387444736633427e+00
8.444016491289504600e+00
1.172646028567007725e+01
1.391159267660409604e+01
8.214724333230154940e+00
1.315904928495908166e+01
1.391159267660409604e+01
1.117038385124011413e+01
9.373021315815206478e+00
1.034176589165282145e+01
1.286550196516137312e+01
1.117038385124011413e+01
9.304852983362556174e+00
1.058513485680245481e+01
1.058513485680245481e+01
1.276615297284584649e+01
1.178062436274634450e+01
1.413855043925722121e+01
6.076507779746498805e+00
1.178062436274634450e+01
1.236077446474206631e+01
1.607692842495848140e+01
1.583755632390385770e+01
7.484820637019110379e+00
1.150725478350318376e+01
1.199483507827737583e+01
8.136857890256438353e+00
8.136857890256438353e+00
8.136857890256438353e+00
1.315904928495908166e+01
1.178062436274634450e+01
6.863662517577697741e+00
1.236077446474206631e+01
1.178062436274634450e+01
7.225151993843566878e+00
1.518078909665319287e+01
1.021790793990058255e+01
9.901487006738307173e+00
1.325545386523797831e+01
8.136857890256438353e+00
7.484820637019110379e+00
7.569397566060480642e+00
1.354055000514615159e+01
9.373021315815206478e+00
1.058513485680245481e+01
1.372732503515539548e+01
1.505445578434700415e+01
1.220528683538465842e+01
1.058513485680245481e+01
1.707547527140466670e+01
1.587770228520368221e+01
9.836981518731869656e+00
1.475547227809780537e+01
9.440697438826296306e+00
9.373021315815206478e+00
8.444016491289504600e+00
9.965574970333758387e+00
1.088169461344923583e+01
