9.373021315815206478e+00
1.117038385124011413e+01
8.740387444736633427e+00
1.662206308517478703e+01
9.373021315815206478e+00
1.475547227809780537e+01
1.117038385124011413e+01
1.145179781116143225e+01
9.965574970333758387e+00
9.965574970333758387e+00
1.354055000514615159e+01
1.762584604821509515e+01
1.058513485680245481e+01
1.058513485680245481e+01
9.097283682934460103e+00
9.166995688475081394e+00
9.772050238058398008e+00
1.325545386523797831e+01
7.653039857325811823e+00
9.304852983362556174e+00
1.058513485680245481e+01
1.449429283826230197e+01
7.817640190446718762e+00
1.453814859003845150e+01
1.236077446474206631e+01
7.312732791431452384e+00
5.970821321441846408e+00
1.183454054540639433e+01
8.136857890256438353e+00
1.466892917224166482e+01
1.215301555949299761e+01
1.330339418036568588e+01
8.740387444736633427e+00
6.770275002573075795e+00
1.413855043925722121e+01
1.058513485680245481e+01
9.373021315815206478e+00
9.507891862878782518e+00
9.965574970333758387e+00
1.178062436274634450e+01
1.330339418036568588e+01
1.707547527140466670e+01
5.170882945826410726e+00
1.117038385124011413e+01
1.058513485680245481e+01
1.427299292922216978e+01
1.453814859003845150e+01
1.058513485680245481e+01
1.445030398768713376e+01
1.178062436274634450e+01
1.117038385124011413e+01
1.271618740744904485e+01
9.373021315815206478e+00
1.215301555949299761e+01
6.675581178124545545e+00
1.551264883747923129e+01
5.753627391751591880e+00
9.304852983362556174e+00
8.214724333230154940e+00
8.291859587312051971e+00
1.220528683538465842e+01
1.404820733880128181e+01
1.354055000514615159e+01
1.413855043925722121e+01
1.139607097042601680e+01
7.225151993843566878e+00
9.373021315815206478e+00
1.034176589165282145e+01
1.330339418036568588e+01
1.117038385124011413e+01
9.236181543108379799e+00
1.046415791390898242e+01
1.058513485680245481e+01
1.296408962885714899e+01
1.178062436274634450e+01
1.453814859003845150e+01
6.955796338302048021e+00
1.251433034574463399e+01
1.276615297284584649e+01
1.673656774376800982e+01
1.635176762293251684e+01
1.172646028567007725e+01
5.753627391751591880e+00
1.271618740744904485e+01
6.955796338302048021e+00
6.863662517577697741e+00
1.409345127989185542e+01
7.136496464611084889e+00
1.178062436274634450e+01
1.236077446474206631e+01
1.178062436274634450e+01
2.985410660720923204e+00
5.753627391751591880e+00
1.575695754970980111e+01
1.034176589165282145e+01
9.772050238058398008e+00
1.330339418036568588e+01
8.593479713983121826e+00
6.770275002573075795e+00
5.753627391751591880e+00
1.377362305878664728e+01
9.236181543108379799e+00
1.058513485680245481e+01
1.363425735166143049e+01
1.563528038089343752e+01
1.271618740744904485e+01
1.070474469691662733e+01
1.748077488947326685e+01
1.599753570059363028e+01
9.373021315815206478e+00
1.513879513212096128e+01
9.373021315815206478e+00
9.304852983362556174e+00
8.136857890256438353e+00
9.965574970333758387e+00
