1.117038385124011413e+01
7.312732791431452384e+00
9.027033336764100468e+00
1.518078909665319287e+01
9.373021315815206478e+00
5.170882945826410726e+00
1.070474469691662733e+01
1.400281721259029588e+01
1.117038385124011413e+01
9.965574970333758387e+00
9.965574970333758387e+00
1.286550196516137312e+01
1.543035303761632804e+01
1.058513485680245481e+01
1.058513485680245481e+01
9.027033336764100468e+00
9.373021315815206478e+00
9.965574970333758387e+00
1.236077446474206631e+01
6.383076486422923246e+00
8.444016491289504600e+00
5.970821321441846408e+00
9.373021315815206478e+00
1.058513485680245481e+01
6.863662517577697741e+00
1.325545386523797831e+01
8.136857890256438353e+00
1.236077446474206631e+01
8.136857890256438353e+00
1.220528683538465842e+01
7.653039857325811823e+00
1.021790793990058255e+01
8.740387444736633427e+00
7.484820637019110379e+00
1.099807968464679142e+01
1.281592373849173683e+01
4.918490759365934828e+00
6.076507779746498805e+00
1.296408962885714899e+01
9.097283682934460103e+00
8.136857890256438353e+00
1.301310337505149661e+01
1.058513485680245481e+01
9.373021315815206478e+00
9.373021315815206478e+00
1.002925341359354938e+01
6.180387232371033157e+00
7.225151993843566878e+00
1.117038385124011413e+01
1.296408962885714899e+01
1.530607971465162365e+01
8.136857890256438353e+00
1.117038385124011413e+01
1.058513485680245481e+01
1.354055000514615159e+01
1.058513485680245481e+01
1.358748446131948917e+01
1.339876023397903637e+01
6.579524642479540830e+00
1.117038385124011413e+01
1.070474469691662733e+01
9.373021315815206478e+00
8.136857890256438353e+00
1.215301555949299761e+01
1.178062436274634450e+01
7.312732791431452384e+00
1.475547227809780537e+01
8.136857890256438353e+00
9.373021315815206478e+00
8.740387444736633427e+00
9.027033336764100468e+00
1.344618962205996482e+01
1.117038385124011413e+01
8.740387444736633427e+00
1.286550196516137312e+01
1.330339418036568588e+01
1.117038385124011413e+01
9.373021315815206478e+00
9.507891862878782518e+00
1.194164264288369282e+01
1.117038385124011413e+01
9.373021315815206478e+00
1.058513485680245481e+01
3.908820095223359381e+00
1.058513485680245481e+01
1.199483507827737583e+01
1.094004191971426110e+01
1.363425735166143049e+01
8.136857890256438353e+00
8.136857890256438353e+00
5.970821321441846408e+00
1.134007028277388685e+01
4.513516668382050234e+00
1.220528683538465842e+01
1.543035303761632804e+01
5.046265044040320724e+00
8.740387444736633427e+00
1.105581278308273596e+01
1.488434347843123184e+01
1.117038385124011413e+01
8.291859587312051971e+00
8.740387444736633427e+00
8.884866446580955923e+00
1.241217083805063837e+01
1.117038385124011413e+01
8.136857890256438353e+00
1.210051848659980855e+01
1.178062436274634450e+01
8.444016491289504600e+00
1.427299292922216978e+01
9.507891862878782518e+00
9.965574970333758387e+00
1.276615297284584649e+01
8.740387444736633427e+00
8.291859587312051971e+00
7.735777827895049086e+00
6.675581178124545545e+00
5.641895835477562571e+00
1.251433034574463399e+01
9.373021315815206478e+00
1.058513485680245481e+01
3.191538243211461623e+00
1.230916348999737586e+01
1.458187244392064308e+01
1.058513485680245481e+01
1.178062436274634450e+01
1.509668435477122017e+01
1.599753570059363028e+01
9.965574970333758387e+00
1.418350619798065715e+01
9.507891862878782518e+00
9.440697438826296306e+00
8.740387444736633427e+00
7.399277020331918919e+00
9.965574970333758387e+00
1.058513485680245481e+01
