8.519075891779829490e+00
1.070474469691662733e+01
7.484820637019110379e+00
1.733448968263843781e+01
1.567594437773643001e+01
9.373021315815206478e+00
1.094004191971426110e+01
1.161737456321036532e+01
9.901487006738307173e+00
9.965574970333758387e+00
1.479855404066383784e+01
1.918244584062371416e+01
1.034176589165282145e+01
1.058513485680245481e+01
6.579524642479540830e+00
8.740387444736633427e+00
8.956231982162769611e+00
1.372732503515539548e+01
1.266602473693425601e+01
8.740387444736633427e+00
1.571650316319191809e+01
1.488434347843123184e+01
4.222008245644752300e+00
1.236077446474206631e+01
1.391159267660409604e+01
1.615593100600235843e+01
5.046265044040320724e+00
1.215301555949299761e+01
1.354055000514615159e+01
7.653039857325811823e+00
1.445030398768713376e+01
1.021790793990058255e+01
8.884866446580955923e+00
1.449429283826230197e+01
1.178062436274634450e+01
1.372732503515539548e+01
1.840330728156092377e+01
1.117038385124011413e+01
1.058513485680245481e+01
1.422831991532699902e+01
1.538904010394216471e+01
1.052482020710848865e+01
1.488434347843123184e+01
1.306193320280393344e+01
1.070474469691662733e+01
1.335116235624909109e+01
9.166995688475081394e+00
1.315904928495908166e+01
1.579730833933717626e+01
8.740387444736633427e+00
8.444016491289504600e+00
6.383076486422923246e+00
1.215301555949299761e+01
1.492705330360461602e+01
1.404820733880128181e+01
1.436192209445157708e+01
1.236077446474206631e+01
9.373021315815206478e+00
1.015541250385961369e+01
1.368087033328175828e+01
1.156244577056221523e+01
8.136857890256438353e+00
9.772050238058398008e+00
1.058513485680245481e+01
1.236077446474206631e+01
1.400281721259029588e+01
1.555363345008750464e+01
1.377362305878664728e+01
1.335116235624909109e+01
1.801877032173578996e+01
1.703815178355965898e+01
1.172646028567007725e+01
1.315904928495908166e+01
1.526443044094783019e+01
1.236077446474206631e+01
1.261566261010080048e+01
1.256509862862843541e+01
1.707547527140466670e+01
1.040314189572019821e+01
9.097283682934460103e+00
1.354055000514615159e+01
8.136857890256438353e+00
1.427299292922216978e+01
8.136857890256438353e+00
1.058513485680245481e+01
1.413855043925722121e+01
1.381976597885341995e+01
1.650676414605009157e+01
1.167204486311898926e+01
1.794796937867891984e+01
1.623454913941802857e+01
9.097283682934460103e+00
1.547155565579009817e+01
9.373021315815206478e+00
8.740387444736633427e+00
5.641895835477562571e+00
1.009253008808064145e+01
