9.236181543108379799e+00
1.111324596323282954e+01
8.291859587312051971e+00
1.688803298257900920e+01
9.373021315815206478e+00
1.496964127403822076e+01
1.099807968464679142e+01
1.156244577056221523e+01
9.965574970333758387e+00
9.965574970333758387e+00
1.404820733880128181e+01
1.805406667352820094e+01
1.058513485680245481e+01
1.058513485680245481e+01
8.519075891779829490e+00
9.097283682934460103e+00
9.373021315815206478e+00
1.335116235624909109e+01
6.955796338302048021e+00
9.097283682934460103e+00
1.117038385124011413e+01
1.488434347843123184e+01
7.225151993843566878e+00
1.479855404066383784e+01
1.236077446474206631e+01
6.180387232371033157e+00
4.513516668382050234e+00
1.241217083805063837e+01
7.653039857325811823e+00
1.513879513212096128e+01
1.215301555949299761e+01
1.344618962205996482e+01
8.291859587312051971e+00
1.427299292922216978e+01
4.787307364817191768e+00
1.046415791390898242e+01
9.836981518731869656e+00
9.236181543108379799e+00
1.034176589165282145e+01
1.178062436274634450e+01
1.358748446131948917e+01
1.755346033766304004e+01
1.117038385124011413e+01
1.058513485680245481e+01
1.427299292922216978e+01
1.501210842680413826e+01
1.058513485680245481e+01
1.462546558286290477e+01
1.246335526484300615e+01
1.094004191971426110e+01
1.296408962885714899e+01
9.236181543108379799e+00
1.236077446474206631e+01
5.170882945826410726e+00
1.547155565579009817e+01
9.166995688475081394e+00
8.812923024107547576e+00
7.653039857325811823e+00
1.220528683538465842e+01
1.409345127989185542e+01
1.413855043925722121e+01
1.431752655671925822e+01
1.167204486311898926e+01
6.383076486422923246e+00
9.507891862878782518e+00
1.034176589165282145e+01
1.330339418036568588e+01
1.117038385124011413e+01
9.166995688475081394e+00
1.009253008808064145e+01
1.058513485680245481e+01
1.320733953636073110e+01
1.178062436274634450e+01
1.479855404066383784e+01
5.641895835477562571e+00
1.325545386523797831e+01
1.315904928495908166e+01
1.726088217525477830e+01
1.673656774376800982e+01
1.172646028567007725e+01
1.306193320280393344e+01
5.753627391751591880e+00
1.449429283826230197e+01
5.411516379806009525e+00
6.076507779746498805e+00
1.220528683538465842e+01
1.236077446474206631e+01
1.178062436274634450e+01
1.599753570059363028e+01
1.034176589165282145e+01
9.373021315815206478e+00
1.349345229721172146e+01
8.884866446580955923e+00
6.076507779746498805e+00
1.395727947504383337e+01
9.027033336764100468e+00
1.058513485680245481e+01
1.354055000514615159e+01
1.363425735166143049e+01
1.595769121605730767e+01
1.094004191971426110e+01
1.755346033766304004e+01
1.603728119216292924e+01
9.373021315815206478e+00
1.538904010394216471e+01
9.373021315815206478e+00
9.166995688475081394e+00
7.569397566060480642e+00
9.965574970333758387e+00
