1.117038385124011413e+01
4.222008245644752300e+00
8.812923024107547576e+00
1.607692842495848140e+01
9.373021315815206478e+00
1.117038385124011413e+01
1.445030398768713376e+01
1.117038385124011413e+01
9.965574970333758387e+00
9.965574970333758387e+00
1.325545386523797831e+01
1.711271735549580697e+01
1.058513485680245481e+01
1.058513485680245481e+01
9.373021315815206478e+00
9.373021315815206478e+00
9.772050238058398008e+00
1.306193320280393344e+01
8.136857890256438353e+00
9.373021315815206478e+00
1.058513485680245481e+01
1.404820733880128181e+01
8.058239062071395509e+00
1.431752655671925822e+01
7.735777827895049086e+00
1.236077446474206631e+01
7.046725639945927711e+00
1.145179781116143225e+01
8.136857890256438353e+00
1.431752655671925822e+01
1.220528683538465842e+01
4.513516668382050234e+00
1.315904928495908166e+01
7.735777827895049086e+00
8.740387444736633427e+00
1.391159267660409604e+01
1.058513485680245481e+01
9.373021315815206478e+00
9.373021315815206478e+00
9.965574970333758387e+00
1.178062436274634450e+01
1.315904928495908166e+01
1.662206308517478703e+01
6.863662517577697741e+00
1.117038385124011413e+01
1.058513485680245481e+01
1.436192209445157708e+01
1.404820733880128181e+01
1.058513485680245481e+01
1.404820733880128181e+01
1.150725478350318376e+01
1.117038385124011413e+01
9.373021315815206478e+00
1.236077446474206631e+01
1.178062436274634450e+01
7.046725639945927711e+00
1.538904010394216471e+01
6.863662517577697741e+00
9.373021315815206478e+00
8.593479713983121826e+00
8.291859587312051971e+00
1.215301555949299761e+01
1.400281721259029588e+01
7.817640190446718762e+00
1.325545386523797831e+01
1.395727947504383337e+01
1.117038385124011413e+01
9.373021315815206478e+00
1.034176589165282145e+01
1.296408962885714899e+01
1.117038385124011413e+01
9.304852983362556174e+00
1.058513485680245481e+01
1.058513485680245481e+01
1.276615297284584649e+01
1.178062436274634450e+01
1.413855043925722121e+01
5.292567428401227403e+00
1.199483507827737583e+01
1.256509862862843541e+01
1.615593100600235843e+01
1.603728119216292924e+01
1.161737456321036532e+01
7.225151993843566878e+00
1.210051848659980855e+01
7.978845608028653835e+00
7.735777827895049086e+00
8.136857890256438353e+00
1.339876023397903637e+01
1.178062436274634450e+01
1.236077446474206631e+01
6.076507779746498805e+00
1.178062436274634450e+01
6.675581178124545545e+00
1.538904010394216471e+01
1.034176589165282145e+01
9.836981518731869656e+00
1.320733953636073110e+01
8.291859587312051971e+00
7.484820637019110379e+00
6.863662517577697741e+00
1.358748446131948917e+01
9.373021315815206478e+00
1.058513485680245481e+01
1.368087033328175828e+01
1.513879513212096128e+01
1.236077446474206631e+01
1.058513485680245481e+01
1.714987856615383066e+01
1.591774699517169012e+01
9.772050238058398008e+00
1.501210842680413826e+01
9.440697438826296306e+00
9.373021315815206478e+00
8.136857890256438353e+00
9.965574970333758387e+00
1.105581278308273596e+01
