8.812923024107547576e+00
1.070474469691662733e+01
8.136857890256438353e+00
1.714987856615383066e+01
1.530607971465162365e+01
9.373021315815206478e+00
1.094004191971426110e+01
1.167204486311898926e+01
9.901487006738307173e+00
9.965574970333758387e+00
1.431752655671925822e+01
1.847236308621675960e+01
1.034176589165282145e+01
1.058513485680245481e+01
7.484820637019110379e+00
9.027033336764100468e+00
9.236181543108379799e+00
1.368087033328175828e+01
5.411516379806009525e+00
9.027033336764100468e+00
1.161737456321036532e+01
1.551264883747923129e+01
6.180387232371033157e+00
1.479855404066383784e+01
1.236077446474206631e+01
4.918490759365934828e+00
1.315904928495908166e+01
6.770275002573075795e+00
1.547155565579009817e+01
1.225733520300188317e+01
1.349345229721172146e+01
8.136857890256438353e+00
1.440618081907316395e+01
1.028002345391383443e+01
9.836981518731869656e+00
9.166995688475081394e+00
1.058513485680245481e+01
1.172646028567007725e+01
1.372732503515539548e+01
1.819456736586892021e+01
1.117038385124011413e+01
1.058513485680245481e+01
1.418350619798065715e+01
1.522266721510391640e+01
1.058513485680245481e+01
1.484151074652385738e+01
1.296408962885714899e+01
1.070474469691662733e+01
1.330339418036568588e+01
9.236181543108379799e+00
1.291488987023529766e+01
1.555363345008750464e+01
9.097283682934460103e+00
8.740387444736633427e+00
7.136496464611084889e+00
1.210051848659980855e+01
1.453814859003845150e+01
1.395727947504383337e+01
1.436192209445157708e+01
1.194164264288369282e+01
4.918490759365934828e+00
9.373021315815206478e+00
1.021790793990058255e+01
1.354055000514615159e+01
1.134007028277388685e+01
8.667244841319218907e+00
1.002925341359354938e+01
1.058513485680245481e+01
1.391159267660409604e+01
1.178062436274634450e+01
1.505445578434700415e+01
1.372732503515539548e+01
1.325545386523797831e+01
1.758969042850511855e+01
1.692568750643268771e+01
1.172646028567007725e+01
1.320733953636073110e+01
2.763953195770683990e+00
1.484151074652385738e+01
1.225733520300188317e+01
2.523132522020160362e+00
1.241217083805063837e+01
1.230916348999737586e+01
1.669848676668040710e+01
1.052482020710848865e+01
9.373021315815206478e+00
1.363425735166143049e+01
8.444016491289504600e+00
3.385137501286537898e+00
1.413855043925722121e+01
8.667244841319218907e+00
1.058513485680245481e+01
1.386575534383213970e+01
1.381976597885341995e+01
1.635176762293251684e+01
1.145179781116143225e+01
1.769793569896924623e+01
1.611647812414279102e+01
9.166995688475081394e+00
1.543035303761632804e+01
9.373021315815206478e+00
8.740387444736633427e+00
6.770275002573075795e+00
9.965574970333758387e+00
