8.812923024107547576e+00
1.088169461344923583e+01
8.136857890256438353e+00
1.707547527140466670e+01
9.373021315815206478e+00
1.513879513212096128e+01
1.094004191971426110e+01
1.161737456321036532e+01
9.965574970333758387e+00
9.965574970333758387e+00
1.418350619798065715e+01
1.826441241104166124e+01
1.040314189572019821e+01
1.058513485680245481e+01
7.898654169668588132e+00
9.097283682934460103e+00
9.373021315815206478e+00
1.358748446131948917e+01
5.753627391751591880e+00
9.027033336764100468e+00
1.117038385124011413e+01
1.518078909665319287e+01
6.383076486422923246e+00
1.479855404066383784e+01
1.236077446474206631e+01
5.753627391751591880e+00
1.286550196516137312e+01
6.955796338302048021e+00
1.543035303761632804e+01
1.225733520300188317e+01
1.349345229721172146e+01
8.136857890256438353e+00
1.440618081907316395e+01
1.034176589165282145e+01
9.836981518731869656e+00
9.166995688475081394e+00
1.058513485680245481e+01
1.172646028567007725e+01
1.377362305878664728e+01
1.812445316531431061e+01
1.117038385124011413e+01
1.070474469691662733e+01
1.422831991532699902e+01
1.518078909665319287e+01
1.058513485680245481e+01
1.475547227809780537e+01
1.286550196516137312e+01
1.076405121554611632e+01
1.325545386523797831e+01
9.236181543108379799e+00
1.251433034574463399e+01
1.547155565579009817e+01
9.097283682934460103e+00
8.884866446580955923e+00
7.312732791431452384e+00
1.210051848659980855e+01
1.436192209445157708e+01
1.404820733880128181e+01
1.431752655671925822e+01
1.178062436274634450e+01
5.641895835477562571e+00
9.373021315815206478e+00
1.028002345391383443e+01
1.335116235624909109e+01
1.117038385124011413e+01
8.812923024107547576e+00
1.002925341359354938e+01
1.058513485680245481e+01
1.349345229721172146e+01
1.178062436274634450e+01
1.484151074652385738e+01
2.985410660720923204e+00
1.368087033328175828e+01
1.325545386523797831e+01
1.751715531361111644e+01
1.692568750643268771e+01
1.172646028567007725e+01
1.320733953636073110e+01
4.513516668382050234e+00
1.479855404066383784e+01
3.385137501286537898e+00
4.787307364817191768e+00
1.225733520300188317e+01
1.236077446474206631e+01
1.199483507827737583e+01
1.631278838364701755e+01
1.040314189572019821e+01
9.373021315815206478e+00
1.363425735166143049e+01
8.593479713983121826e+00
4.787307364817191768e+00
1.413855043925722121e+01
8.740387444736633427e+00
1.058513485680245481e+01
1.372732503515539548e+01
1.368087033328175828e+01
1.623454913941802857e+01
1.117038385124011413e+01
1.769793569896924623e+01
1.611647812414279102e+01
9.236181543108379799e+00
1.543035303761632804e+01
9.373021315815206478e+00
8.884866446580955923e+00
7.046725639945927711e+00
9.965574970333758387e+00
