9.373021315815206478e+00
1.105581278308273596e+01
7.484820637019110379e+00
8.667244841319218907e+00
1.453814859003845150e+01
9.373021315815206478e+00
5.753627391751591880e+00
1.046415791390898242e+01
1.372732503515539548e+01
1.117038385124011413e+01
9.965574970333758387e+00
9.965574970333758387e+00
1.271618740744904485e+01
1.501210842680413826e+01
1.058513485680245481e+01
1.058513485680245481e+01
9.027033336764100468e+00
9.373021315815206478e+00
9.965574970333758387e+00
1.199483507827737583e+01
8.740387444736633427e+00
6.482044814428574497e+00
6.383076486422923246e+00
9.373021315815206478e+00
1.058513485680245481e+01
7.136496464611084889e+00
1.315904928495908166e+01
8.136857890256438353e+00
1.225733520300188317e+01
8.136857890256438353e+00
1.210051848659980855e+01
7.735777827895049086e+00
1.002925341359354938e+01
8.740387444736633427e+00
7.484820637019110379e+00
1.070474469691662733e+01
1.230916348999737586e+01
5.970821321441846408e+00
6.955796338302048021e+00
1.276615297284584649e+01
9.097283682934460103e+00
8.136857890256438353e+00
1.281592373849173683e+01
1.058513485680245481e+01
9.373021315815206478e+00
9.373021315815206478e+00
1.002925341359354938e+01
6.863662517577697741e+00
7.569397566060480642e+00
1.117038385124011413e+01
1.276615297284584649e+01
1.496964127403822076e+01
8.136857890256438353e+00
1.117038385124011413e+01
1.058513485680245481e+01
1.325545386523797831e+01
1.058513485680245481e+01
1.335116235624909109e+01
1.325545386523797831e+01
7.136496464611084889e+00
1.117038385124011413e+01
1.058513485680245481e+01
3.568248232305542444e+00
9.373021315815206478e+00
8.214724333230154940e+00
1.194164264288369282e+01
1.161737456321036532e+01
7.046725639945927711e+00
1.471226436021925466e+01
8.136857890256438353e+00
4.787307364817191768e+00
9.373021315815206478e+00
9.027033336764100468e+00
9.027033336764100468e+00
1.325545386523797831e+01
1.117038385124011413e+01
8.740387444736633427e+00
1.281592373849173683e+01
1.276615297284584649e+01
1.117038385124011413e+01
9.373021315815206478e+00
9.507891862878782518e+00
1.178062436274634450e+01
1.117038385124011413e+01
9.373021315815206478e+00
1.021790793990058255e+01
5.753627391751591880e+00
1.058513485680245481e+01
1.161737456321036532e+01
1.070474469691662733e+01
1.349345229721172146e+01
8.136857890256438353e+00
8.136857890256438353e+00
6.579524642479540830e+00
5.753627391751591880e+00
1.122723095552866468e+01
1.215301555949299761e+01
6.383076486422923246e+00
1.496964127403822076e+01
8.740387444736633427e+00
1.082303275961201905e+01
1.471226436021925466e+01
1.117038385124011413e+01
8.291859587312051971e+00
8.740387444736633427e+00
8.519075891779829490e+00
1.215301555949299761e+01
1.117038385124011413e+01
8.136857890256438353e+00
1.188821220645068522e+01
1.178062436274634450e+01
8.519075891779829490e+00
4.222008245644752300e+00
1.413855043925722121e+01
9.373021315815206478e+00
9.965574970333758387e+00
1.256509862862843541e+01
8.740387444736633427e+00
8.291859587312051971e+00
7.735777827895049086e+00
7.046725639945927711e+00
6.482044814428574497e+00
1.236077446474206631e+01
9.373021315815206478e+00
1.058513485680245481e+01
5.292567428401227403e+00
1.220528683538465842e+01
1.418350619798065715e+01
1.058513485680245481e+01
1.156244577056221523e+01
1.475547227809780537e+01
1.583755632390385770e+01
9.965574970333758387e+00
1.400281721259029588e+01
9.373021315815206478e+00
8.956231982162769611e+00
8.740387444736633427e+00
7.817640190446718762e+00
9.965574970333758387e+00
1.058513485680245481e+01
4.918490759365934828e+00
