9.373021315815206478e+00
1.117038385124011413e+01
8.444016491289504600e+00
1.681247093473193388e+01
9.373021315815206478e+00
1.488434347843123184e+01
1.117038385124011413e+01
1.156244577056221523e+01
9.965574970333758387e+00
9.965574970333758387e+00
1.368087033328175828e+01
1.780552292517845459e+01
1.058513485680245481e+01
1.058513485680245481e+01
8.740387444736633427e+00
9.166995688475081394e+00
9.507891862878782518e+00
1.330339418036568588e+01
7.225151993843566878e+00
9.166995688475081394e+00
1.088169461344923583e+01
1.466892917224166482e+01
7.312732791431452384e+00
1.466892917224166482e+01
1.236077446474206631e+01
6.675581178124545545e+00
5.753627391751591880e+00
1.215301555949299761e+01
7.978845608028653835e+00
1.488434347843123184e+01
1.215301555949299761e+01
1.325545386523797831e+01
6.076507779746498805e+00
8.444016491289504600e+00
1.422831991532699902e+01
1.058513485680245481e+01
9.640875829802336483e+00
9.373021315815206478e+00
1.002925341359354938e+01
1.178062436274634450e+01
1.339876023397903637e+01
1.737117647432762624e+01
1.117038385124011413e+01
1.058513485680245481e+01
3.385137501286537898e+00
1.413855043925722121e+01
1.484151074652385738e+01
1.058513485680245481e+01
1.453814859003845150e+01
1.199483507827737583e+01
1.117038385124011413e+01
1.296408962885714899e+01
9.304852983362556174e+00
1.225733520300188317e+01
5.641895835477562571e+00
1.547155565579009817e+01
4.652426491681278087e+00
9.166995688475081394e+00
7.817640190446718762e+00
8.368283871884004910e+00
1.225733520300188317e+01
1.381976597885341995e+01
1.413855043925722121e+01
1.427299292922216978e+01
1.156244577056221523e+01
6.863662517577697741e+00
9.507891862878782518e+00
1.034176589165282145e+01
1.325545386523797831e+01
1.117038385124011413e+01
9.166995688475081394e+00
1.015541250385961369e+01
1.058513485680245481e+01
1.306193320280393344e+01
1.178062436274634450e+01
1.462546558286290477e+01
6.383076486422923246e+00
1.281592373849173683e+01
1.296408962885714899e+01
1.703815178355965898e+01
1.646815177937675045e+01
1.172646028567007725e+01
1.301310337505149661e+01
4.370193722368316713e+00
6.770275002573075795e+00
6.675581178124545545e+00
1.436192209445157708e+01
6.675581178124545545e+00
1.199483507827737583e+01
1.236077446474206631e+01
1.178062436274634450e+01
1.591774699517169012e+01
4.370193722368316713e+00
1.034176589165282145e+01
9.640875829802336483e+00
1.335116235624909109e+01
8.740387444736633427e+00
6.383076486422923246e+00
4.222008245644752300e+00
1.377362305878664728e+01
9.097283682934460103e+00
1.058513485680245481e+01
1.363425735166143049e+01
1.579730833933717626e+01
1.311058116710494836e+01
1.070474469691662733e+01
1.751715531361111644e+01
1.599753570059363028e+01
9.373021315815206478e+00
1.530607971465162365e+01
9.373021315815206478e+00
9.236181543108379799e+00
7.898654169668588132e+00
9.965574970333758387e+00
