8.214724333230154940e+00
1.070474469691662733e+01
6.955796338302048021e+00
1.748077488947326685e+01
1.599753570059363028e+01
9.373021315815206478e+00
1.088169461344923583e+01
1.161737456321036532e+01
9.901487006738307173e+00
9.965574970333758387e+00
1.496964127403822076e+01
1.938054864282414869e+01
1.034176589165282145e+01
1.058513485680245481e+01
5.753627391751591880e+00
8.593479713983121826e+00
8.593479713983121826e+00
1.372732503515539548e+01
1.306193320280393344e+01
8.667244841319218907e+00
1.595769121605730767e+01
1.496964127403822076e+01
1.236077446474206631e+01
1.475547227809780537e+01
1.619528777809902209e+01
1.215301555949299761e+01
1.395727947504383337e+01
1.449429283826230197e+01
7.225151993843566878e+00
1.009253008808064145e+01
8.667244841319218907e+00
1.440618081907316395e+01
1.178062436274634450e+01
1.377362305878664728e+01
1.843786751347043307e+01
1.117038385124011413e+01
1.058513485680245481e+01
1.427299292922216978e+01
1.538904010394216471e+01
1.034176589165282145e+01
1.488434347843123184e+01
1.306193320280393344e+01
1.058513485680245481e+01
1.335116235624909109e+01
9.166995688475081394e+00
1.344618962205996482e+01
1.583755632390385770e+01
8.740387444736633427e+00
8.136857890256438353e+00
5.753627391751591880e+00
1.199483507827737583e+01
1.492705330360461602e+01
1.409345127989185542e+01
1.445030398768713376e+01
1.236077446474206631e+01
9.373021315815206478e+00
1.002925341359354938e+01
1.372732503515539548e+01
1.167204486311898926e+01
8.136857890256438353e+00
9.574614729634383536e+00
1.058513485680245481e+01
1.241217083805063837e+01
1.400281721259029588e+01
1.575695754970980111e+01
1.377362305878664728e+01
1.335116235624909109e+01
1.801877032173578996e+01
1.711271735549580697e+01
1.178062436274634450e+01
1.315904928495908166e+01
1.530607971465162365e+01
1.236077446474206631e+01
1.266602473693425601e+01
1.266602473693425601e+01
1.714987856615383066e+01
1.034176589165282145e+01
8.812923024107547576e+00
1.354055000514615159e+01
7.817640190446718762e+00
1.436192209445157708e+01
8.136857890256438353e+00
1.058513485680245481e+01
1.418350619798065715e+01
1.381976597885341995e+01
1.658371917462410394e+01
1.178062436274634450e+01
1.798340469329240676e+01
1.627371578051287671e+01
8.740387444736633427e+00
1.571650316319191809e+01
9.373021315815206478e+00
8.740387444736633427e+00
4.222008245644752300e+00
1.046415791390898242e+01
