9.373021315815206478e+00
1.094004191971426110e+01
7.653039857325811823e+00
8.444016491289504600e+00
6.383076486422923246e+00
1.453814859003845150e+01
9.373021315815206478e+00
1.046415791390898242e+01
1.363425735166143049e+01
1.117038385124011413e+01
9.965574970333758387e+00
9.965574970333758387e+00
1.271618740744904485e+01
1.488434347843123184e+01
1.058513485680245481e+01
1.058513485680245481e+01
9.027033336764100468e+00
9.373021315815206478e+00
9.965574970333758387e+00
1.178062436274634450e+01
6.770275002573075795e+00
8.740387444736633427e+00
6.770275002573075795e+00
9.373021315815206478e+00
1.058513485680245481e+01
7.225151993843566878e+00
1.301310337505149661e+01
8.291859587312051971e+00
1.204779266504070279e+01
8.136857890256438353e+00
1.178062436274634450e+01
7.225151993843566878e+00
9.965574970333758387e+00
8.740387444736633427e+00
3.908820095223359381e+00
7.653039857325811823e+00
1.064510777218481152e+01
1.225733520300188317e+01
6.282549314314217703e+00
1.276615297284584649e+01
9.097283682934460103e+00
8.136857890256438353e+00
1.241217083805063837e+01
1.058513485680245481e+01
9.373021315815206478e+00
9.373021315815206478e+00
9.965574970333758387e+00
7.225151993843566878e+00
7.735777827895049086e+00
1.117038385124011413e+01
1.276615297284584649e+01
1.471226436021925466e+01
8.136857890256438353e+00
1.117038385124011413e+01
1.058513485680245481e+01
1.325545386523797831e+01
1.058513485680245481e+01
1.320733953636073110e+01
1.311058116710494836e+01
7.225151993843566878e+00
1.117038385124011413e+01
1.058513485680245481e+01
4.652426491681278087e+00
9.373021315815206478e+00
8.444016491289504600e+00
1.194164264288369282e+01
1.156244577056221523e+01
1.458187244392064308e+01
8.136857890256438353e+00
7.136496464611084889e+00
5.641895835477562571e+00
9.373021315815206478e+00
9.027033336764100468e+00
9.027033336764100468e+00
1.320733953636073110e+01
1.117038385124011413e+01
8.740387444736633427e+00
1.266602473693425601e+01
1.261566261010080048e+01
1.117038385124011413e+01
9.373021315815206478e+00
9.507891862878782518e+00
1.178062436274634450e+01
1.111324596323282954e+01
9.373021315815206478e+00
9.965574970333758387e+00
5.970821321441846408e+00
1.058513485680245481e+01
1.150725478350318376e+01
1.040314189572019821e+01
2.523132522020160362e+00
1.301310337505149661e+01
8.136857890256438353e+00
8.136857890256438353e+00
6.955796338302048021e+00
6.482044814428574497e+00
1.099807968464679142e+01
1.199483507827737583e+01
6.579524642479540830e+00
1.484151074652385738e+01
8.740387444736633427e+00
1.058513485680245481e+01
1.462546558286290477e+01
1.117038385124011413e+01
8.291859587312051971e+00
2.763953195770683990e+00
8.956231982162769611e+00
8.444016491289504600e+00
1.183454054540639433e+01
1.117038385124011413e+01
8.136857890256438353e+00
1.183454054540639433e+01
1.178062436274634450e+01
8.444016491289504600e+00
5.046265044040320724e+00
1.409345127989185542e+01
9.373021315815206478e+00
9.965574970333758387e+00
1.220528683538465842e+01
8.740387444736633427e+00
8.291859587312051971e+00
3.908820095223359381e+00
7.735777827895049086e+00
7.225151993843566878e+00
6.955796338302048021e+00
1.204779266504070279e+01
9.373021315815206478e+00
1.058513485680245481e+01
5.753627391751591880e+00
1.199483507827737583e+01
1.058513485680245481e+01
1.381976597885341995e+01
1.150725478350318376e+01
1.466892917224166482e+01
1.567594437773643001e+01
9.965574970333758387e+00
1.386575534383213970e+01
9.373021315815206478e+00
8.884866446580955923e+00
8.740387444736633427e+00
8.136857890256438353e+00
9.965574970333758387e+00
1.058513485680245481e+01
5.753627391751591880e+00
