1.117038385124011413e+01
5.753627391751591880e+00
8.884866446580955923e+00
1.595769121605730767e+01
9.373021315815206478e+00
1.117038385124011413e+01
1.436192209445157708e+01
1.117038385124011413e+01
9.965574970333758387e+00
9.965574970333758387e+00
1.306193320280393344e+01
1.685029431422315938e+01
1.058513485680245481e+01
1.058513485680245481e+01
9.373021315815206478e+00
9.373021315815206478e+00
9.836981518731869656e+00
1.296408962885714899e+01
8.136857890256438353e+00
9.373021315815206478e+00
1.058513485680245481e+01
1.386575534383213970e+01
8.136857890256438353e+00
1.391159267660409604e+01
8.136857890256438353e+00
1.236077446474206631e+01
7.484820637019110379e+00
1.082303275961201905e+01
8.444016491289504600e+00
1.418350619798065715e+01
1.215301555949299761e+01
5.753627391751591880e+00
1.296408962885714899e+01
8.136857890256438353e+00
8.593479713983121826e+00
1.386575534383213970e+01
1.058513485680245481e+01
9.373021315815206478e+00
9.373021315815206478e+00
9.965574970333758387e+00
1.150725478350318376e+01
4.652426491681278087e+00
1.296408962885714899e+01
1.639065416446577927e+01
7.312732791431452384e+00
1.117038385124011413e+01
1.058513485680245481e+01
1.427299292922216978e+01
1.391159267660409604e+01
1.058513485680245481e+01
1.368087033328175828e+01
1.122723095552866468e+01
1.117038385124011413e+01
9.373021315815206478e+00
1.236077446474206631e+01
1.178062436274634450e+01
7.399277020331918919e+00
1.509668435477122017e+01
4.513516668382050234e+00
7.312732791431452384e+00
9.373021315815206478e+00
8.740387444736633427e+00
8.593479713983121826e+00
1.172646028567007725e+01
1.391159267660409604e+01
8.291859587312051971e+00
1.306193320280393344e+01
1.381976597885341995e+01
1.117038385124011413e+01
9.373021315815206478e+00
1.034176589165282145e+01
1.276615297284584649e+01
1.117038385124011413e+01
9.304852983362556174e+00
1.058513485680245481e+01
1.058513485680245481e+01
1.276615297284584649e+01
1.172646028567007725e+01
1.413855043925722121e+01
6.383076486422923246e+00
1.178062436274634450e+01
1.236077446474206631e+01
1.607692842495848140e+01
1.571650316319191809e+01
7.484820637019110379e+00
1.150725478350318376e+01
1.188821220645068522e+01
8.136857890256438353e+00
8.291859587312051971e+00
8.368283871884004910e+00
1.306193320280393344e+01
1.178062436274634450e+01
7.046725639945927711e+00
1.236077446474206631e+01
1.178062436274634450e+01
7.225151993843566878e+00
1.513879513212096128e+01
1.021790793990058255e+01
9.901487006738307173e+00
1.315904928495908166e+01
8.214724333230154940e+00
7.735777827895049086e+00
7.569397566060480642e+00
1.344618962205996482e+01
9.373021315815206478e+00
1.058513485680245481e+01
1.363425735166143049e+01
1.501210842680413826e+01
1.215301555949299761e+01
1.058513485680245481e+01
1.700074635581867355e+01
1.575695754970980111e+01
9.901487006738307173e+00
1.466892917224166482e+01
9.440697438826296306e+00
9.373021315815206478e+00
8.444016491289504600e+00
9.965574970333758387e+00
1.128379167095512559e+00
1.082303275961201905e+01
