1.339876023397903637e+01
1.210051848659980855e+01
1.111324596323282954e+01
1.009253008808064145e+01
1.194164264288369282e+01
1.194164264288369282e+01
1.028002345391383443e+01
1.330339418036568588e+01
4.222008245644752300e+00
9.965574970333758387e+00
1.058513485680245481e+01
1.707547527140466670e+01
8.812923024107547576e+00
1.496964127403822076e+01
1.230916348999737586e+01
1.377362305878664728e+01
7.225151993843566878e+00
1.296408962885714899e+01
1.178062436274634450e+01
1.567594437773643001e+01
1.413855043925722121e+01
1.358748446131948917e+01
9.836981518731869656e+00
1.436192209445157708e+01
1.737117647432762624e+01
1.534761596392107741e+01
1.070474469691662733e+01
9.373021315815206478e+00
1.335116235624909109e+01
1.281592373849173683e+01
8.884866446580955923e+00
9.965574970333758387e+00
1.117038385124011413e+01
1.021790793990058255e+01
7.569397566060480642e+00
6.675581178124545545e+00
1.188821220645068522e+01
1.058513485680245481e+01
1.812445316531431061e+01
1.225733520300188317e+01
1.611647812414279102e+01
1.325545386523797831e+01
1.178062436274634450e+01
1.543035303761632804e+01
1.105581278308273596e+01
1.551264883747923129e+01
1.368087033328175828e+01
1.070474469691662733e+01
7.225151993843566878e+00
1.117038385124011413e+01
1.172646028567007725e+01
1.449429283826230197e+01
3.908820095223359381e+00
1.156244577056221523e+01
1.172646028567007725e+01
2.763953195770683990e+00
1.496964127403822076e+01
1.700074635581867355e+01
1.178062436274634450e+01
1.547155565579009817e+01
1.070474469691662733e+01
1.918244584062371416e+01
1.891508160359295942e+01
1.194164264288369282e+01
1.215301555949299761e+01
1.381976597885341995e+01
1.315904928495908166e+01
1.291488987023529766e+01
1.199483507827737583e+01
1.236077446474206631e+01
1.256509862862843541e+01
1.571650316319191809e+01
1.122723095552866468e+01
5.753627391751591880e+00
1.422831991532699902e+01
1.492705330360461602e+01
1.583755632390385770e+01
9.574614729634383536e+00
1.555363345008750464e+01
8.884866446580955923e+00
7.136496464611084889e+00
1.210051848659980855e+01
1.306193320280393344e+01
1.271618740744904485e+01
1.058513485680245481e+01
1.599753570059363028e+01
1.094004191971426110e+01
8.368283871884004910e+00
1.105581278308273596e+01
1.266602473693425601e+01
9.373021315815206478e+00
6.579524642479540830e+00
