1.058513485680245481e+01
7.484820637019110379e+00
1.058513485680245481e+01
1.058513485680245481e+01
8.884866446580955923e+00
1.215301555949299761e+01
1.172646028567007725e+01
8.136857890256438353e+00
9.706684619910241452e+00
8.291859587312051971e+00
1.150725478350318376e+01
1.058513485680245481e+01
9.507891862878782518e+00
1.320733953636073110e+01
7.484820637019110379e+00
4.513516668382050234e+00
9.373021315815206478e+00
1.422831991532699902e+01
6.579524642479540830e+00
5.970821321441846408e+00
1.122723095552866468e+01
8.291859587312051971e+00
1.178062436274634450e+01
8.740387444736633427e+00
1.261566261010080048e+01
9.772050238058398008e+00
1.471226436021925466e+01
1.339876023397903637e+01
8.884866446580955923e+00
1.117038385124011413e+01
7.569397566060480642e+00
1.034176589165282145e+01
1.368087033328175828e+01
6.675581178124545545e+00
1.381976597885341995e+01
1.381976597885341995e+01
8.740387444736633427e+00
9.507891862878782518e+00
1.251433034574463399e+01
4.918490759365934828e+00
9.965574970333758387e+00
7.046725639945927711e+00
1.225733520300188317e+01
8.136857890256438353e+00
9.507891862878782518e+00
1.117038385124011413e+01
5.970821321441846408e+00
9.440697438826296306e+00
9.965574970333758387e+00
9.236181543108379799e+00
6.076507779746498805e+00
1.145179781116143225e+01
1.040314189572019821e+01
1.445030398768713376e+01
1.117038385124011413e+01
1.386575534383213970e+01
1.210051848659980855e+01
1.178062436274634450e+01
1.296408962885714899e+01
6.579524642479540830e+00
1.105581278308273596e+01
1.256509862862843541e+01
1.431752655671925822e+01
1.105581278308273596e+01
8.136857890256438353e+00
1.021790793990058255e+01
1.105581278308273596e+01
8.291859587312051971e+00
1.088169461344923583e+01
8.740387444736633427e+00
1.276615297284584649e+01
1.167204486311898926e+01
9.027033336764100468e+00
1.117038385124011413e+01
1.462546558286290477e+01
3.191538243211461623e+00
6.770275002573075795e+00
1.391159267660409604e+01
1.117038385124011413e+01
1.306193320280393344e+01
9.965574970333758387e+00
1.167204486311898926e+01
1.458187244392064308e+01
9.304852983362556174e+00
1.225733520300188317e+01
8.136857890256438353e+00
3.568248232305542444e+00
9.507891862878782518e+00
1.099807968464679142e+01
9.027033336764100468e+00
7.735777827895049086e+00
7.569397566060480642e+00
1.194164264288369282e+01
1.058513485680245481e+01
1.230916348999737586e+01
6.383076486422923246e+00
8.136857890256438353e+00
6.180387232371033157e+00
1.088169461344923583e+01
8.136857890256438353e+00
1.139607097042601680e+01
1.188821220645068522e+01
8.740387444736633427e+00
9.965574970333758387e+00
1.354055000514615159e+01
1.256509862862843541e+01
1.220528683538465842e+01
7.225151993843566878e+00
7.978845608028653835e+00
5.641895835477562571e+00
1.315904928495908166e+01
1.002925341359354938e+01
1.330339418036568588e+01
9.965574970333758387e+00
8.136857890256438353e+00
9.901487006738307173e+00
1.099807968464679142e+01
6.675581178124545545e+00
1.040314189572019821e+01
1.178062436274634450e+01
9.836981518731869656e+00
1.306193320280393344e+01
1.015541250385961369e+01
4.787307364817191768e+00
9.236181543108379799e+00
1.046415791390898242e+01
6.675581178124545545e+00
8.136857890256438353e+00
7.399277020331918919e+00
1.150725478350318376e+01
9.965574970333758387e+00
6.955796338302048021e+00
5.753627391751591880e+00
6.180387232371033157e+00
8.884866446580955923e+00
1.040314189572019821e+01
