1.395727947504383337e+01
1.188821220645068522e+01
1.111324596323282954e+01
1.028002345391383443e+01
1.194164264288369282e+01
1.194164264288369282e+01
1.028002345391383443e+01
1.325545386523797831e+01
9.836981518731869656e+00
1.058513485680245481e+01
1.711271735549580697e+01
8.740387444736633427e+00
1.505445578434700415e+01
1.236077446474206631e+01
1.409345127989185542e+01
1.296408962885714899e+01
6.482044814428574497e+00
1.178062436274634450e+01
1.583755632390385770e+01
1.413855043925722121e+01
1.363425735166143049e+01
9.304852983362556174e+00
1.436192209445157708e+01
1.794796937867891984e+01
1.547155565579009817e+01
1.099807968464679142e+01
9.236181543108379799e+00
1.335116235624909109e+01
1.286550196516137312e+01
8.368283871884004910e+00
9.574614729634383536e+00
1.117038385124011413e+01
1.009253008808064145e+01
6.482044814428574497e+00
5.527906391541367981e+00
1.188821220645068522e+01
1.058513485680245481e+01
1.847236308621675960e+01
1.681247093473193388e+01
1.225733520300188317e+01
1.335116235624909109e+01
1.178062436274634450e+01
1.587770228520368221e+01
1.094004191971426110e+01
1.555363345008750464e+01
1.404820733880128181e+01
1.070474469691662733e+01
1.117038385124011413e+01
1.178062436274634450e+01
5.527906391541367981e+00
1.496964127403822076e+01
1.134007028277388685e+01
1.172646028567007725e+01
1.496964127403822076e+01
1.748077488947326685e+01
1.178062436274634450e+01
1.567594437773643001e+01
1.058513485680245481e+01
1.938054864282414869e+01
1.911595536035255805e+01
1.183454054540639433e+01
1.230916348999737586e+01
1.381976597885341995e+01
1.315904928495908166e+01
1.330339418036568588e+01
1.188821220645068522e+01
1.236077446474206631e+01
1.266602473693425601e+01
1.583755632390385770e+01
1.111324596323282954e+01
1.431752655671925822e+01
1.492705330360461602e+01
1.619528777809902209e+01
9.440697438826296306e+00
1.583755632390385770e+01
8.593479713983121826e+00
1.210051848659980855e+01
6.180387232371033157e+00
1.311058116710494836e+01
1.271618740744904485e+01
1.646815177937675045e+01
1.058513485680245481e+01
1.076405121554611632e+01
7.817640190446718762e+00
1.099807968464679142e+01
1.256509862862843541e+01
9.373021315815206478e+00
5.046265044040320724e+00
