1.082303275961201905e+01
6.180387232371033157e+00
1.070474469691662733e+01
1.105581278308273596e+01
8.812923024107547576e+00
1.230916348999737586e+01
1.183454054540639433e+01
7.484820637019110379e+00
1.009253008808064145e+01
8.136857890256438353e+00
1.204779266504070279e+01
1.058513485680245481e+01
1.058513485680245481e+01
1.440618081907316395e+01
6.076507779746498805e+00
9.373021315815206478e+00
1.445030398768713376e+01
1.150725478350318376e+01
1.256509862862843541e+01
8.884866446580955923e+00
8.593479713983121826e+00
1.286550196516137312e+01
1.058513485680245481e+01
1.492705330360461602e+01
1.354055000514615159e+01
8.740387444736633427e+00
1.178062436274634450e+01
6.955796338302048021e+00
1.046415791390898242e+01
1.418350619798065715e+01
5.292567428401227403e+00
1.462546558286290477e+01
1.466892917224166482e+01
8.740387444736633427e+00
9.373021315815206478e+00
1.301310337505149661e+01
9.965574970333758387e+00
5.170882945826410726e+00
1.276615297284584649e+01
8.136857890256438353e+00
1.021790793990058255e+01
1.117038385124011413e+01
9.965574970333758387e+00
1.046415791390898242e+01
8.740387444736633427e+00
1.225733520300188317e+01
1.058513485680245481e+01
1.204779266504070279e+01
1.587770228520368221e+01
1.413855043925722121e+01
1.291488987023529766e+01
1.178062436274634450e+01
1.344618962205996482e+01
1.117038385124011413e+01
1.501210842680413826e+01
1.296408962885714899e+01
1.111324596323282954e+01
9.965574970333758387e+00
7.046725639945927711e+00
1.117038385124011413e+01
8.136857890256438353e+00
1.117038385124011413e+01
8.136857890256438353e+00
1.325545386523797831e+01
1.172646028567007725e+01
9.166995688475081394e+00
1.117038385124011413e+01
1.484151074652385738e+01
1.427299292922216978e+01
1.156244577056221523e+01
4.222008245644752300e+00
1.391159267660409604e+01
9.965574970333758387e+00
1.631278838364701755e+01
1.505445578434700415e+01
8.812923024107547576e+00
1.215301555949299761e+01
8.593479713983121826e+00
1.117038385124011413e+01
9.027033336764100468e+00
6.180387232371033157e+00
7.225151993843566878e+00
1.241217083805063837e+01
1.291488987023529766e+01
1.064510777218481152e+01
7.136496464611084889e+00
1.117038385124011413e+01
7.978845608028653835e+00
1.215301555949299761e+01
1.225733520300188317e+01
8.368283871884004910e+00
1.094004191971426110e+01
1.400281721259029588e+01
1.281592373849173683e+01
1.320733953636073110e+01
4.918490759365934828e+00
7.046725639945927711e+00
1.409345127989185542e+01
9.965574970333758387e+00
1.413855043925722121e+01
9.965574970333758387e+00
7.978845608028653835e+00
9.706684619910241452e+00
1.117038385124011413e+01
1.178062436274634450e+01
1.178062436274634450e+01
9.965574970333758387e+00
1.377362305878664728e+01
1.099807968464679142e+01
9.836981518731869656e+00
1.058513485680245481e+01
7.484820637019110379e+00
5.046265044040320724e+00
6.482044814428574497e+00
1.199483507827737583e+01
9.965574970333758387e+00
4.918490759365934828e+00
8.740387444736633427e+00
