1.286550196516137312e+01
1.225733520300188317e+01
1.111324596323282954e+01
9.965574970333758387e+00
1.194164264288369282e+01
1.215301555949299761e+01
1.034176589165282145e+01
1.311058116710494836e+01
6.180387232371033157e+00
1.002925341359354938e+01
1.058513485680245481e+01
1.688803298257900920e+01
8.740387444736633427e+00
1.496964127403822076e+01
1.194164264288369282e+01
1.363425735166143049e+01
8.136857890256438353e+00
1.291488987023529766e+01
1.178062436274634450e+01
1.547155565579009817e+01
1.404820733880128181e+01
1.339876023397903637e+01
5.641895835477562571e+00
9.965574970333758387e+00
1.427299292922216978e+01
1.707547527140466670e+01
1.509668435477122017e+01
1.015541250385961369e+01
9.373021315815206478e+00
1.335116235624909109e+01
1.266602473693425601e+01
9.097283682934460103e+00
6.076507779746498805e+00
9.836981518731869656e+00
1.117038385124011413e+01
1.021790793990058255e+01
8.368283871884004910e+00
7.225151993843566878e+00
1.194164264288369282e+01
1.058513485680245481e+01
1.769793569896924623e+01
1.220528683538465842e+01
1.591774699517169012e+01
1.315904928495908166e+01
1.178062436274634450e+01
1.479855404066383784e+01
1.105581278308273596e+01
1.538904010394216471e+01
1.330339418036568588e+01
1.070474469691662733e+01
8.136857890256438353e+00
1.117038385124011413e+01
1.167204486311898926e+01
6.180387232371033157e+00
1.440618081907316395e+01
1.167204486311898926e+01
5.753627391751591880e+00
1.167204486311898926e+01
1.496964127403822076e+01
1.607692842495848140e+01
1.178062436274634450e+01
1.534761596392107741e+01
1.028002345391383443e+01
1.867799869518773193e+01
1.798340469329240676e+01
5.170882945826410726e+00
1.194164264288369282e+01
1.178062436274634450e+01
5.046265044040320724e+00
5.170882945826410726e+00
1.349345229721172146e+01
1.315904928495908166e+01
1.220528683538465842e+01
1.210051848659980855e+01
1.236077446474206631e+01
1.251433034574463399e+01
7.225151993843566878e+00
1.122723095552866468e+01
1.522266721510391640e+01
1.422831991532699902e+01
1.484151074652385738e+01
1.555363345008750464e+01
9.772050238058398008e+00
1.543035303761632804e+01
9.236181543108379799e+00
8.136857890256438353e+00
1.199483507827737583e+01
1.306193320280393344e+01
1.261566261010080048e+01
1.058513485680245481e+01
1.547155565579009817e+01
1.122723095552866468e+01
8.956231982162769611e+00
1.105581278308273596e+01
1.261566261010080048e+01
9.772050238058398008e+00
8.136857890256438353e+00
