1.188821220645068522e+01
1.111324596323282954e+01
1.034176589165282145e+01
1.194164264288369282e+01
1.194164264288369282e+01
1.028002345391383443e+01
1.325545386523797831e+01
1.076405121554611632e+01
1.718695942796624365e+01
9.706684619910241452e+00
8.444016491289504600e+00
1.505445578434700415e+01
1.236077446474206631e+01
1.458187244392064308e+01
1.296408962885714899e+01
4.513516668382050234e+00
1.178062436274634450e+01
1.603728119216292924e+01
1.427299292922216978e+01
1.372732503515539548e+01
8.740387444736633427e+00
1.445030398768713376e+01
1.871205159254777683e+01
1.555363345008750464e+01
1.105581278308273596e+01
9.097283682934460103e+00
1.335116235624909109e+01
1.296408962885714899e+01
8.136857890256438353e+00
9.507891862878782518e+00
1.117038385124011413e+01
9.901487006738307173e+00
4.068428945128219176e+00
1.178062436274634450e+01
1.058513485680245481e+01
1.888139487765259261e+01
1.737117647432762624e+01
1.225733520300188317e+01
1.344618962205996482e+01
1.178062436274634450e+01
1.673656774376800982e+01
1.088169461344923583e+01
1.567594437773643001e+01
1.409345127989185542e+01
1.058513485680245481e+01
1.117038385124011413e+01
1.167204486311898926e+01
1.505445578434700415e+01
1.128379167095512514e+01
1.156244577056221523e+01
1.496964127403822076e+01
1.773387063078969206e+01
1.199483507827737583e+01
1.583755632390385770e+01
1.058513485680245481e+01
1.954410047611679602e+01
1.924870664532898701e+01
1.183454054540639433e+01
1.215301555949299761e+01
1.391159267660409604e+01
1.311058116710494836e+01
1.344618962205996482e+01
1.188821220645068522e+01
1.236077446474206631e+01
1.271618740744904485e+01
1.599753570059363028e+01
1.064510777218481152e+01
1.440618081907316395e+01
1.513879513212096128e+01
1.646815177937675045e+01
8.956231982162769611e+00
1.599753570059363028e+01
7.484820637019110379e+00
1.210051848659980855e+01
3.908820095223359381e+00
1.320733953636073110e+01
1.296408962885714899e+01
1.722396045987370883e+01
1.058513485680245481e+01
1.070474469691662733e+01
6.579524642479540830e+00
1.099807968464679142e+01
1.266602473693425601e+01
9.373021315815206478e+00
