8.136857890256438353e+00
1.034176589165282145e+01
1.058513485680245481e+01
1.058513485680245481e+01
1.178062436274634450e+01
8.740387444736633427e+00
1.150725478350318376e+01
8.136857890256438353e+00
9.640875829802336483e+00
8.593479713983121826e+00
1.117038385124011413e+01
4.513516668382050234e+00
1.058513485680245481e+01
9.166995688475081394e+00
1.291488987023529766e+01
6.076507779746498805e+00
8.136857890256438353e+00
9.373021315815206478e+00
1.413855043925722121e+01
6.955796338302048021e+00
6.675581178124545545e+00
1.082303275961201905e+01
8.444016491289504600e+00
1.167204486311898926e+01
8.593479713983121826e+00
1.236077446474206631e+01
9.640875829802336483e+00
2.985410660720923204e+00
1.445030398768713376e+01
1.311058116710494836e+01
8.740387444736633427e+00
1.111324596323282954e+01
7.817640190446718762e+00
1.040314189572019821e+01
1.349345229721172146e+01
6.863662517577697741e+00
5.170882945826410726e+00
1.330339418036568588e+01
1.311058116710494836e+01
8.740387444736633427e+00
9.373021315815206478e+00
1.225733520300188317e+01
6.076507779746498805e+00
9.965574970333758387e+00
7.484820637019110379e+00
1.225733520300188317e+01
8.291859587312051971e+00
9.373021315815206478e+00
1.117038385124011413e+01
6.863662517577697741e+00
4.652426491681278087e+00
9.304852983362556174e+00
1.002925341359354938e+01
8.884866446580955923e+00
6.955796338302048021e+00
1.076405121554611632e+01
4.222008245644752300e+00
1.009253008808064145e+01
1.088169461344923583e+01
1.377362305878664728e+01
1.381976597885341995e+01
1.156244577056221523e+01
1.156244577056221523e+01
7.225151993843566878e+00
1.194164264288369282e+01
1.099807968464679142e+01
4.652426491681278087e+00
5.292567428401227403e+00
1.246335526484300615e+01
1.404820733880128181e+01
1.082303275961201905e+01
8.136857890256438353e+00
9.836981518731869656e+00
1.009253008808064145e+01
8.444016491289504600e+00
1.052482020710848865e+01
8.740387444736633427e+00
1.256509862862843541e+01
4.513516668382050234e+00
4.918490759365934828e+00
1.145179781116143225e+01
9.027033336764100468e+00
1.117038385124011413e+01
5.046265044040320724e+00
1.409345127989185542e+01
7.046725639945927711e+00
1.082303275961201905e+01
1.335116235624909109e+01
1.276615297284584649e+01
9.965574970333758387e+00
4.222008245644752300e+00
1.117038385124011413e+01
5.046265044040320724e+00
1.422831991532699902e+01
9.236181543108379799e+00
6.076507779746498805e+00
1.194164264288369282e+01
8.136857890256438353e+00
9.304852983362556174e+00
1.082303275961201905e+01
8.136857890256438353e+00
8.956231982162769611e+00
7.569397566060480642e+00
1.134007028277388685e+01
1.058513485680245481e+01
1.167204486311898926e+01
7.046725639945927711e+00
8.136857890256438353e+00
7.046725639945927711e+00
1.070474469691662733e+01
5.046265044040320724e+00
8.444016491289504600e+00
1.088169461344923583e+01
8.740387444736633427e+00
1.122723095552866468e+01
9.965574970333758387e+00
1.320733953636073110e+01
1.230916348999737586e+01
7.399277020331918919e+00
1.161737456321036532e+01
8.136857890256438353e+00
6.675581178124545545e+00
1.286550196516137312e+01
1.009253008808064145e+01
1.281592373849173683e+01
9.965574970333758387e+00
8.291859587312051971e+00
9.965574970333758387e+00
1.094004191971426110e+01
6.955796338302048021e+00
9.965574970333758387e+00
1.167204486311898926e+01
9.373021315815206478e+00
1.286550196516137312e+01
9.706684619910241452e+00
6.383076486422923246e+00
2.256758334191025117e+00
8.740387444736633427e+00
7.046725639945927711e+00
1.009253008808064145e+01
8.136857890256438353e+00
7.817640190446718762e+00
1.111324596323282954e+01
9.965574970333758387e+00
4.787307364817191768e+00
7.225151993843566878e+00
6.770275002573075795e+00
6.383076486422923246e+00
8.956231982162769611e+00
1.009253008808064145e+01
