1.241217083805063837e+01
1.225733520300188317e+01
1.122723095552866468e+01
9.772050238058398008e+00
1.204779266504070279e+01
1.220528683538465842e+01
1.034176589165282145e+01
7.653039857325811823e+00
1.286550196516137312e+01
1.009253008808064145e+01
1.058513485680245481e+01
1.658371917462410394e+01
8.884866446580955923e+00
1.492705330360461602e+01
1.172646028567007725e+01
1.325545386523797831e+01
8.291859587312051971e+00
6.383076486422923246e+00
1.286550196516137312e+01
1.178062436274634450e+01
1.547155565579009817e+01
1.395727947504383337e+01
1.266602473693425601e+01
7.225151993843566878e+00
9.965574970333758387e+00
1.427299292922216978e+01
1.654528640181426269e+01
1.496964127403822076e+01
9.965574970333758387e+00
9.373021315815206478e+00
1.325545386523797831e+01
1.261566261010080048e+01
9.373021315815206478e+00
7.569397566060480642e+00
9.965574970333758387e+00
1.117038385124011413e+01
1.034176589165282145e+01
9.236181543108379799e+00
8.136857890256438353e+00
1.194164264288369282e+01
1.058513485680245481e+01
1.718695942796624365e+01
1.215301555949299761e+01
1.547155565579009817e+01
1.315904928495908166e+01
1.178062436274634450e+01
1.445030398768713376e+01
1.111324596323282954e+01
1.538904010394216471e+01
1.296408962885714899e+01
1.082303275961201905e+01
8.884866446580955923e+00
1.117038385124011413e+01
1.167204486311898926e+01
7.735777827895049086e+00
2.256758334191025117e+00
1.413855043925722121e+01
1.161737456321036532e+01
7.653039857325811823e+00
1.156244577056221523e+01
1.488434347843123184e+01
1.547155565579009817e+01
1.178062436274634450e+01
1.526443044094783019e+01
9.965574970333758387e+00
1.801877032173578996e+01
1.700074635581867355e+01
7.225151993843566878e+00
1.194164264288369282e+01
1.178062436274634450e+01
7.046725639945927711e+00
7.569397566060480642e+00
1.325545386523797831e+01
1.315904928495908166e+01
1.188821220645068522e+01
1.215301555949299761e+01
1.236077446474206631e+01
1.256509862862843541e+01
8.136857890256438353e+00
1.128379167095512514e+01
1.488434347843123184e+01
1.386575534383213970e+01
1.462546558286290477e+01
1.543035303761632804e+01
9.965574970333758387e+00
1.530607971465162365e+01
9.706684619910241452e+00
8.812923024107547576e+00
1.204779266504070279e+01
1.306193320280393344e+01
1.261566261010080048e+01
1.058513485680245481e+01
1.505445578434700415e+01
1.145179781116143225e+01
9.373021315815206478e+00
1.105581278308273596e+01
1.256509862862843541e+01
9.965574970333758387e+00
8.444016491289504600e+00
