1.230916348999737586e+01
1.215301555949299761e+01
1.122723095552866468e+01
9.706684619910241452e+00
1.204779266504070279e+01
1.220528683538465842e+01
1.040314189572019821e+01
7.898654169668588132e+00
1.281592373849173683e+01
1.009253008808064145e+01
1.058513485680245481e+01
1.642944866646030988e+01
9.097283682934460103e+00
1.492705330360461602e+01
1.167204486311898926e+01
1.315904928495908166e+01
8.444016491289504600e+00
6.955796338302048021e+00
1.286550196516137312e+01
1.178062436274634450e+01
1.547155565579009817e+01
1.386575534383213970e+01
1.256509862862843541e+01
7.312732791431452384e+00
1.009253008808064145e+01
1.422831991532699902e+01
1.627371578051287671e+01
1.496964127403822076e+01
9.965574970333758387e+00
9.373021315815206478e+00
1.325545386523797831e+01
1.261566261010080048e+01
9.373021315815206478e+00
7.898654169668588132e+00
9.965574970333758387e+00
1.117038385124011413e+01
1.034176589165282145e+01
9.373021315815206478e+00
8.136857890256438353e+00
1.194164264288369282e+01
1.058513485680245481e+01
1.703815178355965898e+01
1.204779266504070279e+01
1.518078909665319287e+01
1.315904928495908166e+01
1.178062436274634450e+01
1.436192209445157708e+01
1.111324596323282954e+01
1.538904010394216471e+01
1.296408962885714899e+01
1.082303275961201905e+01
9.027033336764100468e+00
1.117038385124011413e+01
1.167204486311898926e+01
4.513516668382050234e+00
7.978845608028653835e+00
1.413855043925722121e+01
1.156244577056221523e+01
8.136857890256438353e+00
1.145179781116143225e+01
1.488434347843123184e+01
1.538904010394216471e+01
1.178062436274634450e+01
1.518078909665319287e+01
9.965574970333758387e+00
1.808929415419343556e+01
1.696325844612841038e+01
7.569397566060480642e+00
1.194164264288369282e+01
1.178062436274634450e+01
7.225151993843566878e+00
7.978845608028653835e+00
1.320733953636073110e+01
1.320733953636073110e+01
1.172646028567007725e+01
1.215301555949299761e+01
4.222008245644752300e+00
1.236077446474206631e+01
1.246335526484300615e+01
8.214724333230154940e+00
1.139607097042601680e+01
1.488434347843123184e+01
1.381976597885341995e+01
1.440618081907316395e+01
1.522266721510391640e+01
9.965574970333758387e+00
1.522266721510391640e+01
9.836981518731869656e+00
9.027033336764100468e+00
1.199483507827737583e+01
4.222008245644752300e+00
1.306193320280393344e+01
1.261566261010080048e+01
1.040314189572019821e+01
1.496964127403822076e+01
1.145179781116143225e+01
9.373021315815206478e+00
1.094004191971426110e+01
1.251433034574463399e+01
9.965574970333758387e+00
8.593479713983121826e+00
