1.134007028277388685e+01
1.070474469691662733e+01
5.292567428401227403e+00
1.128379167095512514e+01
8.884866446580955923e+00
1.230916348999737586e+01
1.188821220645068522e+01
7.225151993843566878e+00
1.021790793990058255e+01
8.136857890256438353e+00
1.236077446474206631e+01
1.058513485680245481e+01
1.058513485680245481e+01
1.484151074652385738e+01
5.292567428401227403e+00
9.373021315815206478e+00
1.462546558286290477e+01
1.150725478350318376e+01
1.266602473693425601e+01
8.667244841319218907e+00
8.593479713983121826e+00
1.296408962885714899e+01
1.088169461344923583e+01
1.505445578434700415e+01
1.358748446131948917e+01
8.593479713983121826e+00
1.199483507827737583e+01
6.482044814428574497e+00
1.046415791390898242e+01
1.418350619798065715e+01
3.908820095223359381e+00
1.479855404066383784e+01
1.475547227809780537e+01
9.097283682934460103e+00
9.373021315815206478e+00
1.296408962885714899e+01
9.836981518731869656e+00
1.266602473693425601e+01
3.191538243211461623e+00
8.136857890256438353e+00
1.009253008808064145e+01
1.117038385124011413e+01
1.040314189572019821e+01
1.040314189572019821e+01
8.740387444736633427e+00
1.220528683538465842e+01
1.058513485680245481e+01
1.204779266504070279e+01
1.445030398768713376e+01
1.607692842495848140e+01
1.296408962885714899e+01
1.178062436274634450e+01
1.354055000514615159e+01
1.117038385124011413e+01
1.505445578434700415e+01
1.296408962885714899e+01
1.105581278308273596e+01
9.836981518731869656e+00
6.579524642479540830e+00
1.117038385124011413e+01
7.817640190446718762e+00
1.156244577056221523e+01
8.136857890256438353e+00
1.377362305878664728e+01
1.167204486311898926e+01
9.027033336764100468e+00
1.117038385124011413e+01
1.484151074652385738e+01
1.436192209445157708e+01
1.178062436274634450e+01
1.436192209445157708e+01
9.965574970333758387e+00
1.677456227108388731e+01
1.547155565579009817e+01
8.740387444736633427e+00
1.215301555949299761e+01
8.444016491289504600e+00
1.117038385124011413e+01
8.812923024107547576e+00
7.046725639945927711e+00
4.652426491681278087e+00
1.261566261010080048e+01
1.306193320280393344e+01
1.070474469691662733e+01
6.863662517577697741e+00
1.117038385124011413e+01
7.735777827895049086e+00
1.236077446474206631e+01
1.236077446474206631e+01
8.136857890256438353e+00
1.099807968464679142e+01
1.418350619798065715e+01
1.286550196516137312e+01
1.325545386523797831e+01
6.863662517577697741e+00
2.763953195770683990e+00
1.436192209445157708e+01
9.965574970333758387e+00
1.453814859003845150e+01
1.002925341359354938e+01
9.440697438826296306e+00
7.569397566060480642e+00
1.117038385124011413e+01
1.215301555949299761e+01
1.199483507827737583e+01
9.965574970333758387e+00
1.395727947504383337e+01
1.099807968464679142e+01
9.836981518731869656e+00
1.058513485680245481e+01
6.955796338302048021e+00
2.763953195770683990e+00
1.225733520300188317e+01
5.411516379806009525e+00
9.965574970333758387e+00
8.740387444736633427e+00
