1.286550196516137312e+01
1.225733520300188317e+01
1.111324596323282954e+01
9.965574970333758387e+00
1.194164264288369282e+01
1.215301555949299761e+01
1.034176589165282145e+01
1.325545386523797831e+01
6.076507779746498805e+00
1.002925341359354938e+01
1.058513485680245481e+01
1.692568750643268771e+01
8.740387444736633427e+00
1.496964127403822076e+01
1.194164264288369282e+01
1.368087033328175828e+01
7.978845608028653835e+00
1.291488987023529766e+01
1.178062436274634450e+01
1.547155565579009817e+01
1.409345127989185542e+01
1.339876023397903637e+01
5.170882945826410726e+00
9.836981518731869656e+00
1.431752655671925822e+01
1.711271735549580697e+01
1.513879513212096128e+01
1.028002345391383443e+01
9.373021315815206478e+00
1.335116235624909109e+01
1.266602473693425601e+01
9.027033336764100468e+00
5.753627391751591880e+00
9.836981518731869656e+00
1.117038385124011413e+01
1.021790793990058255e+01
8.136857890256438353e+00
7.136496464611084889e+00
1.194164264288369282e+01
1.058513485680245481e+01
1.773387063078969206e+01
1.225733520300188317e+01
1.595769121605730767e+01
1.315904928495908166e+01
1.178062436274634450e+01
1.488434347843123184e+01
1.105581278308273596e+01
1.538904010394216471e+01
1.330339418036568588e+01
1.070474469691662733e+01
8.136857890256438353e+00
1.117038385124011413e+01
1.167204486311898926e+01
5.753627391751591880e+00
1.440618081907316395e+01
1.167204486311898926e+01
5.753627391751591880e+00
1.167204486311898926e+01
1.496964127403822076e+01
1.611647812414279102e+01
1.178062436274634450e+01
1.534761596392107741e+01
1.034176589165282145e+01
1.874604263163041296e+01
1.805406667352820094e+01
5.170882945826410726e+00
1.194164264288369282e+01
1.183454054540639433e+01
4.513516668382050234e+00
1.354055000514615159e+01
4.068428945128219176e+00
1.315904928495908166e+01
1.241217083805063837e+01
1.210051848659980855e+01
1.236077446474206631e+01
1.251433034574463399e+01
7.046725639945927711e+00
1.122723095552866468e+01
1.530607971465162365e+01
1.422831991532699902e+01
1.484151074652385738e+01
1.563528038089343752e+01
9.772050238058398008e+00
1.543035303761632804e+01
9.166995688475081394e+00
7.817640190446718762e+00
1.204779266504070279e+01
1.306193320280393344e+01
1.261566261010080048e+01
1.058513485680245481e+01
1.547155565579009817e+01
1.117038385124011413e+01
8.884866446580955923e+00
1.105581278308273596e+01
1.261566261010080048e+01
9.772050238058398008e+00
7.817640190446718762e+00
