1.150725478350318376e+01
1.082303275961201905e+01
1.128379167095512514e+01
3.908820095223359381e+00
8.884866446580955923e+00
1.230916348999737586e+01
1.194164264288369282e+01
7.046725639945927711e+00
1.021790793990058255e+01
8.136857890256438353e+00
1.251433034574463399e+01
1.058513485680245481e+01
1.058513485680245481e+01
1.505445578434700415e+01
4.370193722368316713e+00
9.373021315815206478e+00
1.475547227809780537e+01
1.156244577056221523e+01
1.266602473693425601e+01
8.444016491289504600e+00
8.593479713983121826e+00
1.296408962885714899e+01
1.117038385124011413e+01
1.509668435477122017e+01
1.372732503515539548e+01
8.444016491289504600e+00
1.215301555949299761e+01
6.482044814428574497e+00
1.040314189572019821e+01
1.418350619798065715e+01
1.496964127403822076e+01
1.475547227809780537e+01
9.706684619910241452e+00
9.373021315815206478e+00
1.306193320280393344e+01
9.836981518731869656e+00
1.266602473693425601e+01
8.136857890256438353e+00
1.009253008808064145e+01
1.117038385124011413e+01
1.046415791390898242e+01
1.021790793990058255e+01
8.740387444736633427e+00
1.215301555949299761e+01
1.058513485680245481e+01
1.204779266504070279e+01
1.458187244392064308e+01
1.611647812414279102e+01
1.296408962885714899e+01
1.178062436274634450e+01
1.368087033328175828e+01
1.117038385124011413e+01
1.513879513212096128e+01
1.296408962885714899e+01
1.105581278308273596e+01
9.836981518731869656e+00
6.076507779746498805e+00
1.117038385124011413e+01
1.161737456321036532e+01
7.399277020331918919e+00
8.136857890256438353e+00
1.381976597885341995e+01
1.161737456321036532e+01
8.884866446580955923e+00
1.117038385124011413e+01
1.484151074652385738e+01
1.445030398768713376e+01
1.178062436274634450e+01
1.449429283826230197e+01
9.965574970333758387e+00
1.662206308517478703e+01
1.571650316319191809e+01
8.740387444736633427e+00
1.215301555949299761e+01
8.136857890256438353e+00
1.117038385124011413e+01
8.667244841319218907e+00
6.675581178124545545e+00
1.266602473693425601e+01
2.523132522020160362e+00
1.311058116710494836e+01
1.070474469691662733e+01
6.675581178124545545e+00
1.122723095552866468e+01
7.225151993843566878e+00
1.236077446474206631e+01
1.236077446474206631e+01
8.136857890256438353e+00
1.145179781116143225e+01
1.431752655671925822e+01
1.286550196516137312e+01
1.344618962205996482e+01
6.383076486422923246e+00
1.453814859003845150e+01
9.965574970333758387e+00
1.462546558286290477e+01
1.009253008808064145e+01
9.304852983362556174e+00
7.225151993843566878e+00
1.117038385124011413e+01
1.266602473693425601e+01
1.215301555949299761e+01
9.965574970333758387e+00
1.409345127989185542e+01
1.099807968464679142e+01
9.772050238058398008e+00
1.058513485680245481e+01
6.675581178124545545e+00
1.236077446474206631e+01
4.918490759365934828e+00
9.965574970333758387e+00
8.740387444736633427e+00
