8.136857890256438353e+00
1.028002345391383443e+01
1.058513485680245481e+01
3.908820095223359381e+00
1.058513485680245481e+01
1.178062436274634450e+01
8.740387444736633427e+00
1.099807968464679142e+01
8.136857890256438353e+00
9.640875829802336483e+00
8.593479713983121826e+00
1.117038385124011413e+01
5.527906391541367981e+00
1.058513485680245481e+01
9.027033336764100468e+00
1.261566261010080048e+01
6.282549314314217703e+00
8.136857890256438353e+00
9.373021315815206478e+00
1.409345127989185542e+01
7.046725639945927711e+00
7.225151993843566878e+00
1.070474469691662733e+01
8.444016491289504600e+00
1.167204486311898926e+01
8.593479713983121826e+00
1.225733520300188317e+01
9.640875829802336483e+00
4.787307364817191768e+00
1.436192209445157708e+01
1.301310337505149661e+01
8.740387444736633427e+00
1.099807968464679142e+01
7.978845608028653835e+00
1.040314189572019821e+01
1.330339418036568588e+01
6.955796338302048021e+00
6.076507779746498805e+00
1.296408962885714899e+01
1.296408962885714899e+01
8.740387444736633427e+00
9.373021315815206478e+00
6.675581178124545545e+00
1.210051848659980855e+01
9.965574970333758387e+00
7.484820637019110379e+00
1.215301555949299761e+01
8.444016491289504600e+00
9.373021315815206478e+00
1.117038385124011413e+01
7.225151993843566878e+00
5.753627391751591880e+00
9.373021315815206478e+00
9.901487006738307173e+00
8.884866446580955923e+00
7.136496464611084889e+00
1.070474469691662733e+01
5.046265044040320724e+00
9.965574970333758387e+00
1.354055000514615159e+01
1.339876023397903637e+01
1.070474469691662733e+01
1.117038385124011413e+01
1.145179781116143225e+01
7.653039857325811823e+00
1.178062436274634450e+01
5.753627391751591880e+00
6.076507779746498805e+00
1.094004191971426110e+01
1.241217083805063837e+01
1.381976597885341995e+01
1.052482020710848865e+01
8.136857890256438353e+00
9.640875829802336483e+00
1.015541250385961369e+01
8.740387444736633427e+00
1.040314189572019821e+01
8.667244841319218907e+00
5.292567428401227403e+00
1.236077446474206631e+01
5.753627391751591880e+00
1.139607097042601680e+01
9.097283682934460103e+00
1.117038385124011413e+01
5.970821321441846408e+00
1.386575534383213970e+01
7.046725639945927711e+00
1.301310337505149661e+01
1.070474469691662733e+01
4.370193722368316713e+00
1.246335526484300615e+01
9.965574970333758387e+00
5.411516379806009525e+00
1.099807968464679142e+01
5.411516379806009525e+00
1.391159267660409604e+01
8.956231982162769611e+00
6.383076486422923246e+00
8.136857890256438353e+00
1.178062436274634450e+01
9.027033336764100468e+00
1.070474469691662733e+01
8.291859587312051971e+00
8.956231982162769611e+00
7.569397566060480642e+00
1.094004191971426110e+01
1.058513485680245481e+01
1.128379167095512514e+01
4.370193722368316713e+00
7.484820637019110379e+00
8.136857890256438353e+00
7.136496464611084889e+00
1.070474469691662733e+01
5.863230142835038627e+00
8.593479713983121826e+00
8.740387444736633427e+00
1.028002345391383443e+01
1.117038385124011413e+01
9.965574970333758387e+00
1.311058116710494836e+01
1.188821220645068522e+01
7.653039857325811823e+00
1.117038385124011413e+01
8.136857890256438353e+00
6.863662517577697741e+00
1.271618740744904485e+01
2.763953195770683990e+00
9.901487006738307173e+00
1.266602473693425601e+01
9.965574970333758387e+00
8.368283871884004910e+00
9.965574970333758387e+00
7.136496464611084889e+00
1.070474469691662733e+01
9.772050238058398008e+00
1.156244577056221523e+01
9.304852983362556174e+00
1.276615297284584649e+01
9.640875829802336483e+00
6.482044814428574497e+00
4.513516668382050234e+00
8.740387444736633427e+00
7.225151993843566878e+00
1.002925341359354938e+01
8.136857890256438353e+00
7.978845608028653835e+00
1.105581278308273596e+01
9.965574970333758387e+00
5.753627391751591880e+00
7.225151993843566878e+00
6.675581178124545545e+00
6.770275002573075795e+00
8.956231982162769611e+00
1.002925341359354938e+01
