7.817640190446718762e+00
1.058513485680245481e+01
1.058513485680245481e+01
1.058513485680245481e+01
8.884866446580955923e+00
1.210051848659980855e+01
1.172646028567007725e+01
8.136857890256438353e+00
9.706684619910241452e+00
8.291859587312051971e+00
1.134007028277388685e+01
1.058513485680245481e+01
9.373021315815206478e+00
1.315904928495908166e+01
7.569397566060480642e+00
5.170882945826410726e+00
9.373021315815206478e+00
1.422831991532699902e+01
6.955796338302048021e+00
6.180387232371033157e+00
1.117038385124011413e+01
8.291859587312051971e+00
1.178062436274634450e+01
8.740387444736633427e+00
1.251433034574463399e+01
9.706684619910241452e+00
1.471226436021925466e+01
1.335116235624909109e+01
8.812923024107547576e+00
1.117038385124011413e+01
7.735777827895049086e+00
1.040314189572019821e+01
1.368087033328175828e+01
6.863662517577697741e+00
2.985410660720923204e+00
1.358748446131948917e+01
1.368087033328175828e+01
8.740387444736633427e+00
9.373021315815206478e+00
1.236077446474206631e+01
5.527906391541367981e+00
9.965574970333758387e+00
7.484820637019110379e+00
1.225733520300188317e+01
8.136857890256438353e+00
9.507891862878782518e+00
1.117038385124011413e+01
6.180387232371033157e+00
9.440697438826296306e+00
9.965574970333758387e+00
9.166995688475081394e+00
6.482044814428574497e+00
1.134007028277388685e+01
1.040314189572019821e+01
1.418350619798065715e+01
1.105581278308273596e+01
1.386575534383213970e+01
1.199483507827737583e+01
1.172646028567007725e+01
1.281592373849173683e+01
6.863662517577697741e+00
1.105581278308273596e+01
3.191538243211461623e+00
1.251433034574463399e+01
1.431752655671925822e+01
1.105581278308273596e+01
8.136857890256438353e+00
1.009253008808064145e+01
1.082303275961201905e+01
8.444016491289504600e+00
1.070474469691662733e+01
8.740387444736633427e+00
1.266602473693425601e+01
1.161737456321036532e+01
1.128379167095512559e+00
9.027033336764100468e+00
1.117038385124011413e+01
1.458187244392064308e+01
4.068428945128219176e+00
6.770275002573075795e+00
1.377362305878664728e+01
1.105581278308273596e+01
1.301310337505149661e+01
9.965574970333758387e+00
1.134007028277388685e+01
1.440618081907316395e+01
3.191538243211461623e+00
9.304852983362556174e+00
4.513516668382050234e+00
1.225733520300188317e+01
8.136857890256438353e+00
9.507891862878782518e+00
1.094004191971426110e+01
9.027033336764100468e+00
7.735777827895049086e+00
7.569397566060480642e+00
1.161737456321036532e+01
1.058513485680245481e+01
1.220528683538465842e+01
6.675581178124545545e+00
8.136857890256438353e+00
6.579524642479540830e+00
1.082303275961201905e+01
8.214724333230154940e+00
2.763953195770683990e+00
1.128379167095512514e+01
1.161737456321036532e+01
8.740387444736633427e+00
9.965574970333758387e+00
1.335116235624909109e+01
1.251433034574463399e+01
1.215301555949299761e+01
7.225151993843566878e+00
7.978845608028653835e+00
6.076507779746498805e+00
1.296408962885714899e+01
1.002925341359354938e+01
1.320733953636073110e+01
9.965574970333758387e+00
8.214724333230154940e+00
9.965574970333758387e+00
1.099807968464679142e+01
6.863662517577697741e+00
1.009253008808064145e+01
1.167204486311898926e+01
9.507891862878782518e+00
1.296408962885714899e+01
1.002925341359354938e+01
5.527906391541367981e+00
9.027033336764100468e+00
1.034176589165282145e+01
6.770275002573075795e+00
8.136857890256438353e+00
7.484820637019110379e+00
1.150725478350318376e+01
9.965574970333758387e+00
1.595769121605730811e+00
6.955796338302048021e+00
5.970821321441846408e+00
6.383076486422923246e+00
8.884866446580955923e+00
1.028002345391383443e+01
