1.276615297284584649e+01
1.236077446474206631e+01
1.111324596323282954e+01
9.901487006738307173e+00
1.194164264288369282e+01
1.215301555949299761e+01
1.034176589165282145e+01
6.675581178124545545e+00
1.306193320280393344e+01
1.002925341359354938e+01
1.058513485680245481e+01
1.688803298257900920e+01
8.740387444736633427e+00
1.496964127403822076e+01
1.178062436274634450e+01
1.349345229721172146e+01
8.136857890256438353e+00
1.291488987023529766e+01
3.908820095223359381e+00
1.178062436274634450e+01
1.543035303761632804e+01
1.395727947504383337e+01
1.306193320280393344e+01
6.076507779746498805e+00
9.965574970333758387e+00
1.427299292922216978e+01
1.696325844612841038e+01
1.496964127403822076e+01
1.009253008808064145e+01
9.373021315815206478e+00
1.325545386523797831e+01
1.261566261010080048e+01
9.236181543108379799e+00
6.383076486422923246e+00
9.836981518731869656e+00
1.117038385124011413e+01
1.034176589165282145e+01
8.519075891779829490e+00
7.569397566060480642e+00
1.194164264288369282e+01
1.058513485680245481e+01
1.769793569896924623e+01
1.220528683538465842e+01
1.583755632390385770e+01
1.315904928495908166e+01
1.178062436274634450e+01
1.475547227809780537e+01
1.105581278308273596e+01
1.538904010394216471e+01
1.325545386523797831e+01
1.070474469691662733e+01
8.136857890256438353e+00
1.117038385124011413e+01
1.167204486311898926e+01
6.955796338302048021e+00
1.440618081907316395e+01
1.167204486311898926e+01
6.770275002573075795e+00
1.167204486311898926e+01
1.496964127403822076e+01
1.595769121605730767e+01
1.178062436274634450e+01
1.534761596392107741e+01
1.009253008808064145e+01
1.864388360059940553e+01
1.758969042850511855e+01
5.863230142835038627e+00
1.194164264288369282e+01
1.178062436274634450e+01
5.753627391751591880e+00
5.527906391541367981e+00
1.330339418036568588e+01
1.315904928495908166e+01
1.215301555949299761e+01
1.210051848659980855e+01
1.236077446474206631e+01
1.246335526484300615e+01
7.484820637019110379e+00
1.128379167095512514e+01
1.505445578434700415e+01
1.409345127989185542e+01
1.484151074652385738e+01
1.555363345008750464e+01
9.836981518731869656e+00
1.538904010394216471e+01
9.373021315815206478e+00
8.291859587312051971e+00
1.199483507827737583e+01
1.306193320280393344e+01
1.261566261010080048e+01
1.058513485680245481e+01
1.534761596392107741e+01
1.128379167095512514e+01
9.166995688475081394e+00
1.105581278308273596e+01
1.261566261010080048e+01
9.836981518731869656e+00
8.136857890256438353e+00
