7.978845608028653835e+00
1.046415791390898242e+01
1.058513485680245481e+01
1.058513485680245481e+01
1.178062436274634450e+01
8.740387444736633427e+00
1.161737456321036532e+01
8.136857890256438353e+00
9.640875829802336483e+00
8.593479713983121826e+00
1.117038385124011413e+01
1.058513485680245481e+01
3.568248232305542444e+00
9.236181543108379799e+00
1.296408962885714899e+01
5.753627391751591880e+00
8.136857890256438353e+00
9.373021315815206478e+00
1.418350619798065715e+01
6.955796338302048021e+00
6.579524642479540830e+00
1.082303275961201905e+01
8.368283871884004910e+00
1.178062436274634450e+01
8.667244841319218907e+00
1.236077446474206631e+01
9.640875829802336483e+00
1.453814859003845150e+01
1.325545386523797831e+01
8.740387444736633427e+00
1.117038385124011413e+01
7.817640190446718762e+00
1.040314189572019821e+01
1.358748446131948917e+01
6.863662517577697741e+00
4.787307364817191768e+00
1.344618962205996482e+01
1.330339418036568588e+01
8.740387444736633427e+00
9.373021315815206478e+00
1.236077446474206631e+01
6.076507779746498805e+00
9.965574970333758387e+00
7.484820637019110379e+00
1.225733520300188317e+01
8.291859587312051971e+00
9.373021315815206478e+00
1.117038385124011413e+01
6.675581178124545545e+00
4.068428945128219176e+00
9.304852983362556174e+00
1.009253008808064145e+01
9.027033336764100468e+00
6.955796338302048021e+00
1.088169461344923583e+01
3.908820095223359381e+00
1.009253008808064145e+01
1.094004191971426110e+01
1.377362305878664728e+01
1.395727947504383337e+01
1.167204486311898926e+01
1.156244577056221523e+01
7.225151993843566878e+00
1.215301555949299761e+01
1.099807968464679142e+01
4.222008245644752300e+00
4.787307364817191768e+00
1.246335526484300615e+01
1.413855043925722121e+01
1.094004191971426110e+01
8.136857890256438353e+00
9.965574970333758387e+00
1.015541250385961369e+01
8.444016491289504600e+00
1.052482020710848865e+01
8.740387444736633427e+00
1.261566261010080048e+01
3.191538243211461623e+00
4.513516668382050234e+00
1.150725478350318376e+01
9.027033336764100468e+00
1.117038385124011413e+01
4.918490759365934828e+00
1.431752655671925822e+01
7.046725639945927711e+00
1.094004191971426110e+01
1.358748446131948917e+01
1.286550196516137312e+01
9.965574970333758387e+00
2.985410660720923204e+00
1.117038385124011413e+01
1.422831991532699902e+01
4.513516668382050234e+00
9.304852983362556174e+00
5.641895835477562571e+00
1.204779266504070279e+01
8.136857890256438353e+00
9.440697438826296306e+00
1.082303275961201905e+01
8.058239062071395509e+00
8.956231982162769611e+00
7.569397566060480642e+00
1.139607097042601680e+01
1.058513485680245481e+01
1.183454054540639433e+01
6.955796338302048021e+00
8.136857890256438353e+00
6.770275002573075795e+00
1.070474469691662733e+01
4.787307364817191768e+00
8.444016491289504600e+00
1.099807968464679142e+01
1.145179781116143225e+01
8.740387444736633427e+00
9.965574970333758387e+00
1.325545386523797831e+01
1.241217083805063837e+01
7.312732791431452384e+00
1.183454054540639433e+01
8.136857890256438353e+00
6.282549314314217703e+00
1.286550196516137312e+01
1.002925341359354938e+01
1.301310337505149661e+01
9.965574970333758387e+00
8.291859587312051971e+00
9.965574970333758387e+00
1.099807968464679142e+01
6.955796338302048021e+00
1.002925341359354938e+01
1.167204486311898926e+01
9.373021315815206478e+00
1.296408962885714899e+01
9.706684619910241452e+00
6.383076486422923246e+00
8.740387444736633427e+00
7.046725639945927711e+00
1.021790793990058255e+01
8.136857890256438353e+00
7.735777827895049086e+00
1.128379167095512514e+01
9.965574970333758387e+00
4.222008245644752300e+00
7.225151993843566878e+00
6.579524642479540830e+00
6.383076486422923246e+00
8.956231982162769611e+00
1.009253008808064145e+01
