1.296408962885714899e+01
1.215301555949299761e+01
1.111324596323282954e+01
9.965574970333758387e+00
1.194164264288369282e+01
1.210051848659980855e+01
1.028002345391383443e+01
1.325545386523797831e+01
5.170882945826410726e+00
9.965574970333758387e+00
1.058513485680245481e+01
1.696325844612841038e+01
8.740387444736633427e+00
1.496964127403822076e+01
1.225733520300188317e+01
1.372732503515539548e+01
7.653039857325811823e+00
1.296408962885714899e+01
1.178062436274634450e+01
1.559451034962034477e+01
1.413855043925722121e+01
1.344618962205996482e+01
3.191538243211461623e+00
9.836981518731869656e+00
1.436192209445157708e+01
1.718695942796624365e+01
1.530607971465162365e+01
1.046415791390898242e+01
9.373021315815206478e+00
1.335116235624909109e+01
1.271618740744904485e+01
8.956231982162769611e+00
9.965574970333758387e+00
4.222008245644752300e+00
1.117038385124011413e+01
1.021790793990058255e+01
8.136857890256438353e+00
6.863662517577697741e+00
1.188821220645068522e+01
1.058513485680245481e+01
1.798340469329240676e+01
1.225733520300188317e+01
1.603728119216292924e+01
1.325545386523797831e+01
1.178062436274634450e+01
1.518078909665319287e+01
1.105581278308273596e+01
1.551264883747923129e+01
1.344618962205996482e+01
1.070474469691662733e+01
7.653039857325811823e+00
1.117038385124011413e+01
1.167204486311898926e+01
4.787307364817191768e+00
1.445030398768713376e+01
1.161737456321036532e+01
4.513516668382050234e+00
1.167204486311898926e+01
1.496964127403822076e+01
1.669848676668040710e+01
1.178062436274634450e+01
1.534761596392107741e+01
1.070474469691662733e+01
1.904923279949933956e+01
1.871205159254777683e+01
1.194164264288369282e+01
1.215301555949299761e+01
1.372732503515539548e+01
1.315904928495908166e+01
1.271618740744904485e+01
1.199483507827737583e+01
1.236077446474206631e+01
1.256509862862843541e+01
1.559451034962034477e+01
1.122723095552866468e+01
6.383076486422923246e+00
1.422831991532699902e+01
1.488434347843123184e+01
1.579730833933717626e+01
9.574614729634383536e+00
1.543035303761632804e+01
9.097283682934460103e+00
7.569397566060480642e+00
1.204779266504070279e+01
1.306193320280393344e+01
1.271618740744904485e+01
1.058513485680245481e+01
1.575695754970980111e+01
1.094004191971426110e+01
8.593479713983121826e+00
1.105581278308273596e+01
1.261566261010080048e+01
9.507891862878782518e+00
7.046725639945927711e+00
