1.178062436274634450e+01
1.145179781116143225e+01
1.128379167095512514e+01
8.884866446580955923e+00
1.225733520300188317e+01
1.204779266504070279e+01
1.028002345391383443e+01
5.970821321441846408e+00
8.136857890256438353e+00
1.266602473693425601e+01
1.021790793990058255e+01
1.058513485680245481e+01
1.583755632390385770e+01
9.166995688475081394e+00
1.492705330360461602e+01
1.156244577056221523e+01
1.296408962885714899e+01
7.978845608028653835e+00
8.444016491289504600e+00
1.286550196516137312e+01
1.139607097042601680e+01
1.534761596392107741e+01
1.381976597885341995e+01
8.136857890256438353e+00
1.236077446474206631e+01
4.787307364817191768e+00
1.021790793990058255e+01
1.418350619798065715e+01
1.559451034962034477e+01
1.488434347843123184e+01
9.836981518731869656e+00
9.373021315815206478e+00
1.306193320280393344e+01
9.640875829802336483e+00
1.256509862862843541e+01
8.136857890256438353e+00
1.002925341359354938e+01
1.117038385124011413e+01
1.046415791390898242e+01
9.772050238058398008e+00
8.444016491289504600e+00
1.215301555949299761e+01
1.058513485680245481e+01
1.215301555949299761e+01
1.488434347843123184e+01
1.650676414605009157e+01
1.301310337505149661e+01
1.178062436274634450e+01
1.381976597885341995e+01
1.117038385124011413e+01
1.530607971465162365e+01
1.296408962885714899e+01
1.088169461344923583e+01
9.574614729634383536e+00
1.117038385124011413e+01
1.167204486311898926e+01
2.256758334191025117e+00
6.482044814428574497e+00
8.214724333230154940e+00
1.409345127989185542e+01
1.156244577056221523e+01
8.291859587312051971e+00
1.117038385124011413e+01
1.488434347843123184e+01
1.505445578434700415e+01
1.178062436274634450e+01
1.496964127403822076e+01
9.965574970333758387e+00
1.737117647432762624e+01
1.631278838364701755e+01
8.291859587312051971e+00
1.215301555949299761e+01
8.136857890256438353e+00
1.134007028277388685e+01
8.368283871884004910e+00
1.301310337505149661e+01
4.513516668382050234e+00
1.330339418036568588e+01
1.111324596323282954e+01
4.652426491681278087e+00
1.178062436274634450e+01
6.482044814428574497e+00
1.236077446474206631e+01
1.236077446474206631e+01
8.136857890256438353e+00
1.145179781116143225e+01
1.466892917224166482e+01
1.335116235624909109e+01
1.381976597885341995e+01
1.479855404066383784e+01
3.191538243211461623e+00
9.965574970333758387e+00
1.509668435477122017e+01
9.965574970333758387e+00
9.304852983362556174e+00
1.145179781116143225e+01
6.180387232371033157e+00
1.286550196516137312e+01
1.256509862862843541e+01
9.965574970333758387e+00
1.466892917224166482e+01
1.117038385124011413e+01
9.507891862878782518e+00
1.058513485680245481e+01
4.370193722368316713e+00
1.236077446474206631e+01
9.965574970333758387e+00
8.740387444736633427e+00
