1.276615297284584649e+01
1.230916348999737586e+01
1.111324596323282954e+01
9.965574970333758387e+00
1.194164264288369282e+01
1.215301555949299761e+01
1.034176589165282145e+01
6.482044814428574497e+00
1.306193320280393344e+01
1.002925341359354938e+01
1.058513485680245481e+01
1.688803298257900920e+01
8.740387444736633427e+00
1.496964127403822076e+01
1.178062436274634450e+01
1.358748446131948917e+01
8.136857890256438353e+00
1.291488987023529766e+01
2.985410660720923204e+00
1.178062436274634450e+01
1.547155565579009817e+01
1.400281721259029588e+01
1.320733953636073110e+01
5.970821321441846408e+00
9.836981518731869656e+00
1.427299292922216978e+01
1.696325844612841038e+01
1.509668435477122017e+01
1.009253008808064145e+01
9.373021315815206478e+00
1.325545386523797831e+01
1.266602473693425601e+01
9.166995688475081394e+00
6.383076486422923246e+00
9.901487006738307173e+00
1.117038385124011413e+01
1.034176589165282145e+01
8.444016491289504600e+00
7.312732791431452384e+00
1.194164264288369282e+01
1.058513485680245481e+01
1.769793569896924623e+01
1.220528683538465842e+01
1.587770228520368221e+01
1.315904928495908166e+01
1.178062436274634450e+01
1.479855404066383784e+01
1.105581278308273596e+01
1.538904010394216471e+01
1.325545386523797831e+01
1.070474469691662733e+01
8.136857890256438353e+00
1.117038385124011413e+01
1.167204486311898926e+01
6.579524642479540830e+00
1.440618081907316395e+01
1.167204486311898926e+01
6.383076486422923246e+00
1.167204486311898926e+01
1.496964127403822076e+01
1.603728119216292924e+01
1.178062436274634450e+01
1.534761596392107741e+01
1.009253008808064145e+01
1.864388360059940553e+01
1.784124116152771222e+01
5.527906391541367981e+00
1.194164264288369282e+01
1.178062436274634450e+01
5.641895835477562571e+00
5.170882945826410726e+00
1.335116235624909109e+01
1.315904928495908166e+01
1.215301555949299761e+01
1.210051848659980855e+01
1.236077446474206631e+01
1.251433034574463399e+01
7.312732791431452384e+00
1.122723095552866468e+01
1.513879513212096128e+01
1.413855043925722121e+01
1.484151074652385738e+01
1.555363345008750464e+01
9.836981518731869656e+00
1.538904010394216471e+01
9.236181543108379799e+00
8.291859587312051971e+00
1.199483507827737583e+01
1.306193320280393344e+01
1.261566261010080048e+01
1.058513485680245481e+01
1.547155565579009817e+01
1.122723095552866468e+01
9.166995688475081394e+00
1.105581278308273596e+01
1.261566261010080048e+01
9.836981518731869656e+00
8.136857890256438353e+00
