1.172646028567007725e+01
1.105581278308273596e+01
1.134007028277388685e+01
8.884866446580955923e+00
1.230916348999737586e+01
1.204779266504070279e+01
6.863662517577697741e+00
1.034176589165282145e+01
8.136857890256438353e+00
1.261566261010080048e+01
1.046415791390898242e+01
1.070474469691662733e+01
1.530607971465162365e+01
9.236181543108379799e+00
1.479855404066383784e+01
1.156244577056221523e+01
1.276615297284584649e+01
8.368283871884004910e+00
8.519075891779829490e+00
1.296408962885714899e+01
1.128379167095512514e+01
1.522266721510391640e+01
1.377362305878664728e+01
8.136857890256438353e+00
1.220528683538465842e+01
6.180387232371033157e+00
1.028002345391383443e+01
1.418350619798065715e+01
1.501210842680413826e+01
1.484151074652385738e+01
9.836981518731869656e+00
9.373021315815206478e+00
1.306193320280393344e+01
9.772050238058398008e+00
1.256509862862843541e+01
8.136857890256438353e+00
1.009253008808064145e+01
1.117038385124011413e+01
1.034176589165282145e+01
1.015541250385961369e+01
8.740387444736633427e+00
1.215301555949299761e+01
1.058513485680245481e+01
1.204779266504070279e+01
1.466892917224166482e+01
1.635176762293251684e+01
1.296408962885714899e+01
1.178062436274634450e+01
1.368087033328175828e+01
1.117038385124011413e+01
1.518078909665319287e+01
1.296408962885714899e+01
1.094004191971426110e+01
9.706684619910241452e+00
5.411516379806009525e+00
1.117038385124011413e+01
1.156244577056221523e+01
7.225151993843566878e+00
8.136857890256438353e+00
1.386575534383213970e+01
1.156244577056221523e+01
8.593479713983121826e+00
1.117038385124011413e+01
1.484151074652385738e+01
1.466892917224166482e+01
1.178062436274634450e+01
1.484151074652385738e+01
9.965574970333758387e+00
1.714987856615383066e+01
1.587770228520368221e+01
8.667244841319218907e+00
1.215301555949299761e+01
8.136857890256438353e+00
1.117038385124011413e+01
8.444016491289504600e+00
5.753627391751591880e+00
1.291488987023529766e+01
1.325545386523797831e+01
1.082303275961201905e+01
5.970821321441846408e+00
1.145179781116143225e+01
7.225151993843566878e+00
1.236077446474206631e+01
1.236077446474206631e+01
8.136857890256438353e+00
1.139607097042601680e+01
1.449429283826230197e+01
1.315904928495908166e+01
1.358748446131948917e+01
5.411516379806009525e+00
1.453814859003845150e+01
9.965574970333758387e+00
1.479855404066383784e+01
9.965574970333758387e+00
9.304852983362556174e+00
7.225151993843566878e+00
1.122723095552866468e+01
1.271618740744904485e+01
1.225733520300188317e+01
9.965574970333758387e+00
1.445030398768713376e+01
1.099807968464679142e+01
9.706684619910241452e+00
1.058513485680245481e+01
5.753627391751591880e+00
1.236077446474206631e+01
9.965574970333758387e+00
2.763953195770683990e+00
8.740387444736633427e+00
