1.320733953636073110e+01
1.210051848659980855e+01
1.111324596323282954e+01
9.965574970333758387e+00
1.194164264288369282e+01
1.199483507827737583e+01
1.028002345391383443e+01
1.325545386523797831e+01
4.652426491681278087e+00
9.965574970333758387e+00
1.058513485680245481e+01
1.707547527140466670e+01
8.812923024107547576e+00
1.496964127403822076e+01
1.236077446474206631e+01
1.372732503515539548e+01
7.399277020331918919e+00
1.296408962885714899e+01
1.178062436274634450e+01
1.563528038089343752e+01
1.413855043925722121e+01
1.349345229721172146e+01
9.836981518731869656e+00
1.436192209445157708e+01
1.722396045987370883e+01
1.530607971465162365e+01
1.064510777218481152e+01
9.373021315815206478e+00
1.335116235624909109e+01
1.281592373849173683e+01
8.884866446580955923e+00
9.965574970333758387e+00
3.908820095223359381e+00
1.117038385124011413e+01
1.021790793990058255e+01
7.898654169668588132e+00
6.863662517577697741e+00
1.188821220645068522e+01
1.058513485680245481e+01
1.801877032173578996e+01
1.225733520300188317e+01
1.607692842495848140e+01
1.325545386523797831e+01
1.178062436274634450e+01
1.530607971465162365e+01
1.105581278308273596e+01
1.551264883747923129e+01
1.349345229721172146e+01
1.070474469691662733e+01
7.399277020331918919e+00
1.117038385124011413e+01
1.172646028567007725e+01
4.513516668382050234e+00
1.445030398768713376e+01
1.156244577056221523e+01
1.172646028567007725e+01
3.908820095223359381e+00
1.496964127403822076e+01
1.692568750643268771e+01
1.178062436274634450e+01
1.538904010394216471e+01
1.070474469691662733e+01
1.908262324195121096e+01
1.884764794294265400e+01
1.194164264288369282e+01
1.215301555949299761e+01
1.381976597885341995e+01
1.315904928495908166e+01
1.271618740744904485e+01
1.199483507827737583e+01
1.236077446474206631e+01
1.256509862862843541e+01
1.571650316319191809e+01
1.122723095552866468e+01
5.753627391751591880e+00
1.422831991532699902e+01
1.492705330360461602e+01
1.579730833933717626e+01
9.574614729634383536e+00
1.547155565579009817e+01
8.956231982162769611e+00
7.484820637019110379e+00
1.210051848659980855e+01
1.306193320280393344e+01
1.271618740744904485e+01
1.058513485680245481e+01
1.591774699517169012e+01
1.094004191971426110e+01
8.444016491289504600e+00
1.105581278308273596e+01
1.266602473693425601e+01
9.373021315815206478e+00
6.770275002573075795e+00
