1.122723095552866468e+01
1.070474469691662733e+01
5.527906391541367981e+00
1.117038385124011413e+01
8.884866446580955923e+00
1.230916348999737586e+01
1.188821220645068522e+01
7.225151993843566878e+00
1.021790793990058255e+01
8.136857890256438353e+00
1.236077446474206631e+01
1.058513485680245481e+01
1.058513485680245481e+01
1.466892917224166482e+01
5.641895835477562571e+00
9.373021315815206478e+00
1.458187244392064308e+01
1.150725478350318376e+01
1.261566261010080048e+01
8.667244841319218907e+00
8.593479713983121826e+00
1.296408962885714899e+01
1.088169461344923583e+01
1.501210842680413826e+01
1.354055000514615159e+01
8.593479713983121826e+00
1.188821220645068522e+01
6.675581178124545545e+00
1.046415791390898242e+01
1.418350619798065715e+01
4.513516668382050234e+00
1.471226436021925466e+01
1.475547227809780537e+01
8.956231982162769611e+00
9.373021315815206478e+00
1.291488987023529766e+01
9.836981518731869656e+00
1.276615297284584649e+01
4.222008245644752300e+00
8.136857890256438353e+00
1.009253008808064145e+01
1.117038385124011413e+01
1.034176589165282145e+01
1.046415791390898242e+01
8.740387444736633427e+00
1.220528683538465842e+01
1.058513485680245481e+01
1.204779266504070279e+01
1.599753570059363028e+01
1.427299292922216978e+01
1.296408962885714899e+01
1.178062436274634450e+01
1.354055000514615159e+01
1.117038385124011413e+01
1.505445578434700415e+01
1.296408962885714899e+01
1.105581278308273596e+01
9.836981518731869656e+00
6.863662517577697741e+00
1.117038385124011413e+01
7.978845608028653835e+00
1.145179781116143225e+01
8.136857890256438353e+00
1.344618962205996482e+01
1.167204486311898926e+01
9.027033336764100468e+00
1.117038385124011413e+01
1.484151074652385738e+01
1.431752655671925822e+01
1.167204486311898926e+01
1.427299292922216978e+01
9.965574970333758387e+00
1.658371917462410394e+01
1.538904010394216471e+01
8.740387444736633427e+00
1.215301555949299761e+01
8.444016491289504600e+00
1.117038385124011413e+01
8.812923024107547576e+00
5.170882945826410726e+00
7.225151993843566878e+00
1.256509862862843541e+01
1.306193320280393344e+01
1.070474469691662733e+01
6.863662517577697741e+00
1.117038385124011413e+01
7.735777827895049086e+00
1.230916348999737586e+01
1.236077446474206631e+01
8.136857890256438353e+00
1.099807968464679142e+01
1.413855043925722121e+01
1.286550196516137312e+01
1.320733953636073110e+01
3.908820095223359381e+00
6.863662517577697741e+00
1.427299292922216978e+01
9.965574970333758387e+00
1.449429283826230197e+01
9.965574970333758387e+00
9.574614729634383536e+00
7.735777827895049086e+00
1.117038385124011413e+01
1.199483507827737583e+01
1.194164264288369282e+01
9.965574970333758387e+00
1.381976597885341995e+01
1.099807968464679142e+01
9.836981518731869656e+00
1.058513485680245481e+01
7.046725639945927711e+00
4.222008245644752300e+00
1.215301555949299761e+01
5.641895835477562571e+00
9.965574970333758387e+00
3.568248232305542444e+00
8.740387444736633427e+00
