1.251433034574463399e+01
1.230916348999737586e+01
1.122723095552866468e+01
9.772050238058398008e+00
1.199483507827737583e+01
1.220528683538465842e+01
1.034176589165282145e+01
7.484820637019110379e+00
1.286550196516137312e+01
1.009253008808064145e+01
1.058513485680245481e+01
1.666031874701878124e+01
8.812923024107547576e+00
1.492705330360461602e+01
1.178062436274634450e+01
1.325545386523797831e+01
8.136857890256438353e+00
5.863230142835038627e+00
1.286550196516137312e+01
1.178062436274634450e+01
1.543035303761632804e+01
1.395727947504383337e+01
1.271618740744904485e+01
7.136496464611084889e+00
9.965574970333758387e+00
1.427299292922216978e+01
1.658371917462410394e+01
1.496964127403822076e+01
9.965574970333758387e+00
9.373021315815206478e+00
1.325545386523797831e+01
1.261566261010080048e+01
9.373021315815206478e+00
7.312732791431452384e+00
9.965574970333758387e+00
1.117038385124011413e+01
1.034176589165282145e+01
9.166995688475081394e+00
8.136857890256438353e+00
1.194164264288369282e+01
1.058513485680245481e+01
1.737117647432762624e+01
1.215301555949299761e+01
1.551264883747923129e+01
1.315904928495908166e+01
1.178062436274634450e+01
1.453814859003845150e+01
1.105581278308273596e+01
1.538904010394216471e+01
1.296408962885714899e+01
1.082303275961201905e+01
8.740387444736633427e+00
1.117038385124011413e+01
1.167204486311898926e+01
7.484820637019110379e+00
1.427299292922216978e+01
1.161737456321036532e+01
7.653039857325811823e+00
1.161737456321036532e+01
1.488434347843123184e+01
1.547155565579009817e+01
1.178062436274634450e+01
1.526443044094783019e+01
9.965574970333758387e+00
1.826441241104166124e+01
1.722396045987370883e+01
7.225151993843566878e+00
1.194164264288369282e+01
1.178062436274634450e+01
6.770275002573075795e+00
7.312732791431452384e+00
1.325545386523797831e+01
1.315904928495908166e+01
1.199483507827737583e+01
1.210051848659980855e+01
1.236077446474206631e+01
1.256509862862843541e+01
8.058239062071395509e+00
1.128379167095512514e+01
1.492705330360461602e+01
1.400281721259029588e+01
1.471226436021925466e+01
1.547155565579009817e+01
9.965574970333758387e+00
1.530607971465162365e+01
9.640875829802336483e+00
8.812923024107547576e+00
1.204779266504070279e+01
1.306193320280393344e+01
1.261566261010080048e+01
1.058513485680245481e+01
1.518078909665319287e+01
1.145179781116143225e+01
9.373021315815206478e+00
1.105581278308273596e+01
1.256509862862843541e+01
9.901487006738307173e+00
8.291859587312051971e+00
