1.188821220645068522e+01
1.111324596323282954e+01
1.034176589165282145e+01
1.194164264288369282e+01
1.194164264288369282e+01
1.028002345391383443e+01
1.325545386523797831e+01
1.064510777218481152e+01
1.718695942796624365e+01
9.706684619910241452e+00
8.593479713983121826e+00
1.505445578434700415e+01
1.236077446474206631e+01
1.453814859003845150e+01
1.296408962885714899e+01
5.170882945826410726e+00
1.178062436274634450e+01
1.599753570059363028e+01
1.427299292922216978e+01
1.372732503515539548e+01
8.740387444736633427e+00
1.445030398768713376e+01
1.850679436136249834e+01
1.551264883747923129e+01
1.105581278308273596e+01
9.097283682934460103e+00
1.335116235624909109e+01
1.296408962885714899e+01
8.136857890256438353e+00
9.574614729634383536e+00
1.117038385124011413e+01
9.836981518731869656e+00
4.513516668382050234e+00
1.183454054540639433e+01
1.058513485680245481e+01
1.881384047546846006e+01
1.718695942796624365e+01
1.225733520300188317e+01
1.344618962205996482e+01
1.178062436274634450e+01
1.650676414605009157e+01
1.088169461344923583e+01
1.571650316319191809e+01
1.413855043925722121e+01
1.058513485680245481e+01
1.117038385124011413e+01
1.167204486311898926e+01
1.501210842680413826e+01
1.134007028277388685e+01
1.161737456321036532e+01
1.496964127403822076e+01
1.766192765414112031e+01
1.194164264288369282e+01
1.583755632390385770e+01
1.058513485680245481e+01
1.954410047611679602e+01
1.924870664532898701e+01
1.183454054540639433e+01
1.220528683538465842e+01
1.386575534383213970e+01
1.311058116710494836e+01
1.349345229721172146e+01
1.188821220645068522e+01
1.236077446474206631e+01
1.266602473693425601e+01
1.591774699517169012e+01
1.076405121554611632e+01
1.431752655671925822e+01
1.505445578434700415e+01
1.646815177937675045e+01
9.027033336764100468e+00
1.599753570059363028e+01
7.735777827895049086e+00
1.210051848659980855e+01
4.222008245644752300e+00
1.315904928495908166e+01
1.286550196516137312e+01
1.718695942796624365e+01
1.058513485680245481e+01
1.070474469691662733e+01
6.955796338302048021e+00
1.099807968464679142e+01
1.266602473693425601e+01
9.373021315815206478e+00
