1.418350619798065715e+01
1.188821220645068522e+01
1.111324596323282954e+01
1.028002345391383443e+01
1.194164264288369282e+01
1.194164264288369282e+01
1.028002345391383443e+01
1.325545386523797831e+01
9.836981518731869656e+00
1.058513485680245481e+01
1.711271735549580697e+01
8.740387444736633427e+00
1.505445578434700415e+01
1.236077446474206631e+01
1.440618081907316395e+01
1.296408962885714899e+01
5.753627391751591880e+00
1.178062436274634450e+01
1.591774699517169012e+01
1.413855043925722121e+01
1.372732503515539548e+01
8.956231982162769611e+00
1.436192209445157708e+01
1.808929415419343556e+01
1.547155565579009817e+01
1.105581278308273596e+01
9.166995688475081394e+00
1.335116235624909109e+01
1.286550196516137312e+01
8.368283871884004910e+00
9.574614729634383536e+00
1.117038385124011413e+01
9.965574970333758387e+00
5.753627391751591880e+00
4.513516668382050234e+00
1.188821220645068522e+01
1.058513485680245481e+01
1.864388360059940553e+01
1.700074635581867355e+01
1.225733520300188317e+01
1.344618962205996482e+01
1.178062436274634450e+01
1.623454913941802857e+01
1.094004191971426110e+01
1.555363345008750464e+01
1.409345127989185542e+01
1.070474469691662733e+01
1.117038385124011413e+01
1.172646028567007725e+01
4.918490759365934828e+00
1.496964127403822076e+01
1.134007028277388685e+01
1.167204486311898926e+01
1.496964127403822076e+01
1.758969042850511855e+01
1.178062436274634450e+01
1.575695754970980111e+01
1.058513485680245481e+01
1.951149978540382790e+01
1.911595536035255805e+01
1.183454054540639433e+01
1.225733520300188317e+01
1.381976597885341995e+01
1.311058116710494836e+01
1.349345229721172146e+01
1.188821220645068522e+01
1.236077446474206631e+01
1.266602473693425601e+01
1.583755632390385770e+01
1.105581278308273596e+01
1.431752655671925822e+01
1.501210842680413826e+01
1.631278838364701755e+01
9.304852983362556174e+00
1.587770228520368221e+01
8.136857890256438353e+00
1.210051848659980855e+01
5.753627391751591880e+00
1.311058116710494836e+01
1.276615297284584649e+01
1.677456227108388731e+01
1.058513485680245481e+01
1.070474469691662733e+01
7.312732791431452384e+00
1.099807968464679142e+01
1.256509862862843541e+01
9.373021315815206478e+00
4.068428945128219176e+00
