1.156244577056221523e+01
1.082303275961201905e+01
1.134007028277388685e+01
8.884866446580955923e+00
1.230916348999737586e+01
1.199483507827737583e+01
7.046725639945927711e+00
1.021790793990058255e+01
8.136857890256438353e+00
1.256509862862843541e+01
1.046415791390898242e+01
1.064510777218481152e+01
1.513879513212096128e+01
3.385137501286537898e+00
9.304852983362556174e+00
1.479855404066383784e+01
1.156244577056221523e+01
1.266602473693425601e+01
8.444016491289504600e+00
8.593479713983121826e+00
1.296408962885714899e+01
1.134007028277388685e+01
1.518078909665319287e+01
1.377362305878664728e+01
8.444016491289504600e+00
1.215301555949299761e+01
6.180387232371033157e+00
1.034176589165282145e+01
1.418350619798065715e+01
1.501210842680413826e+01
1.479855404066383784e+01
9.836981518731869656e+00
9.373021315815206478e+00
1.306193320280393344e+01
9.836981518731869656e+00
1.266602473693425601e+01
8.136857890256438353e+00
1.009253008808064145e+01
1.117038385124011413e+01
1.034176589165282145e+01
1.015541250385961369e+01
8.740387444736633427e+00
1.215301555949299761e+01
1.058513485680245481e+01
1.204779266504070279e+01
1.462546558286290477e+01
1.615593100600235843e+01
1.296408962885714899e+01
1.178062436274634450e+01
1.368087033328175828e+01
1.117038385124011413e+01
1.513879513212096128e+01
1.296408962885714899e+01
1.099807968464679142e+01
9.706684619910241452e+00
5.641895835477562571e+00
1.117038385124011413e+01
1.161737456321036532e+01
7.312732791431452384e+00
8.136857890256438353e+00
1.381976597885341995e+01
1.156244577056221523e+01
8.593479713983121826e+00
1.117038385124011413e+01
1.484151074652385738e+01
1.453814859003845150e+01
1.178062436274634450e+01
1.479855404066383784e+01
9.965574970333758387e+00
1.700074635581867355e+01
1.579730833933717626e+01
8.740387444736633427e+00
1.215301555949299761e+01
8.136857890256438353e+00
1.117038385124011413e+01
8.593479713983121826e+00
6.383076486422923246e+00
1.281592373849173683e+01
1.320733953636073110e+01
1.070474469691662733e+01
6.282549314314217703e+00
1.134007028277388685e+01
7.225151993843566878e+00
1.236077446474206631e+01
1.236077446474206631e+01
8.136857890256438353e+00
1.139607097042601680e+01
1.436192209445157708e+01
1.306193320280393344e+01
1.358748446131948917e+01
5.970821321441846408e+00
1.453814859003845150e+01
9.965574970333758387e+00
1.466892917224166482e+01
1.002925341359354938e+01
9.304852983362556174e+00
7.225151993843566878e+00
1.117038385124011413e+01
1.271618740744904485e+01
1.220528683538465842e+01
9.965574970333758387e+00
1.436192209445157708e+01
1.099807968464679142e+01
9.772050238058398008e+00
1.058513485680245481e+01
6.076507779746498805e+00
1.236077446474206631e+01
9.965574970333758387e+00
3.742410318509555189e+00
8.740387444736633427e+00
