1.058513485680245481e+01
7.312732791431452384e+00
1.058513485680245481e+01
1.058513485680245481e+01
8.740387444736633427e+00
1.220528683538465842e+01
1.172646028567007725e+01
7.978845608028653835e+00
9.965574970333758387e+00
8.444016491289504600e+00
1.178062436274634450e+01
1.058513485680245481e+01
1.034176589165282145e+01
1.344618962205996482e+01
7.136496464611084889e+00
9.373021315815206478e+00
1.431752655671925822e+01
5.753627391751591880e+00
1.134007028277388685e+01
4.918490759365934828e+00
1.215301555949299761e+01
8.368283871884004910e+00
8.740387444736633427e+00
1.271618740744904485e+01
1.002925341359354938e+01
1.479855404066383784e+01
1.344618962205996482e+01
8.812923024107547576e+00
1.117038385124011413e+01
7.399277020331918919e+00
1.040314189572019821e+01
1.386575534383213970e+01
6.180387232371033157e+00
1.422831991532699902e+01
1.386575534383213970e+01
8.740387444736633427e+00
9.440697438826296306e+00
1.251433034574463399e+01
9.965574970333758387e+00
6.770275002573075795e+00
1.266602473693425601e+01
2.256758334191025117e+00
8.136857890256438353e+00
9.574614729634383536e+00
1.117038385124011413e+01
4.787307364817191768e+00
9.836981518731869656e+00
1.021790793990058255e+01
9.027033336764100468e+00
5.292567428401227403e+00
1.188821220645068522e+01
1.046415791390898242e+01
1.479855404066383784e+01
1.161737456321036532e+01
1.409345127989185542e+01
1.236077446474206631e+01
1.178062436274634450e+01
1.301310337505149661e+01
5.753627391751591880e+00
1.111324596323282954e+01
1.266602473693425601e+01
1.458187244392064308e+01
1.099807968464679142e+01
7.817640190446718762e+00
9.965574970333758387e+00
1.117038385124011413e+01
8.136857890256438353e+00
1.117038385124011413e+01
8.593479713983121826e+00
1.296408962885714899e+01
1.172646028567007725e+01
9.304852983362556174e+00
1.117038385124011413e+01
1.475547227809780537e+01
6.383076486422923246e+00
1.400281721259029588e+01
1.145179781116143225e+01
1.330339418036568588e+01
9.965574970333758387e+00
1.220528683538465842e+01
1.475547227809780537e+01
9.166995688475081394e+00
1.225733520300188317e+01
8.136857890256438353e+00
9.836981518731869656e+00
1.117038385124011413e+01
9.166995688475081394e+00
7.225151993843566878e+00
7.569397566060480642e+00
1.210051848659980855e+01
1.281592373849173683e+01
1.058513485680245481e+01
5.753627391751591880e+00
7.898654169668588132e+00
5.753627391751591880e+00
1.105581278308273596e+01
8.136857890256438353e+00
1.156244577056221523e+01
1.204779266504070279e+01
8.667244841319218907e+00
1.021790793990058255e+01
1.368087033328175828e+01
1.261566261010080048e+01
1.266602473693425601e+01
6.579524642479540830e+00
7.735777827895049086e+00
1.358748446131948917e+01
4.222008245644752300e+00
9.965574970333758387e+00
1.354055000514615159e+01
9.965574970333758387e+00
8.136857890256438353e+00
9.836981518731869656e+00
1.111324596323282954e+01
5.970821321441846408e+00
1.099807968464679142e+01
1.178062436274634450e+01
9.901487006738307173e+00
1.320733953636073110e+01
1.021790793990058255e+01
9.772050238058398008e+00
1.058513485680245481e+01
6.180387232371033157e+00
8.136857890256438353e+00
7.225151993843566878e+00
1.156244577056221523e+01
9.965574970333758387e+00
6.579524642479540830e+00
5.411516379806009525e+00
5.292567428401227403e+00
8.812923024107547576e+00
