1.183454054540639433e+01
1.099807968464679142e+01
1.028002345391383443e+01
1.183454054540639433e+01
1.194164264288369282e+01
1.028002345391383443e+01
1.325545386523797831e+01
1.111324596323282954e+01
1.718695942796624365e+01
9.574614729634383536e+00
7.978845608028653835e+00
1.505445578434700415e+01
1.236077446474206631e+01
1.479855404066383784e+01
1.296408962885714899e+01
1.178062436274634450e+01
1.607692842495848140e+01
1.431752655671925822e+01
1.372732503515539548e+01
8.667244841319218907e+00
1.445030398768713376e+01
1.901578372575756504e+01
1.567594437773643001e+01
1.117038385124011413e+01
9.027033336764100468e+00
1.339876023397903637e+01
1.301310337505149661e+01
7.978845608028653835e+00
9.097283682934460103e+00
1.117038385124011413e+01
9.706684619910241452e+00
1.178062436274634450e+01
1.058513485680245481e+01
1.938054864282414869e+01
1.740778594902202769e+01
1.225733520300188317e+01
1.349345229721172146e+01
1.178062436274634450e+01
1.692568750643268771e+01
1.082303275961201905e+01
1.591774699517169012e+01
1.413855043925722121e+01
1.058513485680245481e+01
1.117038385124011413e+01
1.156244577056221523e+01
1.505445578434700415e+01
1.122723095552866468e+01
1.156244577056221523e+01
1.496964127403822076e+01
1.773387063078969206e+01
1.199483507827737583e+01
1.587770228520368221e+01
1.058513485680245481e+01
1.960913925979463102e+01
1.941336923982048290e+01
1.183454054540639433e+01
1.215301555949299761e+01
1.391159267660409604e+01
1.311058116710494836e+01
1.339876023397903637e+01
1.188821220645068522e+01
1.236077446474206631e+01
1.271618740744904485e+01
1.639065416446577927e+01
1.058513485680245481e+01
1.436192209445157708e+01
1.530607971465162365e+01
1.650676414605009157e+01
8.740387444736633427e+00
1.599753570059363028e+01
7.225151993843566878e+00
1.215301555949299761e+01
1.325545386523797831e+01
1.306193320280393344e+01
1.751715531361111644e+01
1.058513485680245481e+01
1.070474469691662733e+01
5.753627391751591880e+00
1.094004191971426110e+01
1.266602473693425601e+01
9.373021315815206478e+00
