8.136857890256438353e+00
1.028002345391383443e+01
1.058513485680245481e+01
1.058513485680245481e+01
1.178062436274634450e+01
8.740387444736633427e+00
1.117038385124011413e+01
8.136857890256438353e+00
9.640875829802336483e+00
8.593479713983121826e+00
1.117038385124011413e+01
4.787307364817191768e+00
1.058513485680245481e+01
9.027033336764100468e+00
1.281592373849173683e+01
6.180387232371033157e+00
8.136857890256438353e+00
9.373021315815206478e+00
1.413855043925722121e+01
6.955796338302048021e+00
6.770275002573075795e+00
1.076405121554611632e+01
8.444016491289504600e+00
1.167204486311898926e+01
8.593479713983121826e+00
1.236077446474206631e+01
9.640875829802336483e+00
4.513516668382050234e+00
1.440618081907316395e+01
1.306193320280393344e+01
8.740387444736633427e+00
1.105581278308273596e+01
7.978845608028653835e+00
1.034176589165282145e+01
1.344618962205996482e+01
6.863662517577697741e+00
5.753627391751591880e+00
1.306193320280393344e+01
1.296408962885714899e+01
8.740387444736633427e+00
9.373021315815206478e+00
6.482044814428574497e+00
1.215301555949299761e+01
9.965574970333758387e+00
7.484820637019110379e+00
1.220528683538465842e+01
8.291859587312051971e+00
9.373021315815206478e+00
1.117038385124011413e+01
6.955796338302048021e+00
5.170882945826410726e+00
9.373021315815206478e+00
1.002925341359354938e+01
8.884866446580955923e+00
6.955796338302048021e+00
1.070474469691662733e+01
4.787307364817191768e+00
9.965574970333758387e+00
1.076405121554611632e+01
1.368087033328175828e+01
1.358748446131948917e+01
1.139607097042601680e+01
1.156244577056221523e+01
7.399277020331918919e+00
1.178062436274634450e+01
5.863230142835038627e+00
1.099807968464679142e+01
5.292567428401227403e+00
1.246335526484300615e+01
1.395727947504383337e+01
1.076405121554611632e+01
8.136857890256438353e+00
9.772050238058398008e+00
9.965574970333758387e+00
8.593479713983121826e+00
1.052482020710848865e+01
8.740387444736633427e+00
1.246335526484300615e+01
4.652426491681278087e+00
5.527906391541367981e+00
1.145179781116143225e+01
9.027033336764100468e+00
1.117038385124011413e+01
5.292567428401227403e+00
1.404820733880128181e+01
7.046725639945927711e+00
1.325545386523797831e+01
1.070474469691662733e+01
3.568248232305542444e+00
1.266602473693425601e+01
9.965574970333758387e+00
5.046265044040320724e+00
1.111324596323282954e+01
5.292567428401227403e+00
1.400281721259029588e+01
9.027033336764100468e+00
6.282549314314217703e+00
1.178062436274634450e+01
8.136857890256438353e+00
9.166995688475081394e+00
1.070474469691662733e+01
8.291859587312051971e+00
8.956231982162769611e+00
7.569397566060480642e+00
1.117038385124011413e+01
1.058513485680245481e+01
1.139607097042601680e+01
3.385137501286537898e+00
7.312732791431452384e+00
8.136857890256438353e+00
7.046725639945927711e+00
1.070474469691662733e+01
5.527906391541367981e+00
8.593479713983121826e+00
8.740387444736633427e+00
1.070474469691662733e+01
1.117038385124011413e+01
9.965574970333758387e+00
1.320733953636073110e+01
1.230916348999737586e+01
7.484820637019110379e+00
1.139607097042601680e+01
8.136857890256438353e+00
6.863662517577697741e+00
1.281592373849173683e+01
1.009253008808064145e+01
1.271618740744904485e+01
9.965574970333758387e+00
8.368283871884004910e+00
9.965574970333758387e+00
1.082303275961201905e+01
7.225151993843566878e+00
9.836981518731869656e+00
1.156244577056221523e+01
9.373021315815206478e+00
1.281592373849173683e+01
9.640875829802336483e+00
6.383076486422923246e+00
3.568248232305542444e+00
8.740387444736633427e+00
7.136496464611084889e+00
1.009253008808064145e+01
8.136857890256438353e+00
7.898654169668588132e+00
1.105581278308273596e+01
9.965574970333758387e+00
5.046265044040320724e+00
7.225151993843566878e+00
6.675581178124545545e+00
6.675581178124545545e+00
8.956231982162769611e+00
1.009253008808064145e+01
