3.568248232305542444e+00
1.111324596323282954e+01
1.070474469691662733e+01
5.863230142835038627e+00
1.105581278308273596e+01
8.884866446580955923e+00
1.236077446474206631e+01
1.183454054540639433e+01
7.225151993843566878e+00
1.021790793990058255e+01
8.136857890256438353e+00
1.230916348999737586e+01
1.058513485680245481e+01
1.058513485680245481e+01
1.462546558286290477e+01
5.970821321441846408e+00
9.373021315815206478e+00
1.445030398768713376e+01
1.150725478350318376e+01
1.261566261010080048e+01
8.812923024107547576e+00
8.593479713983121826e+00
1.296408962885714899e+01
1.082303275961201905e+01
1.501210842680413826e+01
1.354055000514615159e+01
8.740387444736633427e+00
1.183454054540639433e+01
6.863662517577697741e+00
1.046415791390898242e+01
1.418350619798065715e+01
4.787307364817191768e+00
1.471226436021925466e+01
1.466892917224166482e+01
8.884866446580955923e+00
9.373021315815206478e+00
1.296408962885714899e+01
9.901487006738307173e+00
1.276615297284584649e+01
4.787307364817191768e+00
8.136857890256438353e+00
1.009253008808064145e+01
1.117038385124011413e+01
1.009253008808064145e+01
1.046415791390898242e+01
8.740387444736633427e+00
1.225733520300188317e+01
1.058513485680245481e+01
1.204779266504070279e+01
1.595769121605730767e+01
1.418350619798065715e+01
1.296408962885714899e+01
1.178062436274634450e+01
1.349345229721172146e+01
1.117038385124011413e+01
1.501210842680413826e+01
1.296408962885714899e+01
1.105581278308273596e+01
9.965574970333758387e+00
6.863662517577697741e+00
1.117038385124011413e+01
8.136857890256438353e+00
1.134007028277388685e+01
8.136857890256438353e+00
1.330339418036568588e+01
1.167204486311898926e+01
9.166995688475081394e+00
1.117038385124011413e+01
1.484151074652385738e+01
1.431752655671925822e+01
1.156244577056221523e+01
3.191538243211461623e+00
1.404820733880128181e+01
9.965574970333758387e+00
1.646815177937675045e+01
1.522266721510391640e+01
8.740387444736633427e+00
1.215301555949299761e+01
8.444016491289504600e+00
1.117038385124011413e+01
9.027033336764100468e+00
5.970821321441846408e+00
7.225151993843566878e+00
1.256509862862843541e+01
1.306193320280393344e+01
1.070474469691662733e+01
7.046725639945927711e+00
1.117038385124011413e+01
7.898654169668588132e+00
1.225733520300188317e+01
1.236077446474206631e+01
1.105581278308273596e+01
8.291859587312051971e+00
1.413855043925722121e+01
1.286550196516137312e+01
1.320733953636073110e+01
4.513516668382050234e+00
6.863662517577697741e+00
1.418350619798065715e+01
9.965574970333758387e+00
1.440618081907316395e+01
9.965574970333758387e+00
9.574614729634383536e+00
7.817640190446718762e+00
1.117038385124011413e+01
1.183454054540639433e+01
1.178062436274634450e+01
9.965574970333758387e+00
1.377362305878664728e+01
1.094004191971426110e+01
9.836981518731869656e+00
1.058513485680245481e+01
7.225151993843566878e+00
4.787307364817191768e+00
1.210051848659980855e+01
6.076507779746498805e+00
9.965574970333758387e+00
4.513516668382050234e+00
8.740387444736633427e+00
