1.178062436274634450e+01
1.145179781116143225e+01
1.128379167095512514e+01
8.956231982162769611e+00
1.225733520300188317e+01
1.204779266504070279e+01
1.040314189572019821e+01
5.753627391751591880e+00
8.136857890256438353e+00
1.266602473693425601e+01
1.009253008808064145e+01
1.058513485680245481e+01
1.591774699517169012e+01
9.166995688475081394e+00
1.492705330360461602e+01
1.156244577056221523e+01
1.296408962885714899e+01
7.817640190446718762e+00
8.444016491289504600e+00
1.286550196516137312e+01
1.145179781116143225e+01
1.530607971465162365e+01
1.381976597885341995e+01
8.058239062071395509e+00
1.236077446474206631e+01
1.015541250385961369e+01
4.222008245644752300e+00
1.418350619798065715e+01
1.575695754970980111e+01
1.488434347843123184e+01
9.836981518731869656e+00
9.373021315815206478e+00
1.306193320280393344e+01
9.507891862878782518e+00
1.256509862862843541e+01
8.136857890256438353e+00
1.002925341359354938e+01
1.117038385124011413e+01
1.046415791390898242e+01
9.706684619910241452e+00
8.444016491289504600e+00
1.215301555949299761e+01
1.058513485680245481e+01
1.204779266504070279e+01
1.488434347843123184e+01
1.654528640181426269e+01
1.306193320280393344e+01
1.178062436274634450e+01
1.391159267660409604e+01
1.117038385124011413e+01
1.530607971465162365e+01
1.296408962885714899e+01
1.082303275961201905e+01
9.574614729634383536e+00
1.117038385124011413e+01
1.167204486311898926e+01
6.180387232371033157e+00
8.368283871884004910e+00
1.413855043925722121e+01
1.156244577056221523e+01
8.136857890256438353e+00
1.117038385124011413e+01
1.488434347843123184e+01
1.518078909665319287e+01
1.178062436274634450e+01
1.496964127403822076e+01
9.965574970333758387e+00
1.744431859350498826e+01
1.635176762293251684e+01
8.136857890256438353e+00
1.215301555949299761e+01
7.898654169668588132e+00
1.145179781116143225e+01
8.291859587312051971e+00
1.311058116710494836e+01
4.222008245644752300e+00
1.330339418036568588e+01
1.128379167095512514e+01
3.568248232305542444e+00
1.199483507827737583e+01
6.076507779746498805e+00
1.236077446474206631e+01
1.236077446474206631e+01
8.136857890256438353e+00
1.139607097042601680e+01
1.466892917224166482e+01
1.335116235624909109e+01
1.381976597885341995e+01
1.484151074652385738e+01
9.965574970333758387e+00
1.513879513212096128e+01
9.965574970333758387e+00
9.236181543108379799e+00
1.156244577056221523e+01
6.180387232371033157e+00
1.296408962885714899e+01
1.256509862862843541e+01
9.965574970333758387e+00
1.471226436021925466e+01
1.117038385124011413e+01
9.373021315815206478e+00
1.070474469691662733e+01
2.985410660720923204e+00
1.236077446474206631e+01
9.965574970333758387e+00
8.667244841319218907e+00
