1.082303275961201905e+01
6.675581178124545545e+00
1.070474469691662733e+01
1.099807968464679142e+01
8.740387444736633427e+00
1.230916348999737586e+01
1.183454054540639433e+01
7.653039857325811823e+00
1.002925341359354938e+01
8.136857890256438353e+00
1.194164264288369282e+01
1.058513485680245481e+01
1.058513485680245481e+01
1.427299292922216978e+01
6.383076486422923246e+00
9.373021315815206478e+00
1.440618081907316395e+01
1.150725478350318376e+01
3.385137501286537898e+00
1.246335526484300615e+01
8.812923024107547576e+00
8.593479713983121826e+00
1.286550196516137312e+01
1.058513485680245481e+01
1.492705330360461602e+01
1.354055000514615159e+01
8.740387444736633427e+00
1.161737456321036532e+01
7.046725639945927711e+00
1.046415791390898242e+01
1.418350619798065715e+01
5.753627391751591880e+00
1.458187244392064308e+01
1.462546558286290477e+01
8.740387444736633427e+00
9.373021315815206478e+00
1.286550196516137312e+01
9.965574970333758387e+00
5.753627391751591880e+00
1.276615297284584649e+01
8.136857890256438353e+00
1.021790793990058255e+01
1.117038385124011413e+01
9.965574970333758387e+00
1.046415791390898242e+01
8.740387444736633427e+00
1.225733520300188317e+01
1.058513485680245481e+01
1.210051848659980855e+01
1.563528038089343752e+01
1.413855043925722121e+01
1.281592373849173683e+01
1.178062436274634450e+01
1.330339418036568588e+01
1.117038385124011413e+01
1.492705330360461602e+01
1.296408962885714899e+01
1.111324596323282954e+01
9.965574970333758387e+00
7.136496464611084889e+00
1.117038385124011413e+01
8.136857890256438353e+00
1.117038385124011413e+01
8.136857890256438353e+00
1.320733953636073110e+01
1.172646028567007725e+01
9.304852983362556174e+00
1.117038385124011413e+01
1.484151074652385738e+01
1.418350619798065715e+01
1.156244577056221523e+01
4.652426491681278087e+00
1.381976597885341995e+01
9.965574970333758387e+00
1.619528777809902209e+01
1.496964127403822076e+01
8.884866446580955923e+00
1.215301555949299761e+01
8.593479713983121826e+00
1.117038385124011413e+01
9.027033336764100468e+00
6.180387232371033157e+00
7.225151993843566878e+00
1.225733520300188317e+01
1.286550196516137312e+01
1.058513485680245481e+01
7.312732791431452384e+00
1.117038385124011413e+01
1.595769121605730811e+00
8.058239062071395509e+00
1.215301555949299761e+01
1.215301555949299761e+01
8.444016491289504600e+00
1.082303275961201905e+01
1.391159267660409604e+01
1.276615297284584649e+01
1.315904928495908166e+01
5.527906391541367981e+00
7.399277020331918919e+00
1.391159267660409604e+01
9.965574970333758387e+00
1.404820733880128181e+01
9.965574970333758387e+00
7.978845608028653835e+00
9.706684619910241452e+00
1.117038385124011413e+01
1.161737456321036532e+01
1.178062436274634450e+01
9.965574970333758387e+00
1.368087033328175828e+01
1.070474469691662733e+01
9.836981518731869656e+00
1.058513485680245481e+01
7.569397566060480642e+00
5.170882945826410726e+00
6.863662517577697741e+00
1.194164264288369282e+01
9.965574970333758387e+00
5.411516379806009525e+00
8.740387444736633427e+00
