1.210051848659980855e+01
1.204779266504070279e+01
1.117038385124011413e+01
9.027033336764100468e+00
1.220528683538465842e+01
1.210051848659980855e+01
1.046415791390898242e+01
3.742410318509555189e+00
7.978845608028653835e+00
1.276615297284584649e+01
1.009253008808064145e+01
1.058513485680245481e+01
1.619528777809902209e+01
9.097283682934460103e+00
1.492705330360461602e+01
1.161737456321036532e+01
1.296408962885714899e+01
7.225151993843566878e+00
8.444016491289504600e+00
1.286550196516137312e+01
1.167204486311898926e+01
1.538904010394216471e+01
1.381976597885341995e+01
7.653039857325811823e+00
1.236077446474206631e+01
1.009253008808064145e+01
1.422831991532699902e+01
1.611647812414279102e+01
1.488434347843123184e+01
1.009253008808064145e+01
9.373021315815206478e+00
1.325545386523797831e+01
1.256509862862843541e+01
9.373021315815206478e+00
8.136857890256438353e+00
1.002925341359354938e+01
1.117038385124011413e+01
1.040314189572019821e+01
9.373021315815206478e+00
8.136857890256438353e+00
1.204779266504070279e+01
1.058513485680245481e+01
1.204779266504070279e+01
1.522266721510391640e+01
1.677456227108388731e+01
1.311058116710494836e+01
1.178062436274634450e+01
1.427299292922216978e+01
1.111324596323282954e+01
1.538904010394216471e+01
1.296408962885714899e+01
1.082303275961201905e+01
9.574614729634383536e+00
1.117038385124011413e+01
1.167204486311898926e+01
5.527906391541367981e+00
8.058239062071395509e+00
1.413855043925722121e+01
1.156244577056221523e+01
8.136857890256438353e+00
1.117038385124011413e+01
1.488434347843123184e+01
1.538904010394216471e+01
1.178062436274634450e+01
1.501210842680413826e+01
9.965574970333758387e+00
1.787688803255549530e+01
1.677456227108388731e+01
7.898654169668588132e+00
1.204779266504070279e+01
7.569397566060480642e+00
1.156244577056221523e+01
8.136857890256438353e+00
1.315904928495908166e+01
1.320733953636073110e+01
1.156244577056221523e+01
1.220528683538465842e+01
5.292567428401227403e+00
1.236077446474206631e+01
1.236077446474206631e+01
8.136857890256438353e+00
1.145179781116143225e+01
1.484151074652385738e+01
1.372732503515539548e+01
1.400281721259029588e+01
1.513879513212096128e+01
9.965574970333758387e+00
1.513879513212096128e+01
9.901487006738307173e+00
9.097283682934460103e+00
1.194164264288369282e+01
5.170882945826410726e+00
1.306193320280393344e+01
1.256509862862843541e+01
1.009253008808064145e+01
1.488434347843123184e+01
1.150725478350318376e+01
9.507891862878782518e+00
1.082303275961201905e+01
1.236077446474206631e+01
9.965574970333758387e+00
8.444016491289504600e+00
