1.076405121554611632e+01
6.863662517577697741e+00
1.058513485680245481e+01
1.070474469691662733e+01
8.740387444736633427e+00
1.225733520300188317e+01
1.172646028567007725e+01
7.735777827895049086e+00
9.965574970333758387e+00
8.136857890256438353e+00
1.178062436274634450e+01
1.058513485680245481e+01
1.058513485680245481e+01
1.363425735166143049e+01
6.955796338302048021e+00
9.373021315815206478e+00
1.436192209445157708e+01
4.787307364817191768e+00
1.145179781116143225e+01
3.191538243211461623e+00
1.236077446474206631e+01
8.519075891779829490e+00
8.740387444736633427e+00
1.286550196516137312e+01
1.034176589165282145e+01
1.492705330360461602e+01
1.354055000514615159e+01
8.740387444736633427e+00
1.139607097042601680e+01
7.225151993843566878e+00
1.046415791390898242e+01
1.409345127989185542e+01
5.970821321441846408e+00
1.436192209445157708e+01
1.453814859003845150e+01
8.740387444736633427e+00
9.373021315815206478e+00
1.281592373849173683e+01
9.965574970333758387e+00
6.383076486422923246e+00
1.276615297284584649e+01
8.136857890256438353e+00
1.002925341359354938e+01
1.117038385124011413e+01
9.901487006738307173e+00
1.040314189572019821e+01
8.740387444736633427e+00
1.220528683538465842e+01
1.128379167095512559e+00
1.058513485680245481e+01
1.188821220645068522e+01
1.522266721510391640e+01
1.413855043925722121e+01
1.251433034574463399e+01
1.178062436274634450e+01
1.315904928495908166e+01
4.513516668382050234e+00
1.111324596323282954e+01
1.488434347843123184e+01
1.281592373849173683e+01
1.105581278308273596e+01
9.965574970333758387e+00
7.399277020331918919e+00
1.117038385124011413e+01
8.136857890256438353e+00
1.117038385124011413e+01
8.368283871884004910e+00
1.315904928495908166e+01
1.178062436274634450e+01
9.304852983362556174e+00
1.117038385124011413e+01
1.479855404066383784e+01
5.641895835477562571e+00
1.413855043925722121e+01
1.156244577056221523e+01
1.381976597885341995e+01
9.965574970333758387e+00
1.611647812414279102e+01
1.484151074652385738e+01
9.097283682934460103e+00
1.215301555949299761e+01
8.444016491289504600e+00
1.117038385124011413e+01
8.884866446580955923e+00
7.046725639945927711e+00
7.399277020331918919e+00
1.215301555949299761e+01
1.286550196516137312e+01
1.058513485680245481e+01
7.399277020331918919e+00
4.222008245644752300e+00
4.513516668382050234e+00
1.117038385124011413e+01
8.136857890256438353e+00
1.188821220645068522e+01
1.215301555949299761e+01
8.444016491289504600e+00
1.046415791390898242e+01
1.391159267660409604e+01
1.276615297284584649e+01
1.306193320280393344e+01
5.753627391751591880e+00
7.484820637019110379e+00
1.372732503515539548e+01
9.965574970333758387e+00
1.386575534383213970e+01
9.965574970333758387e+00
8.136857890256438353e+00
9.706684619910241452e+00
1.117038385124011413e+01
4.370193722368316713e+00
1.128379167095512514e+01
1.178062436274634450e+01
9.965574970333758387e+00
1.354055000514615159e+01
1.052482020710848865e+01
9.836981518731869656e+00
1.058513485680245481e+01
7.898654169668588132e+00
5.753627391751591880e+00
6.863662517577697741e+00
1.167204486311898926e+01
9.965574970333758387e+00
5.753627391751591880e+00
4.222008245644752300e+00
3.385137501286537898e+00
8.740387444736633427e+00
