1.064510777218481152e+01
6.863662517577697741e+00
1.058513485680245481e+01
1.070474469691662733e+01
8.740387444736633427e+00
1.225733520300188317e+01
1.172646028567007725e+01
7.817640190446718762e+00
9.965574970333758387e+00
8.136857890256438353e+00
1.178062436274634450e+01
1.058513485680245481e+01
1.040314189572019821e+01
1.354055000514615159e+01
6.955796338302048021e+00
9.373021315815206478e+00
1.436192209445157708e+01
5.411516379806009525e+00
1.139607097042601680e+01
4.222008245644752300e+00
1.236077446474206631e+01
8.444016491289504600e+00
8.740387444736633427e+00
1.281592373849173683e+01
1.002925341359354938e+01
1.492705330360461602e+01
1.354055000514615159e+01
8.740387444736633427e+00
1.117038385124011413e+01
7.225151993843566878e+00
1.046415791390898242e+01
1.409345127989185542e+01
6.076507779746498805e+00
1.440618081907316395e+01
1.409345127989185542e+01
8.740387444736633427e+00
9.373021315815206478e+00
1.271618740744904485e+01
9.965574970333758387e+00
6.383076486422923246e+00
1.276615297284584649e+01
8.136857890256438353e+00
9.706684619910241452e+00
1.117038385124011413e+01
9.901487006738307173e+00
1.040314189572019821e+01
3.385137501286537898e+00
8.740387444736633427e+00
1.215301555949299761e+01
4.068428945128219176e+00
1.052482020710848865e+01
1.513879513212096128e+01
1.161737456321036532e+01
1.413855043925722121e+01
1.246335526484300615e+01
1.178062436274634450e+01
1.311058116710494836e+01
4.918490759365934828e+00
1.111324596323282954e+01
1.479855404066383784e+01
1.276615297284584649e+01
1.105581278308273596e+01
9.965574970333758387e+00
7.653039857325811823e+00
1.117038385124011413e+01
8.136857890256438353e+00
1.117038385124011413e+01
8.444016491289504600e+00
1.311058116710494836e+01
1.178062436274634450e+01
9.304852983362556174e+00
1.117038385124011413e+01
1.475547227809780537e+01
5.970821321441846408e+00
1.409345127989185542e+01
1.150725478350318376e+01
1.372732503515539548e+01
9.965574970333758387e+00
1.241217083805063837e+01
1.484151074652385738e+01
9.097283682934460103e+00
1.220528683538465842e+01
8.368283871884004910e+00
9.965574970333758387e+00
1.117038385124011413e+01
8.956231982162769611e+00
7.136496464611084889e+00
7.569397566060480642e+00
1.215301555949299761e+01
1.286550196516137312e+01
1.058513485680245481e+01
7.653039857325811823e+00
4.787307364817191768e+00
4.787307364817191768e+00
1.117038385124011413e+01
8.136857890256438353e+00
1.172646028567007725e+01
1.210051848659980855e+01
8.593479713983121826e+00
1.028002345391383443e+01
1.381976597885341995e+01
1.271618740744904485e+01
1.301310337505149661e+01
6.180387232371033157e+00
7.484820637019110379e+00
1.372732503515539548e+01
9.965574970333758387e+00
1.377362305878664728e+01
9.965574970333758387e+00
8.136857890256438353e+00
9.706684619910241452e+00
1.117038385124011413e+01
5.046265044040320724e+00
1.111324596323282954e+01
1.178062436274634450e+01
9.965574970333758387e+00
1.344618962205996482e+01
1.040314189572019821e+01
9.836981518731869656e+00
1.058513485680245481e+01
5.863230142835038627e+00
7.978845608028653835e+00
6.863662517577697741e+00
1.167204486311898926e+01
9.965574970333758387e+00
5.753627391751591880e+00
4.918490759365934828e+00
4.222008245644752300e+00
8.740387444736633427e+00
