1.178062436274634450e+01
1.134007028277388685e+01
1.128379167095512514e+01
8.884866446580955923e+00
1.230916348999737586e+01
1.204779266504070279e+01
6.675581178124545545e+00
1.028002345391383443e+01
8.136857890256438353e+00
1.266602473693425601e+01
1.021790793990058255e+01
1.064510777218481152e+01
1.559451034962034477e+01
9.166995688475081394e+00
1.492705330360461602e+01
1.156244577056221523e+01
1.296408962885714899e+01
8.136857890256438353e+00
8.444016491289504600e+00
1.286550196516137312e+01
1.139607097042601680e+01
1.538904010394216471e+01
1.377362305878664728e+01
8.136857890256438353e+00
1.230916348999737586e+01
5.641895835477562571e+00
1.021790793990058255e+01
1.418350619798065715e+01
1.522266721510391640e+01
1.488434347843123184e+01
9.836981518731869656e+00
9.373021315815206478e+00
1.306193320280393344e+01
9.706684619910241452e+00
1.256509862862843541e+01
8.136857890256438353e+00
1.002925341359354938e+01
1.117038385124011413e+01
1.040314189572019821e+01
9.901487006738307173e+00
8.593479713983121826e+00
1.215301555949299761e+01
1.058513485680245481e+01
1.210051848659980855e+01
1.479855404066383784e+01
1.642944866646030988e+01
1.296408962885714899e+01
1.178062436274634450e+01
1.377362305878664728e+01
1.117038385124011413e+01
1.526443044094783019e+01
1.296408962885714899e+01
1.088169461344923583e+01
9.640875829802336483e+00
4.787307364817191768e+00
1.117038385124011413e+01
1.161737456321036532e+01
6.863662517577697741e+00
7.898654169668588132e+00
1.404820733880128181e+01
1.156244577056221523e+01
8.444016491289504600e+00
1.117038385124011413e+01
1.484151074652385738e+01
1.488434347843123184e+01
1.178062436274634450e+01
1.488434347843123184e+01
9.965574970333758387e+00
1.718695942796624365e+01
1.611647812414279102e+01
8.519075891779829490e+00
1.215301555949299761e+01
8.136857890256438353e+00
1.122723095552866468e+01
8.368283871884004910e+00
5.753627391751591880e+00
1.291488987023529766e+01
1.325545386523797831e+01
1.099807968464679142e+01
5.170882945826410726e+00
1.161737456321036532e+01
6.675581178124545545e+00
1.236077446474206631e+01
1.236077446474206631e+01
8.136857890256438353e+00
1.139607097042601680e+01
1.453814859003845150e+01
1.330339418036568588e+01
1.372732503515539548e+01
5.170882945826410726e+00
1.462546558286290477e+01
9.965574970333758387e+00
1.505445578434700415e+01
9.965574970333758387e+00
9.304852983362556174e+00
6.675581178124545545e+00
1.128379167095512514e+01
1.281592373849173683e+01
1.246335526484300615e+01
9.965574970333758387e+00
1.453814859003845150e+01
1.117038385124011413e+01
9.507891862878782518e+00
1.058513485680245481e+01
5.411516379806009525e+00
1.236077446474206631e+01
9.965574970333758387e+00
8.740387444736633427e+00
