1.188821220645068522e+01
1.188821220645068522e+01
1.117038385124011413e+01
9.027033336764100468e+00
1.225733520300188317e+01
1.204779266504070279e+01
1.040314189572019821e+01
4.513516668382050234e+00
8.136857890256438353e+00
1.276615297284584649e+01
1.009253008808064145e+01
1.058513485680245481e+01
1.615593100600235843e+01
9.097283682934460103e+00
1.492705330360461602e+01
1.161737456321036532e+01
1.296408962885714899e+01
7.484820637019110379e+00
8.444016491289504600e+00
1.286550196516137312e+01
1.167204486311898926e+01
1.534761596392107741e+01
1.381976597885341995e+01
7.898654169668588132e+00
1.236077446474206631e+01
1.009253008808064145e+01
1.422831991532699902e+01
1.603728119216292924e+01
1.488434347843123184e+01
9.836981518731869656e+00
9.373021315815206478e+00
1.315904928495908166e+01
1.256509862862843541e+01
9.373021315815206478e+00
8.136857890256438353e+00
1.002925341359354938e+01
1.117038385124011413e+01
1.040314189572019821e+01
9.574614729634383536e+00
8.214724333230154940e+00
1.215301555949299761e+01
1.058513485680245481e+01
1.204779266504070279e+01
1.509668435477122017e+01
1.662206308517478703e+01
1.311058116710494836e+01
1.178062436274634450e+01
1.409345127989185542e+01
1.111324596323282954e+01
1.538904010394216471e+01
1.296408962885714899e+01
1.082303275961201905e+01
9.574614729634383536e+00
1.117038385124011413e+01
1.167204486311898926e+01
5.753627391751591880e+00
8.368283871884004910e+00
1.413855043925722121e+01
1.156244577056221523e+01
8.136857890256438353e+00
1.117038385124011413e+01
1.488434347843123184e+01
1.530607971465162365e+01
1.178062436274634450e+01
1.496964127403822076e+01
9.965574970333758387e+00
1.773387063078969206e+01
1.662206308517478703e+01
7.898654169668588132e+00
1.204779266504070279e+01
7.653039857325811823e+00
1.156244577056221523e+01
8.291859587312051971e+00
1.315904928495908166e+01
1.325545386523797831e+01
1.150725478350318376e+01
1.220528683538465842e+01
5.641895835477562571e+00
1.236077446474206631e+01
1.236077446474206631e+01
8.136857890256438353e+00
1.145179781116143225e+01
1.484151074652385738e+01
1.363425735166143049e+01
1.391159267660409604e+01
1.513879513212096128e+01
9.965574970333758387e+00
1.513879513212096128e+01
9.901487006738307173e+00
9.236181543108379799e+00
1.188821220645068522e+01
5.641895835477562571e+00
1.306193320280393344e+01
1.261566261010080048e+01
1.002925341359354938e+01
1.484151074652385738e+01
1.139607097042601680e+01
9.373021315815206478e+00
1.070474469691662733e+01
1.236077446474206631e+01
9.965574970333758387e+00
8.593479713983121826e+00
3.191538243211461623e+00
