1.058513485680245481e+01
7.399277020331918919e+00
1.058513485680245481e+01
1.058513485680245481e+01
8.740387444736633427e+00
1.215301555949299761e+01
1.172646028567007725e+01
8.136857890256438353e+00
9.836981518731869656e+00
8.291859587312051971e+00
1.156244577056221523e+01
1.058513485680245481e+01
9.706684619910241452e+00
1.339876023397903637e+01
7.484820637019110379e+00
3.385137501286537898e+00
9.373021315815206478e+00
1.422831991532699902e+01
6.282549314314217703e+00
5.753627391751591880e+00
1.128379167095512514e+01
1.194164264288369282e+01
8.291859587312051971e+00
8.740387444736633427e+00
1.271618740744904485e+01
9.901487006738307173e+00
1.471226436021925466e+01
1.344618962205996482e+01
8.884866446580955923e+00
1.117038385124011413e+01
7.399277020331918919e+00
1.040314189572019821e+01
1.372732503515539548e+01
6.482044814428574497e+00
1.386575534383213970e+01
1.381976597885341995e+01
8.740387444736633427e+00
9.574614729634383536e+00
1.251433034574463399e+01
4.513516668382050234e+00
9.965574970333758387e+00
6.955796338302048021e+00
1.246335526484300615e+01
8.136857890256438353e+00
9.640875829802336483e+00
1.117038385124011413e+01
5.753627391751591880e+00
9.706684619910241452e+00
9.965574970333758387e+00
9.236181543108379799e+00
5.863230142835038627e+00
1.161737456321036532e+01
1.046415791390898242e+01
1.449429283826230197e+01
1.139607097042601680e+01
1.386575534383213970e+01
1.230916348999737586e+01
1.178062436274634450e+01
1.296408962885714899e+01
6.383076486422923246e+00
1.105581278308273596e+01
1.256509862862843541e+01
1.453814859003845150e+01
1.099807968464679142e+01
8.136857890256438353e+00
1.021790793990058255e+01
1.105581278308273596e+01
8.214724333230154940e+00
1.099807968464679142e+01
8.740387444736633427e+00
1.291488987023529766e+01
1.167204486311898926e+01
9.236181543108379799e+00
1.117038385124011413e+01
1.471226436021925466e+01
6.482044814428574497e+00
1.395727947504383337e+01
1.134007028277388685e+01
1.325545386523797831e+01
9.965574970333758387e+00
1.199483507827737583e+01
1.466892917224166482e+01
9.236181543108379799e+00
1.225733520300188317e+01
8.136857890256438353e+00
9.507891862878782518e+00
1.105581278308273596e+01
9.027033336764100468e+00
7.653039857325811823e+00
7.569397566060480642e+00
1.204779266504070279e+01
1.058513485680245481e+01
1.246335526484300615e+01
6.383076486422923246e+00
8.136857890256438353e+00
6.180387232371033157e+00
1.099807968464679142e+01
8.136857890256438353e+00
1.156244577056221523e+01
1.199483507827737583e+01
8.740387444736633427e+00
1.009253008808064145e+01
1.363425735166143049e+01
1.256509862862843541e+01
1.230916348999737586e+01
7.136496464611084889e+00
7.735777827895049086e+00
5.170882945826410726e+00
1.335116235624909109e+01
1.002925341359354938e+01
1.344618962205996482e+01
9.965574970333758387e+00
8.136857890256438353e+00
9.901487006738307173e+00
1.105581278308273596e+01
6.282549314314217703e+00
1.046415791390898242e+01
1.178062436274634450e+01
9.836981518731869656e+00
1.315904928495908166e+01
1.021790793990058255e+01
4.222008245644752300e+00
9.507891862878782518e+00
1.046415791390898242e+01
6.383076486422923246e+00
8.136857890256438353e+00
7.312732791431452384e+00
1.150725478350318376e+01
9.965574970333758387e+00
6.955796338302048021e+00
5.753627391751591880e+00
5.970821321441846408e+00
8.884866446580955923e+00
1.046415791390898242e+01
