1.266602473693425601e+01
1.236077446474206631e+01
1.117038385124011413e+01
9.836981518731869656e+00
1.199483507827737583e+01
1.215301555949299761e+01
1.034176589165282145e+01
7.225151993843566878e+00
1.286550196516137312e+01
1.009253008808064145e+01
1.058513485680245481e+01
1.677456227108388731e+01
8.740387444736633427e+00
1.492705330360461602e+01
1.178062436274634450e+01
1.330339418036568588e+01
8.136857890256438353e+00
5.753627391751591880e+00
1.286550196516137312e+01
1.178062436274634450e+01
1.538904010394216471e+01
1.395727947504383337e+01
1.286550196516137312e+01
6.770275002573075795e+00
9.965574970333758387e+00
1.427299292922216978e+01
1.681247093473193388e+01
1.496964127403822076e+01
9.965574970333758387e+00
9.373021315815206478e+00
1.325545386523797831e+01
1.261566261010080048e+01
9.373021315815206478e+00
6.863662517577697741e+00
9.965574970333758387e+00
1.117038385124011413e+01
1.034176589165282145e+01
9.027033336764100468e+00
8.058239062071395509e+00
1.194164264288369282e+01
1.058513485680245481e+01
1.751715531361111644e+01
1.220528683538465842e+01
1.559451034962034477e+01
1.315904928495908166e+01
1.178062436274634450e+01
1.466892917224166482e+01
1.105581278308273596e+01
1.538904010394216471e+01
1.306193320280393344e+01
1.076405121554611632e+01
8.593479713983121826e+00
1.117038385124011413e+01
1.167204486311898926e+01
7.225151993843566878e+00
1.436192209445157708e+01
1.167204486311898926e+01
6.955796338302048021e+00
1.167204486311898926e+01
1.488434347843123184e+01
1.575695754970980111e+01
1.178062436274634450e+01
1.530607971465162365e+01
9.965574970333758387e+00
1.833399137695016279e+01
1.744431859350498826e+01
6.863662517577697741e+00
1.194164264288369282e+01
1.178062436274634450e+01
6.482044814428574497e+00
6.863662517577697741e+00
1.325545386523797831e+01
1.315904928495908166e+01
1.210051848659980855e+01
1.220528683538465842e+01
1.236077446474206631e+01
1.256509862862843541e+01
7.898654169668588132e+00
1.128379167095512514e+01
1.505445578434700415e+01
1.400281721259029588e+01
1.475547227809780537e+01
1.551264883747923129e+01
9.965574970333758387e+00
1.538904010394216471e+01
9.574614729634383536e+00
8.444016491289504600e+00
1.204779266504070279e+01
1.306193320280393344e+01
1.261566261010080048e+01
1.058513485680245481e+01
1.534761596392107741e+01
1.122723095552866468e+01
9.373021315815206478e+00
1.105581278308273596e+01
1.256509862862843541e+01
9.836981518731869656e+00
8.136857890256438353e+00
