1.188821220645068522e+01
1.111324596323282954e+01
1.034176589165282145e+01
1.194164264288369282e+01
1.194164264288369282e+01
1.028002345391383443e+01
1.325545386523797831e+01
1.064510777218481152e+01
1.718695942796624365e+01
9.706684619910241452e+00
8.740387444736633427e+00
1.505445578434700415e+01
1.236077446474206631e+01
1.449429283826230197e+01
1.296408962885714899e+01
5.753627391751591880e+00
1.178062436274634450e+01
1.595769121605730767e+01
1.418350619798065715e+01
1.372732503515539548e+01
8.884866446580955923e+00
1.445030398768713376e+01
1.822952333923949553e+01
1.551264883747923129e+01
1.105581278308273596e+01
9.097283682934460103e+00
1.335116235624909109e+01
1.291488987023529766e+01
8.136857890256438353e+00
9.574614729634383536e+00
1.117038385124011413e+01
9.836981518731869656e+00
5.170882945826410726e+00
3.568248232305542444e+00
1.183454054540639433e+01
1.058513485680245481e+01
1.874604263163041296e+01
1.714987856615383066e+01
1.225733520300188317e+01
1.344618962205996482e+01
1.178062436274634450e+01
1.639065416446577927e+01
1.094004191971426110e+01
1.567594437773643001e+01
1.413855043925722121e+01
1.070474469691662733e+01
1.117038385124011413e+01
1.167204486311898926e+01
1.128379167095512559e+00
1.501210842680413826e+01
1.134007028277388685e+01
1.161737456321036532e+01
1.496964127403822076e+01
1.762584604821509515e+01
1.178062436274634450e+01
1.575695754970980111e+01
1.058513485680245481e+01
1.954410047611679602e+01
1.911595536035255805e+01
1.183454054540639433e+01
1.225733520300188317e+01
1.386575534383213970e+01
1.311058116710494836e+01
1.349345229721172146e+01
1.188821220645068522e+01
1.236077446474206631e+01
1.266602473693425601e+01
1.591774699517169012e+01
1.094004191971426110e+01
1.431752655671925822e+01
1.505445578434700415e+01
1.642944866646030988e+01
9.166995688475081394e+00
1.599753570059363028e+01
7.978845608028653835e+00
1.210051848659980855e+01
4.787307364817191768e+00
1.315904928495908166e+01
1.276615297284584649e+01
1.711271735549580697e+01
1.058513485680245481e+01
1.070474469691662733e+01
7.225151993843566878e+00
1.099807968464679142e+01
1.256509862862843541e+01
9.373021315815206478e+00
