1.286550196516137312e+01
1.220528683538465842e+01
1.111324596323282954e+01
9.965574970333758387e+00
1.194164264288369282e+01
1.215301555949299761e+01
1.034176589165282145e+01
1.325545386523797831e+01
5.970821321441846408e+00
1.002925341359354938e+01
1.058513485680245481e+01
1.696325844612841038e+01
8.740387444736633427e+00
1.496964127403822076e+01
1.204779266504070279e+01
1.372732503515539548e+01
7.898654169668588132e+00
1.296408962885714899e+01
1.178062436274634450e+01
1.547155565579009817e+01
1.413855043925722121e+01
1.339876023397903637e+01
4.652426491681278087e+00
9.836981518731869656e+00
1.431752655671925822e+01
1.718695942796624365e+01
1.526443044094783019e+01
1.034176589165282145e+01
9.373021315815206478e+00
1.335116235624909109e+01
1.266602473693425601e+01
9.027033336764100468e+00
5.170882945826410726e+00
9.901487006738307173e+00
1.117038385124011413e+01
1.021790793990058255e+01
8.136857890256438353e+00
7.046725639945927711e+00
1.194164264288369282e+01
1.058513485680245481e+01
1.773387063078969206e+01
1.225733520300188317e+01
1.599753570059363028e+01
1.315904928495908166e+01
1.178062436274634450e+01
1.492705330360461602e+01
1.105581278308273596e+01
1.538904010394216471e+01
1.344618962205996482e+01
1.070474469691662733e+01
8.136857890256438353e+00
1.117038385124011413e+01
1.167204486311898926e+01
5.753627391751591880e+00
1.440618081907316395e+01
1.167204486311898926e+01
5.753627391751591880e+00
1.167204486311898926e+01
1.496964127403822076e+01
1.619528777809902209e+01
1.178062436274634450e+01
1.534761596392107741e+01
1.046415791390898242e+01
1.888139487765259261e+01
1.826441241104166124e+01
4.222008245644752300e+00
1.194164264288369282e+01
1.194164264288369282e+01
3.908820095223359381e+00
1.358748446131948917e+01
2.985410660720923204e+00
1.315904928495908166e+01
1.246335526484300615e+01
1.210051848659980855e+01
1.236077446474206631e+01
1.251433034574463399e+01
1.122723095552866468e+01
1.538904010394216471e+01
6.955796338302048021e+00
1.422831991532699902e+01
1.484151074652385738e+01
1.571650316319191809e+01
9.772050238058398008e+00
1.543035303761632804e+01
9.097283682934460103e+00
7.817640190446718762e+00
1.204779266504070279e+01
1.306193320280393344e+01
1.261566261010080048e+01
1.058513485680245481e+01
1.551264883747923129e+01
1.105581278308273596e+01
8.740387444736633427e+00
1.105581278308273596e+01
1.261566261010080048e+01
9.772050238058398008e+00
7.569397566060480642e+00
