1.344618962205996482e+01
1.204779266504070279e+01
1.111324596323282954e+01
1.009253008808064145e+01
1.194164264288369282e+01
1.194164264288369282e+01
1.028002345391383443e+01
1.330339418036568588e+01
2.985410660720923204e+00
9.965574970333758387e+00
1.058513485680245481e+01
1.707547527140466670e+01
8.812923024107547576e+00
1.501210842680413826e+01
1.230916348999737586e+01
1.395727947504383337e+01
7.136496464611084889e+00
1.296408962885714899e+01
1.178062436274634450e+01
1.575695754970980111e+01
1.413855043925722121e+01
1.358748446131948917e+01
9.640875829802336483e+00
1.436192209445157708e+01
1.758969042850511855e+01
1.543035303761632804e+01
1.094004191971426110e+01
9.373021315815206478e+00
1.335116235624909109e+01
1.286550196516137312e+01
8.740387444736633427e+00
9.901487006738307173e+00
1.117038385124011413e+01
1.021790793990058255e+01
7.569397566060480642e+00
6.482044814428574497e+00
1.188821220645068522e+01
1.058513485680245481e+01
1.819456736586892021e+01
1.639065416446577927e+01
1.225733520300188317e+01
1.325545386523797831e+01
1.178062436274634450e+01
1.563528038089343752e+01
1.105581278308273596e+01
1.555363345008750464e+01
1.377362305878664728e+01
1.070474469691662733e+01
7.046725639945927711e+00
1.117038385124011413e+01
1.172646028567007725e+01
1.471226436021925466e+01
1.595769121605730811e+00
1.145179781116143225e+01
1.172646028567007725e+01
1.496964127403822076e+01
1.722396045987370883e+01
1.178062436274634450e+01
1.555363345008750464e+01
1.058513485680245481e+01
1.918244584062371416e+01
1.894870844187845549e+01
1.194164264288369282e+01
1.220528683538465842e+01
1.381976597885341995e+01
1.315904928495908166e+01
1.296408962885714899e+01
1.194164264288369282e+01
1.236077446474206631e+01
1.256509862862843541e+01
1.571650316319191809e+01
1.117038385124011413e+01
5.527906391541367981e+00
1.427299292922216978e+01
1.492705330360461602e+01
1.583755632390385770e+01
9.574614729634383536e+00
1.559451034962034477e+01
8.740387444736633427e+00
1.210051848659980855e+01
6.955796338302048021e+00
1.311058116710494836e+01
1.271618740744904485e+01
1.058513485680245481e+01
1.599753570059363028e+01
1.094004191971426110e+01
8.214724333230154940e+00
1.099807968464679142e+01
1.266602473693425601e+01
9.373021315815206478e+00
6.383076486422923246e+00
