1.145179781116143225e+01
1.070474469691662733e+01
4.513516668382050234e+00
1.139607097042601680e+01
8.884866446580955923e+00
1.230916348999737586e+01
1.188821220645068522e+01
7.136496464611084889e+00
1.021790793990058255e+01
8.136857890256438353e+00
1.246335526484300615e+01
1.058513485680245481e+01
1.058513485680245481e+01
1.492705330360461602e+01
4.918490759365934828e+00
9.373021315815206478e+00
1.466892917224166482e+01
1.150725478350318376e+01
1.261566261010080048e+01
8.593479713983121826e+00
8.593479713983121826e+00
1.296408962885714899e+01
1.099807968464679142e+01
1.505445578434700415e+01
1.368087033328175828e+01
8.444016491289504600e+00
1.204779266504070279e+01
6.383076486422923246e+00
1.046415791390898242e+01
1.418350619798065715e+01
2.763953195770683990e+00
1.488434347843123184e+01
1.471226436021925466e+01
9.373021315815206478e+00
9.373021315815206478e+00
1.301310337505149661e+01
9.836981518731869656e+00
1.266602473693425601e+01
8.136857890256438353e+00
1.009253008808064145e+01
1.117038385124011413e+01
1.046415791390898242e+01
1.028002345391383443e+01
8.740387444736633427e+00
1.220528683538465842e+01
1.058513485680245481e+01
1.204779266504070279e+01
1.449429283826230197e+01
1.607692842495848140e+01
1.296408962885714899e+01
1.178062436274634450e+01
1.358748446131948917e+01
1.117038385124011413e+01
1.505445578434700415e+01
1.296408962885714899e+01
1.105581278308273596e+01
9.836981518731869656e+00
6.282549314314217703e+00
1.117038385124011413e+01
1.167204486311898926e+01
7.653039857325811823e+00
8.291859587312051971e+00
1.377362305878664728e+01
1.161737456321036532e+01
9.027033336764100468e+00
1.117038385124011413e+01
1.484151074652385738e+01
1.440618081907316395e+01
1.178062436274634450e+01
1.445030398768713376e+01
9.965574970333758387e+00
1.662206308517478703e+01
1.559451034962034477e+01
8.740387444736633427e+00
1.215301555949299761e+01
8.291859587312051971e+00
1.117038385124011413e+01
8.740387444736633427e+00
4.068428945128219176e+00
6.770275002573075795e+00
1.266602473693425601e+01
1.306193320280393344e+01
1.070474469691662733e+01
6.863662517577697741e+00
1.117038385124011413e+01
7.399277020331918919e+00
1.236077446474206631e+01
1.236077446474206631e+01
8.136857890256438353e+00
1.139607097042601680e+01
1.418350619798065715e+01
1.286550196516137312e+01
1.339876023397903637e+01
6.675581178124545545e+00
1.445030398768713376e+01
9.965574970333758387e+00
1.458187244392064308e+01
1.009253008808064145e+01
9.440697438826296306e+00
7.484820637019110379e+00
1.117038385124011413e+01
1.256509862862843541e+01
1.204779266504070279e+01
9.965574970333758387e+00
1.400281721259029588e+01
1.099807968464679142e+01
9.836981518731869656e+00
1.058513485680245481e+01
6.955796338302048021e+00
1.236077446474206631e+01
5.170882945826410726e+00
9.965574970333758387e+00
8.740387444736633427e+00
