1.391159267660409604e+01
1.194164264288369282e+01
1.111324596323282954e+01
1.028002345391383443e+01
1.194164264288369282e+01
1.194164264288369282e+01
1.028002345391383443e+01
1.325545386523797831e+01
9.965574970333758387e+00
1.058513485680245481e+01
1.711271735549580697e+01
8.812923024107547576e+00
1.505445578434700415e+01
1.236077446474206631e+01
1.404820733880128181e+01
1.296408962885714899e+01
6.863662517577697741e+00
1.178062436274634450e+01
1.583755632390385770e+01
1.413855043925722121e+01
1.363425735166143049e+01
9.440697438826296306e+00
1.436192209445157708e+01
1.787688803255549530e+01
1.547155565579009817e+01
1.099807968464679142e+01
9.304852983362556174e+00
1.335116235624909109e+01
1.286550196516137312e+01
8.519075891779829490e+00
9.640875829802336483e+00
1.117038385124011413e+01
1.009253008808064145e+01
6.955796338302048021e+00
6.383076486422923246e+00
1.188821220645068522e+01
1.058513485680245481e+01
1.843786751347043307e+01
1.673656774376800982e+01
1.225733520300188317e+01
1.335116235624909109e+01
1.178062436274634450e+01
1.579730833933717626e+01
1.094004191971426110e+01
1.555363345008750464e+01
1.395727947504383337e+01
1.070474469691662733e+01
6.180387232371033157e+00
1.117038385124011413e+01
1.178062436274634450e+01
1.492705330360461602e+01
1.134007028277388685e+01
1.172646028567007725e+01
1.496964127403822076e+01
1.744431859350498826e+01
1.178062436274634450e+01
1.563528038089343752e+01
1.058513485680245481e+01
1.938054864282414869e+01
1.904923279949933956e+01
1.188821220645068522e+01
1.236077446474206631e+01
1.381976597885341995e+01
1.315904928495908166e+01
1.306193320280393344e+01
1.188821220645068522e+01
1.236077446474206631e+01
1.266602473693425601e+01
1.583755632390385770e+01
1.117038385124011413e+01
1.431752655671925822e+01
3.191538243211461623e+00
1.492705330360461602e+01
1.611647812414279102e+01
9.574614729634383536e+00
1.583755632390385770e+01
8.667244841319218907e+00
1.210051848659980855e+01
6.675581178124545545e+00
1.311058116710494836e+01
1.271618740744904485e+01
1.627371578051287671e+01
1.058513485680245481e+01
1.082303275961201905e+01
7.978845608028653835e+00
1.099807968464679142e+01
1.256509862862843541e+01
9.373021315815206478e+00
5.641895835477562571e+00
