1.188821220645068522e+01
1.099807968464679142e+01
1.028002345391383443e+01
1.194164264288369282e+01
1.194164264288369282e+01
1.028002345391383443e+01
1.325545386523797831e+01
1.088169461344923583e+01
1.718695942796624365e+01
9.640875829802336483e+00
8.136857890256438353e+00
1.505445578434700415e+01
1.236077446474206631e+01
1.466892917224166482e+01
1.296408962885714899e+01
4.222008245644752300e+00
1.178062436274634450e+01
1.607692842495848140e+01
1.436192209445157708e+01
1.372732503515539548e+01
8.740387444736633427e+00
1.445030398768713376e+01
1.884764794294265400e+01
1.555363345008750464e+01
1.117038385124011413e+01
9.027033336764100468e+00
1.335116235624909109e+01
1.296408962885714899e+01
8.136857890256438353e+00
9.304852983362556174e+00
1.117038385124011413e+01
9.901487006738307173e+00
2.256758334191025117e+00
1.178062436274634450e+01
1.058513485680245481e+01
1.904923279949933956e+01
1.740778594902202769e+01
1.225733520300188317e+01
1.349345229721172146e+01
1.178062436274634450e+01
1.681247093473193388e+01
1.088169461344923583e+01
1.575695754970980111e+01
1.413855043925722121e+01
1.058513485680245481e+01
1.117038385124011413e+01
1.167204486311898926e+01
1.505445578434700415e+01
1.128379167095512514e+01
1.156244577056221523e+01
1.496964127403822076e+01
1.773387063078969206e+01
1.204779266504070279e+01
1.583755632390385770e+01
1.058513485680245481e+01
1.954410047611679602e+01
1.928175165960467297e+01
1.183454054540639433e+01
1.215301555949299761e+01
1.391159267660409604e+01
1.311058116710494836e+01
1.344618962205996482e+01
1.188821220645068522e+01
1.236077446474206631e+01
1.271618740744904485e+01
1.611647812414279102e+01
1.058513485680245481e+01
1.440618081907316395e+01
1.518078909665319287e+01
1.646815177937675045e+01
8.956231982162769611e+00
1.599753570059363028e+01
7.484820637019110379e+00
1.215301555949299761e+01
1.320733953636073110e+01
1.301310337505149661e+01
1.737117647432762624e+01
1.058513485680245481e+01
1.070474469691662733e+01
6.482044814428574497e+00
1.099807968464679142e+01
1.266602473693425601e+01
9.373021315815206478e+00
