1.178062436274634450e+01
1.122723095552866468e+01
1.134007028277388685e+01
8.884866446580955923e+00
1.230916348999737586e+01
1.204779266504070279e+01
6.770275002573075795e+00
1.028002345391383443e+01
8.136857890256438353e+00
1.261566261010080048e+01
1.034176589165282145e+01
1.070474469691662733e+01
1.551264883747923129e+01
9.236181543108379799e+00
1.484151074652385738e+01
1.156244577056221523e+01
1.296408962885714899e+01
8.136857890256438353e+00
8.519075891779829490e+00
1.286550196516137312e+01
1.128379167095512514e+01
1.530607971465162365e+01
1.377362305878664728e+01
8.136857890256438353e+00
1.230916348999737586e+01
5.970821321441846408e+00
1.028002345391383443e+01
1.418350619798065715e+01
1.518078909665319287e+01
1.488434347843123184e+01
9.836981518731869656e+00
9.373021315815206478e+00
1.306193320280393344e+01
9.772050238058398008e+00
1.256509862862843541e+01
8.136857890256438353e+00
1.009253008808064145e+01
1.117038385124011413e+01
1.034176589165282145e+01
9.901487006738307173e+00
8.740387444736633427e+00
1.215301555949299761e+01
1.058513485680245481e+01
1.204779266504070279e+01
1.475547227809780537e+01
1.639065416446577927e+01
1.296408962885714899e+01
1.178062436274634450e+01
1.377362305878664728e+01
1.117038385124011413e+01
1.518078909665319287e+01
1.296408962885714899e+01
1.094004191971426110e+01
9.640875829802336483e+00
5.170882945826410726e+00
1.117038385124011413e+01
1.156244577056221523e+01
7.046725639945927711e+00
7.978845608028653835e+00
1.395727947504383337e+01
1.156244577056221523e+01
8.444016491289504600e+00
1.117038385124011413e+01
1.484151074652385738e+01
1.492705330360461602e+01
1.178062436274634450e+01
1.484151074652385738e+01
9.965574970333758387e+00
1.707547527140466670e+01
1.607692842495848140e+01
8.667244841319218907e+00
1.215301555949299761e+01
8.136857890256438353e+00
1.117038385124011413e+01
8.368283871884004910e+00
5.753627391751591880e+00
1.291488987023529766e+01
1.325545386523797831e+01
1.088169461344923583e+01
5.527906391541367981e+00
1.156244577056221523e+01
7.046725639945927711e+00
1.236077446474206631e+01
1.236077446474206631e+01
8.136857890256438353e+00
1.139607097042601680e+01
1.449429283826230197e+01
1.320733953636073110e+01
1.363425735166143049e+01
5.170882945826410726e+00
1.462546558286290477e+01
9.965574970333758387e+00
1.496964127403822076e+01
9.965574970333758387e+00
9.304852983362556174e+00
7.046725639945927711e+00
1.128379167095512514e+01
1.271618740744904485e+01
1.225733520300188317e+01
9.965574970333758387e+00
1.453814859003845150e+01
1.105581278308273596e+01
9.640875829802336483e+00
1.058513485680245481e+01
5.753627391751591880e+00
1.236077446474206631e+01
9.965574970333758387e+00
8.740387444736633427e+00
