1.183454054540639433e+01
1.099807968464679142e+01
1.028002345391383443e+01
1.194164264288369282e+01
1.194164264288369282e+01
1.028002345391383443e+01
1.325545386523797831e+01
1.099807968464679142e+01
1.718695942796624365e+01
9.640875829802336483e+00
8.136857890256438353e+00
1.505445578434700415e+01
1.236077446474206631e+01
1.471226436021925466e+01
1.296408962885714899e+01
2.985410660720923204e+00
1.178062436274634450e+01
1.607692842495848140e+01
1.431752655671925822e+01
1.372732503515539548e+01
8.740387444736633427e+00
1.445030398768713376e+01
1.898227571077954323e+01
1.555363345008750464e+01
1.117038385124011413e+01
9.027033336764100468e+00
1.339876023397903637e+01
1.296408962885714899e+01
8.136857890256438353e+00
9.097283682934460103e+00
1.117038385124011413e+01
9.901487006738307173e+00
1.178062436274634450e+01
1.058513485680245481e+01
1.931474013823128644e+01
1.740778594902202769e+01
1.225733520300188317e+01
1.349345229721172146e+01
1.178062436274634450e+01
1.685029431422315938e+01
1.088169461344923583e+01
1.579730833933717626e+01
1.413855043925722121e+01
1.058513485680245481e+01
1.117038385124011413e+01
1.161737456321036532e+01
1.505445578434700415e+01
1.122723095552866468e+01
1.156244577056221523e+01
1.496964127403822076e+01
1.773387063078969206e+01
1.199483507827737583e+01
1.583755632390385770e+01
1.058513485680245481e+01
1.951149978540382790e+01
1.938054864282414869e+01
1.183454054540639433e+01
1.215301555949299761e+01
1.391159267660409604e+01
1.311058116710494836e+01
1.339876023397903637e+01
1.188821220645068522e+01
1.236077446474206631e+01
1.271618740744904485e+01
1.627371578051287671e+01
1.058513485680245481e+01
1.440618081907316395e+01
1.526443044094783019e+01
1.646815177937675045e+01
8.812923024107547576e+00
1.599753570059363028e+01
7.312732791431452384e+00
1.215301555949299761e+01
1.320733953636073110e+01
1.306193320280393344e+01
1.744431859350498826e+01
1.058513485680245481e+01
1.070474469691662733e+01
6.076507779746498805e+00
1.094004191971426110e+01
1.266602473693425601e+01
9.373021315815206478e+00
