8.812923024107547576e+00
1.117038385124011413e+01
1.271618740744904485e+01
1.409345127989185542e+01
1.261566261010080048e+01
9.901487006738307173e+00
1.178062436274634450e+01
6.076507779746498805e+00
1.496964127403822076e+01
7.569397566060480642e+00
1.236077446474206631e+01
9.304852983362556174e+00
9.640875829802336483e+00
1.354055000514615159e+01
1.058513485680245481e+01
1.286550196516137312e+01
9.236181543108379799e+00
1.058513485680245481e+01
1.139607097042601680e+01
6.863662517577697741e+00
9.965574970333758387e+00
1.178062436274634450e+01
1.266602473693425601e+01
9.440697438826296306e+00
6.076507779746498805e+00
1.220528683538465842e+01
1.058513485680245481e+01
7.898654169668588132e+00
1.306193320280393344e+01
1.128379167095512514e+01
3.191538243211461623e+00
1.178062436274634450e+01
1.128379167095512514e+01
1.404820733880128181e+01
7.817640190446718762e+00
1.040314189572019821e+01
1.335116235624909109e+01
1.156244577056221523e+01
7.978845608028653835e+00
5.170882945826410726e+00
1.215301555949299761e+01
1.296408962885714899e+01
1.372732503515539548e+01
1.058513485680245481e+01
9.901487006738307173e+00
1.320733953636073110e+01
1.117038385124011413e+01
1.344618962205996482e+01
1.058513485680245481e+01
7.136496464611084889e+00
1.391159267660409604e+01
1.058513485680245481e+01
4.652426491681278087e+00
9.373021315815206478e+00
8.956231982162769611e+00
9.965574970333758387e+00
9.965574970333758387e+00
1.167204486311898926e+01
1.409345127989185542e+01
1.505445578434700415e+01
8.444016491289504600e+00
9.965574970333758387e+00
5.753627391751591880e+00
7.653039857325811823e+00
1.296408962885714899e+01
1.335116235624909109e+01
1.117038385124011413e+01
1.236077446474206631e+01
7.817640190446718762e+00
6.863662517577697741e+00
1.466892917224166482e+01
4.370193722368316713e+00
9.373021315815206478e+00
1.178062436274634450e+01
1.236077446474206631e+01
7.817640190446718762e+00
8.444016491289504600e+00
1.251433034574463399e+01
1.358748446131948917e+01
1.436192209445157708e+01
1.296408962885714899e+01
1.320733953636073110e+01
6.863662517577697741e+00
1.128379167095512514e+01
1.117038385124011413e+01
7.569397566060480642e+00
9.373021315815206478e+00
6.955796338302048021e+00
6.955796338302048021e+00
8.291859587312051971e+00
1.325545386523797831e+01
1.286550196516137312e+01
1.492705330360461602e+01
4.513516668382050234e+00
7.136496464611084889e+00
1.236077446474206631e+01
1.286550196516137312e+01
1.256509862862843541e+01
1.567594437773643001e+01
1.082303275961201905e+01
8.740387444736633427e+00
1.339876023397903637e+01
1.058513485680245481e+01
9.304852983362556174e+00
9.373021315815206478e+00
1.199483507827737583e+01
9.965574970333758387e+00
1.422831991532699902e+01
3.385137501286537898e+00
1.445030398768713376e+01
8.740387444736633427e+00
1.241217083805063837e+01
1.358748446131948917e+01
7.569397566060480642e+00
1.391159267660409604e+01
1.183454054540639433e+01
1.335116235624909109e+01
7.225151993843566878e+00
9.373021315815206478e+00
1.422831991532699902e+01
1.281592373849173683e+01
1.058513485680245481e+01
1.261566261010080048e+01
