1.623454913941802857e+01
1.105581278308273596e+01
1.354055000514615159e+01
4.652426491681278087e+00
1.266602473693425601e+01
9.097283682934460103e+00
1.236077446474206631e+01
1.603728119216292924e+01
1.391159267660409604e+01
8.136857890256438353e+00
9.373021315815206478e+00
1.488434347843123184e+01
1.058513485680245481e+01
1.354055000514615159e+01
7.817640190446718762e+00
1.058513485680245481e+01
1.178062436274634450e+01
1.306193320280393344e+01
9.507891862878782518e+00
1.335116235624909109e+01
9.640875829802336483e+00
1.236077446474206631e+01
1.058513485680245481e+01
1.453814859003845150e+01
1.172646028567007725e+01
1.178062436274634450e+01
1.261566261010080048e+01
1.583755632390385770e+01
1.099807968464679142e+01
1.479855404066383784e+01
1.134007028277388685e+01
1.225733520300188317e+01
1.286550196516137312e+01
1.543035303761632804e+01
1.111324596323282954e+01
1.466892917224166482e+01
8.519075891779829490e+00
1.479855404066383784e+01
1.117038385124011413e+01
1.052482020710848865e+01
1.583755632390385770e+01
1.034176589165282145e+01
8.812923024107547576e+00
8.291859587312051971e+00
9.166995688475081394e+00
1.088169461344923583e+01
1.236077446474206631e+01
1.422831991532699902e+01
1.161737456321036532e+01
1.737117647432762624e+01
1.513879513212096128e+01
1.276615297284584649e+01
3.568248232305542444e+00
1.386575534383213970e+01
1.215301555949299761e+01
1.650676414605009157e+01
1.261566261010080048e+01
8.136857890256438353e+00
1.311058116710494836e+01
1.475547227809780537e+01
1.445030398768713376e+01
4.222008245644752300e+00
1.587770228520368221e+01
1.488434347843123184e+01
1.386575534383213970e+01
1.306193320280393344e+01
1.117038385124011413e+01
8.136857890256438353e+00
9.166995688475081394e+00
1.413855043925722121e+01
1.325545386523797831e+01
1.707547527140466670e+01
1.236077446474206631e+01
1.413855043925722121e+01
1.296408962885714899e+01
1.722396045987370883e+01
1.099807968464679142e+01
1.418350619798065715e+01
1.064510777218481152e+01
9.236181543108379799e+00
7.046725639945927711e+00
1.368087033328175828e+01
1.034176589165282145e+01
1.436192209445157708e+01
1.563528038089343752e+01
1.440618081907316395e+01
1.458187244392064308e+01
1.427299292922216978e+01
1.281592373849173683e+01
1.479855404066383784e+01
6.955796338302048021e+00
1.530607971465162365e+01
1.315904928495908166e+01
1.034176589165282145e+01
7.484820637019110379e+00
