6.579524642479540830e+00
9.373021315815206478e+00
1.117038385124011413e+01
1.286550196516137312e+01
1.210051848659980855e+01
6.383076486422923246e+00
1.161737456321036532e+01
9.965574970333758387e+00
7.312732791431452384e+00
1.178062436274634450e+01
6.863662517577697741e+00
1.427299292922216978e+01
8.136857890256438353e+00
9.304852983362556174e+00
9.507891862878782518e+00
1.070474469691662733e+01
1.325545386523797831e+01
1.058513485680245481e+01
1.236077446474206631e+01
9.373021315815206478e+00
1.058513485680245481e+01
1.076405121554611632e+01
7.735777827895049086e+00
9.965574970333758387e+00
1.167204486311898926e+01
3.385137501286537898e+00
1.225733520300188317e+01
8.740387444736633427e+00
7.484820637019110379e+00
1.178062436274634450e+01
1.070474469691662733e+01
8.136857890256438353e+00
3.908820095223359381e+00
7.399277020331918919e+00
1.236077446474206631e+01
1.058513485680245481e+01
5.863230142835038627e+00
1.105581278308273596e+01
1.046415791390898242e+01
1.315904928495908166e+01
8.740387444736633427e+00
1.296408962885714899e+01
9.574614729634383536e+00
1.122723095552866468e+01
4.222008245644752300e+00
8.368283871884004910e+00
7.136496464611084889e+00
1.215301555949299761e+01
1.266602473693425601e+01
1.325545386523797831e+01
9.965574970333758387e+00
9.901487006738307173e+00
1.251433034574463399e+01
1.122723095552866468e+01
1.296408962885714899e+01
1.009253008808064145e+01
8.136857890256438353e+00
1.344618962205996482e+01
1.058513485680245481e+01
7.225151993843566878e+00
9.507891862878782518e+00
8.740387444736633427e+00
9.901487006738307173e+00
6.383076486422923246e+00
9.901487006738307173e+00
1.117038385124011413e+01
1.386575534383213970e+01
8.368283871884004910e+00
9.772050238058398008e+00
7.569397566060480642e+00
8.136857890256438353e+00
1.436192209445157708e+01
1.276615297284584649e+01
1.286550196516137312e+01
1.058513485680245481e+01
1.230916348999737586e+01
8.740387444736633427e+00
7.569397566060480642e+00
7.136496464611084889e+00
1.400281721259029588e+01
9.507891862878782518e+00
1.178062436274634450e+01
1.183454054540639433e+01
8.884866446580955923e+00
8.291859587312051971e+00
1.183454054540639433e+01
1.236077446474206631e+01
1.372732503515539548e+01
1.241217083805063837e+01
6.076507779746498805e+00
7.978845608028653835e+00
1.261566261010080048e+01
1.064510777218481152e+01
6.579524642479540830e+00
1.076405121554611632e+01
7.484820637019110379e+00
8.368283871884004910e+00
9.373021315815206478e+00
7.484820637019110379e+00
8.519075891779829490e+00
1.220528683538465842e+01
1.236077446474206631e+01
6.770275002573075795e+00
5.046265044040320724e+00
1.377362305878664728e+01
7.312732791431452384e+00
1.178062436274634450e+01
1.225733520300188317e+01
1.178062436274634450e+01
1.466892917224166482e+01
1.015541250385961369e+01
5.970821321441846408e+00
9.236181543108379799e+00
1.070474469691662733e+01
5.863230142835038627e+00
1.281592373849173683e+01
6.383076486422923246e+00
8.740387444736633427e+00
8.593479713983121826e+00
1.088169461344923583e+01
9.965574970333758387e+00
1.330339418036568588e+01
7.046725639945927711e+00
4.652426491681278087e+00
1.335116235624909109e+01
8.444016491289504600e+00
1.134007028277388685e+01
5.527906391541367981e+00
1.256509862862843541e+01
8.136857890256438353e+00
1.354055000514615159e+01
3.908820095223359381e+00
1.117038385124011413e+01
1.236077446474206631e+01
8.136857890256438353e+00
9.965574970333758387e+00
6.863662517577697741e+00
1.236077446474206631e+01
1.058513485680245481e+01
1.236077446474206631e+01
6.076507779746498805e+00
1.230916348999737586e+01
