7.399277020331918919e+00
9.373021315815206478e+00
1.117038385124011413e+01
1.178062436274634450e+01
1.070474469691662733e+01
6.955796338302048021e+00
4.918490759365934828e+00
1.117038385124011413e+01
8.136857890256438353e+00
9.901487006738307173e+00
1.178062436274634450e+01
5.170882945826410726e+00
7.484820637019110379e+00
1.377362305878664728e+01
8.136857890256438353e+00
8.812923024107547576e+00
9.097283682934460103e+00
9.772050238058398008e+00
1.286550196516137312e+01
1.058513485680245481e+01
1.167204486311898926e+01
9.373021315815206478e+00
1.058513485680245481e+01
1.058513485680245481e+01
8.136857890256438353e+00
1.009253008808064145e+01
1.088169461344923583e+01
6.579524642479540830e+00
8.136857890256438353e+00
1.117038385124011413e+01
8.519075891779829490e+00
6.955796338302048021e+00
1.139607097042601680e+01
9.640875829802336483e+00
8.136857890256438353e+00
8.136857890256438353e+00
1.122723095552866468e+01
1.052482020710848865e+01
6.863662517577697741e+00
6.180387232371033157e+00
1.070474469691662733e+01
1.040314189572019821e+01
5.170882945826410726e+00
4.513516668382050234e+00
1.271618740744904485e+01
8.740387444736633427e+00
9.507891862878782518e+00
1.210051848659980855e+01
6.675581178124545545e+00
1.034176589165282145e+01
8.593479713983121826e+00
7.225151993843566878e+00
1.215301555949299761e+01
1.236077446474206631e+01
1.266602473693425601e+01
9.640875829802336483e+00
9.507891862878782518e+00
1.105581278308273596e+01
1.117038385124011413e+01
1.236077446474206631e+01
9.373021315815206478e+00
6.383076486422923246e+00
8.444016491289504600e+00
1.215301555949299761e+01
8.136857890256438353e+00
1.046415791390898242e+01
5.170882945826410726e+00
9.507891862878782518e+00
8.740387444736633427e+00
9.373021315815206478e+00
3.385137501286537898e+00
4.918490759365934828e+00
6.383076486422923246e+00
9.373021315815206478e+00
1.117038385124011413e+01
6.675581178124545545e+00
5.970821321441846408e+00
8.444016491289504600e+00
9.640875829802336483e+00
7.817640190446718762e+00
1.320733953636073110e+01
8.667244841319218907e+00
1.330339418036568588e+01
1.246335526484300615e+01
1.058513485680245481e+01
1.210051848659980855e+01
1.183454054540639433e+01
8.812923024107547576e+00
7.978845608028653835e+00
7.569397566060480642e+00
1.296408962885714899e+01
3.385137501286537898e+00
9.640875829802336483e+00
1.178062436274634450e+01
8.291859587312051971e+00
1.070474469691662733e+01
8.444016491289504600e+00
1.099807968464679142e+01
1.117038385124011413e+01
1.236077446474206631e+01
5.411516379806009525e+00
6.383076486422923246e+00
7.225151993843566878e+00
1.156244577056221523e+01
7.978845608028653835e+00
6.383076486422923246e+00
1.161737456321036532e+01
6.675581178124545545e+00
1.058513485680245481e+01
7.399277020331918919e+00
7.569397566060480642e+00
8.368283871884004910e+00
1.058513485680245481e+01
9.027033336764100468e+00
7.898654169668588132e+00
7.898654169668588132e+00
1.058513485680245481e+01
1.178062436274634450e+01
6.863662517577697741e+00
7.399277020331918919e+00
1.311058116710494836e+01
7.225151993843566878e+00
1.117038385124011413e+01
4.513516668382050234e+00
1.064510777218481152e+01
1.134007028277388685e+01
6.579524642479540830e+00
1.339876023397903637e+01
9.236181543108379799e+00
7.136496464611084889e+00
6.383076486422923246e+00
6.282549314314217703e+00
9.373021315815206478e+00
7.653039857325811823e+00
1.009253008808064145e+01
1.183454054540639433e+01
7.225151993843566878e+00
8.291859587312051971e+00
8.368283871884004910e+00
9.965574970333758387e+00
1.002925341359354938e+01
4.222008245644752300e+00
1.261566261010080048e+01
7.569397566060480642e+00
6.675581178124545545e+00
1.271618740744904485e+01
8.058239062071395509e+00
1.099807968464679142e+01
6.770275002573075795e+00
1.220528683538465842e+01
8.291859587312051971e+00
1.311058116710494836e+01
6.675581178124545545e+00
1.058513485680245481e+01
1.156244577056221523e+01
8.667244841319218907e+00
9.965574970333758387e+00
7.653039857325811823e+00
1.145179781116143225e+01
7.653039857325811823e+00
1.009253008808064145e+01
1.204779266504070279e+01
1.172646028567007725e+01
