1.427299292922216978e+01
1.650676414605009157e+01
1.094004191971426110e+01
1.256509862862843541e+01
1.339876023397903637e+01
8.444016491289504600e+00
1.607692842495848140e+01
1.409345127989185542e+01
1.422831991532699902e+01
7.046725639945927711e+00
9.166995688475081394e+00
1.522266721510391640e+01
1.058513485680245481e+01
6.076507779746498805e+00
1.040314189572019821e+01
1.178062436274634450e+01
1.306193320280393344e+01
9.373021315815206478e+00
1.363425735166143049e+01
8.740387444736633427e+00
1.236077446474206631e+01
1.046415791390898242e+01
1.475547227809780537e+01
1.172646028567007725e+01
1.178062436274634450e+01
1.261566261010080048e+01
1.631278838364701755e+01
1.058513485680245481e+01
1.530607971465162365e+01
1.117038385124011413e+01
1.236077446474206631e+01
1.286550196516137312e+01
1.543035303761632804e+01
1.111324596323282954e+01
1.479855404066383784e+01
1.479855404066383784e+01
6.383076486422923246e+00
1.117038385124011413e+01
1.058513485680245481e+01
1.615593100600235843e+01
1.034176589165282145e+01
8.291859587312051971e+00
6.955796338302048021e+00
8.136857890256438353e+00
1.094004191971426110e+01
1.236077446474206631e+01
1.422831991532699902e+01
1.204779266504070279e+01
1.787688803255549530e+01
1.579730833933717626e+01
1.256509862862843541e+01
1.422831991532699902e+01
1.183454054540639433e+01
1.658371917462410394e+01
1.256509862862843541e+01
4.222008245644752300e+00
1.320733953636073110e+01
1.484151074652385738e+01
1.479855404066383784e+01
1.635176762293251684e+01
1.575695754970980111e+01
1.427299292922216978e+01
1.306193320280393344e+01
1.117038385124011413e+01
7.046725639945927711e+00
8.368283871884004910e+00
1.431752655671925822e+01
1.311058116710494836e+01
1.755346033766304004e+01
1.236077446474206631e+01
1.501210842680413826e+01
1.281592373849173683e+01
1.769793569896924623e+01
1.082303275961201905e+01
1.427299292922216978e+01
1.009253008808064145e+01
9.236181543108379799e+00
1.377362305878664728e+01
1.021790793990058255e+01
1.440618081907316395e+01
1.669848676668040710e+01
1.513879513212096128e+01
1.479855404066383784e+01
1.479855404066383784e+01
1.296408962885714899e+01
1.501210842680413826e+01
1.538904010394216471e+01
1.311058116710494836e+01
1.034176589165282145e+01
4.222008245644752300e+00
