6.955796338302048021e+00
9.373021315815206478e+00
1.117038385124011413e+01
1.276615297284584649e+01
1.199483507827737583e+01
6.383076486422923246e+00
1.156244577056221523e+01
9.965574970333758387e+00
7.312732791431452384e+00
1.178062436274634450e+01
6.863662517577697741e+00
1.418350619798065715e+01
8.136857890256438353e+00
9.166995688475081394e+00
9.373021315815206478e+00
1.046415791390898242e+01
1.325545386523797831e+01
1.058513485680245481e+01
1.230916348999737586e+01
9.373021315815206478e+00
1.058513485680245481e+01
1.070474469691662733e+01
7.653039857325811823e+00
9.965574970333758387e+00
1.161737456321036532e+01
4.513516668382050234e+00
1.210051848659980855e+01
8.740387444736633427e+00
7.653039857325811823e+00
1.178062436274634450e+01
1.070474469691662733e+01
4.513516668382050234e+00
8.291859587312051971e+00
7.653039857325811823e+00
1.225733520300188317e+01
1.058513485680245481e+01
6.180387232371033157e+00
1.105581278308273596e+01
1.040314189572019821e+01
1.315904928495908166e+01
8.740387444736633427e+00
1.286550196516137312e+01
9.574614729634383536e+00
1.117038385124011413e+01
5.170882945826410726e+00
8.444016491289504600e+00
7.225151993843566878e+00
1.215301555949299761e+01
1.266602473693425601e+01
1.325545386523797831e+01
9.965574970333758387e+00
9.836981518731869656e+00
1.246335526484300615e+01
1.117038385124011413e+01
1.296408962885714899e+01
1.002925341359354938e+01
8.291859587312051971e+00
1.330339418036568588e+01
1.058513485680245481e+01
7.312732791431452384e+00
9.373021315815206478e+00
8.740387444736633427e+00
9.772050238058398008e+00
6.383076486422923246e+00
9.901487006738307173e+00
1.117038385124011413e+01
3.568248232305542444e+00
1.391159267660409604e+01
8.368283871884004910e+00
9.772050238058398008e+00
7.569397566060480642e+00
8.136857890256438353e+00
1.431752655671925822e+01
1.276615297284584649e+01
1.281592373849173683e+01
1.058513485680245481e+01
1.220528683538465842e+01
8.740387444736633427e+00
7.653039857325811823e+00
7.225151993843566878e+00
1.391159267660409604e+01
9.507891862878782518e+00
1.178062436274634450e+01
1.183454054540639433e+01
8.884866446580955923e+00
8.291859587312051971e+00
1.183454054540639433e+01
1.188821220645068522e+01
1.358748446131948917e+01
1.220528683538465842e+01
6.076507779746498805e+00
8.136857890256438353e+00
1.261566261010080048e+01
2.256758334191025117e+00
1.058513485680245481e+01
6.863662517577697741e+00
7.484820637019110379e+00
8.368283871884004910e+00
9.373021315815206478e+00
1.070474469691662733e+01
7.569397566060480642e+00
8.593479713983121826e+00
1.194164264288369282e+01
1.220528683538465842e+01
6.863662517577697741e+00
5.292567428401227403e+00
1.368087033328175828e+01
7.225151993843566878e+00
1.178062436274634450e+01
1.167204486311898926e+01
1.178062436274634450e+01
1.458187244392064308e+01
9.965574970333758387e+00
2.985410660720923204e+00
6.076507779746498805e+00
2.256758334191025117e+00
9.236181543108379799e+00
6.383076486422923246e+00
1.070474469691662733e+01
1.271618740744904485e+01
6.383076486422923246e+00
8.740387444736633427e+00
8.593479713983121826e+00
1.070474469691662733e+01
9.965574970333758387e+00
1.320733953636073110e+01
7.046725639945927711e+00
5.170882945826410726e+00
1.335116235624909109e+01
8.368283871884004910e+00
1.128379167095512514e+01
5.527906391541367981e+00
1.251433034574463399e+01
8.136857890256438353e+00
1.344618962205996482e+01
4.513516668382050234e+00
1.117038385124011413e+01
1.236077446474206631e+01
8.291859587312051971e+00
9.965574970333758387e+00
6.863662517577697741e+00
1.215301555949299761e+01
1.052482020710848865e+01
1.236077446474206631e+01
6.482044814428574497e+00
1.215301555949299761e+01
