8.444016491289504600e+00
1.458187244392064308e+01
1.117038385124011413e+01
1.301310337505149661e+01
1.266602473693425601e+01
9.772050238058398008e+00
1.178062436274634450e+01
2.985410660720923204e+00
1.534761596392107741e+01
6.955796338302048021e+00
1.311058116710494836e+01
9.166995688475081394e+00
9.507891862878782518e+00
1.391159267660409604e+01
1.058513485680245481e+01
1.296408962885714899e+01
9.166995688475081394e+00
1.058513485680245481e+01
1.156244577056221523e+01
4.513516668382050234e+00
9.965574970333758387e+00
1.225733520300188317e+01
1.276615297284584649e+01
9.836981518731869656e+00
3.191538243211461623e+00
1.236077446474206631e+01
1.058513485680245481e+01
7.399277020331918919e+00
1.354055000514615159e+01
1.161737456321036532e+01
1.172646028567007725e+01
1.178062436274634450e+01
1.427299292922216978e+01
7.225151993843566878e+00
1.052482020710848865e+01
1.354055000514615159e+01
1.178062436274634450e+01
6.955796338302048021e+00
1.215301555949299761e+01
1.296408962885714899e+01
1.413855043925722121e+01
1.139607097042601680e+01
1.349345229721172146e+01
9.772050238058398008e+00
1.409345127989185542e+01
1.117038385124011413e+01
1.058513485680245481e+01
5.641895835477562571e+00
1.449429283826230197e+01
1.058513485680245481e+01
9.373021315815206478e+00
8.740387444736633427e+00
9.965574970333758387e+00
1.028002345391383443e+01
1.204779266504070279e+01
1.413855043925722121e+01
1.543035303761632804e+01
8.136857890256438353e+00
1.009253008808064145e+01
7.225151993843566878e+00
1.188821220645068522e+01
1.315904928495908166e+01
1.358748446131948917e+01
1.230916348999737586e+01
6.955796338302048021e+00
6.383076486422923246e+00
1.509668435477122017e+01
9.507891862878782518e+00
1.178062436274634450e+01
1.236077446474206631e+01
7.225151993843566878e+00
8.136857890256438353e+00
1.413855043925722121e+01
1.286550196516137312e+01
1.462546558286290477e+01
1.344618962205996482e+01
1.344618962205996482e+01
6.180387232371033157e+00
1.204779266504070279e+01
1.117038385124011413e+01
6.579524642479540830e+00
9.373021315815206478e+00
5.170882945826410726e+00
5.863230142835038627e+00
8.291859587312051971e+00
1.335116235624909109e+01
1.291488987023529766e+01
1.522266721510391640e+01
6.955796338302048021e+00
1.236077446474206631e+01
1.349345229721172146e+01
1.281592373849173683e+01
1.591774699517169012e+01
1.094004191971426110e+01
8.136857890256438353e+00
1.372732503515539548e+01
1.058513485680245481e+01
9.772050238058398008e+00
9.166995688475081394e+00
1.246335526484300615e+01
9.965574970333758387e+00
1.422831991532699902e+01
1.484151074652385738e+01
8.058239062071395509e+00
1.320733953636073110e+01
1.368087033328175828e+01
1.395727947504383337e+01
6.180387232371033157e+00
1.215301555949299761e+01
1.395727947504383337e+01
5.292567428401227403e+00
9.373021315815206478e+00
1.462546558286290477e+01
1.296408962885714899e+01
1.058513485680245481e+01
1.271618740744904485e+01
