7.312732791431452384e+00
9.373021315815206478e+00
1.117038385124011413e+01
1.230916348999737586e+01
1.134007028277388685e+01
6.675581178124545545e+00
1.128379167095512514e+01
7.735777827895049086e+00
9.965574970333758387e+00
1.178062436274634450e+01
4.370193722368316713e+00
7.225151993843566878e+00
1.409345127989185542e+01
8.136857890256438353e+00
9.027033336764100468e+00
9.236181543108379799e+00
1.021790793990058255e+01
1.315904928495908166e+01
1.058513485680245481e+01
1.215301555949299761e+01
9.373021315815206478e+00
1.058513485680245481e+01
1.070474469691662733e+01
7.978845608028653835e+00
9.965574970333758387e+00
1.150725478350318376e+01
5.527906391541367981e+00
7.898654169668588132e+00
1.194164264288369282e+01
8.593479713983121826e+00
1.156244577056221523e+01
1.040314189572019821e+01
5.970821321441846408e+00
8.136857890256438353e+00
8.058239062071395509e+00
1.199483507827737583e+01
1.058513485680245481e+01
6.383076486422923246e+00
1.088169461344923583e+01
1.040314189572019821e+01
4.222008245644752300e+00
1.296408962885714899e+01
8.740387444736633427e+00
9.507891862878782518e+00
1.236077446474206631e+01
1.105581278308273596e+01
6.076507779746498805e+00
8.593479713983121826e+00
7.312732791431452384e+00
1.210051848659980855e+01
1.256509862862843541e+01
1.315904928495908166e+01
9.836981518731869656e+00
9.507891862878782518e+00
1.220528683538465842e+01
1.117038385124011413e+01
1.276615297284584649e+01
9.706684619910241452e+00
8.368283871884004910e+00
4.513516668382050234e+00
1.286550196516137312e+01
7.817640190446718762e+00
1.058513485680245481e+01
9.373021315815206478e+00
8.740387444736633427e+00
9.440697438826296306e+00
6.579524642479540830e+00
9.507891862878782518e+00
1.117038385124011413e+01
5.411516379806009525e+00
1.377362305878664728e+01
8.444016491289504600e+00
9.706684619910241452e+00
7.569397566060480642e+00
8.136857890256438353e+00
1.391159267660409604e+01
1.266602473693425601e+01
1.256509862862843541e+01
1.058513485680245481e+01
1.210051848659980855e+01
8.740387444736633427e+00
7.898654169668588132e+00
7.312732791431452384e+00
1.335116235624909109e+01
9.507891862878782518e+00
1.178062436274634450e+01
1.139607097042601680e+01
8.812923024107547576e+00
8.291859587312051971e+00
1.150725478350318376e+01
1.150725478350318376e+01
1.311058116710494836e+01
1.595769121605730811e+00
4.068428945128219176e+00
1.188821220645068522e+01
6.770275002573075795e+00
8.058239062071395509e+00
1.204779266504070279e+01
4.222008245644752300e+00
5.046265044040320724e+00
1.058513485680245481e+01
6.863662517577697741e+00
7.484820637019110379e+00
8.291859587312051971e+00
9.236181543108379799e+00
1.070474469691662733e+01
7.653039857325811823e+00
8.291859587312051971e+00
1.128379167095512514e+01
1.178062436274634450e+01
7.136496464611084889e+00
6.282549314314217703e+00
1.344618962205996482e+01
7.225151993843566878e+00
1.134007028277388685e+01
1.128379167095512514e+01
1.156244577056221523e+01
1.436192209445157708e+01
5.170882945826410726e+00
9.640875829802336483e+00
5.170882945826410726e+00
6.482044814428574497e+00
4.652426491681278087e+00
9.304852983362556174e+00
7.136496464611084889e+00
1.046415791390898242e+01
1.230916348999737586e+01
6.770275002573075795e+00
8.593479713983121826e+00
8.593479713983121826e+00
1.034176589165282145e+01
9.965574970333758387e+00
1.291488987023529766e+01
7.569397566060480642e+00
6.076507779746498805e+00
1.311058116710494836e+01
8.291859587312051971e+00
1.117038385124011413e+01
6.383076486422923246e+00
1.236077446474206631e+01
8.136857890256438353e+00
1.339876023397903637e+01
5.753627391751591880e+00
1.088169461344923583e+01
1.210051848659980855e+01
8.519075891779829490e+00
9.965574970333758387e+00
7.399277020331918919e+00
1.194164264288369282e+01
6.955796338302048021e+00
1.034176589165282145e+01
1.225733520300188317e+01
1.210051848659980855e+01
