6.383076486422923246e+00
9.373021315815206478e+00
1.117038385124011413e+01
1.296408962885714899e+01
1.210051848659980855e+01
6.180387232371033157e+00
1.161737456321036532e+01
9.965574970333758387e+00
7.312732791431452384e+00
1.178062436274634450e+01
6.770275002573075795e+00
1.431752655671925822e+01
8.058239062071395509e+00
9.304852983362556174e+00
9.574614729634383536e+00
1.099807968464679142e+01
1.325545386523797831e+01
1.058513485680245481e+01
1.241217083805063837e+01
9.373021315815206478e+00
1.058513485680245481e+01
1.088169461344923583e+01
7.735777827895049086e+00
9.965574970333758387e+00
1.167204486311898926e+01
1.225733520300188317e+01
8.740387444736633427e+00
7.225151993843566878e+00
1.178062436274634450e+01
1.070474469691662733e+01
8.136857890256438353e+00
2.985410660720923204e+00
7.225151993843566878e+00
1.236077446474206631e+01
1.058513485680245481e+01
1.150725478350318376e+01
5.641895835477562571e+00
1.046415791390898242e+01
1.325545386523797831e+01
8.740387444736633427e+00
1.301310337505149661e+01
9.574614729634383536e+00
1.122723095552866468e+01
3.385137501286537898e+00
8.291859587312051971e+00
7.136496464611084889e+00
1.215301555949299761e+01
1.266602473693425601e+01
1.330339418036568588e+01
9.965574970333758387e+00
9.965574970333758387e+00
1.251433034574463399e+01
1.122723095552866468e+01
1.296408962885714899e+01
1.015541250385961369e+01
8.136857890256438353e+00
1.349345229721172146e+01
1.058513485680245481e+01
7.136496464611084889e+00
9.507891862878782518e+00
8.740387444736633427e+00
9.965574970333758387e+00
6.180387232371033157e+00
9.901487006738307173e+00
1.122723095552866468e+01
1.386575534383213970e+01
8.368283871884004910e+00
9.772050238058398008e+00
7.569397566060480642e+00
8.136857890256438353e+00
1.436192209445157708e+01
1.276615297284584649e+01
1.286550196516137312e+01
1.058513485680245481e+01
1.230916348999737586e+01
8.740387444736633427e+00
7.569397566060480642e+00
7.046725639945927711e+00
1.400281721259029588e+01
9.507891862878782518e+00
1.178062436274634450e+01
1.188821220645068522e+01
8.740387444736633427e+00
8.291859587312051971e+00
1.194164264288369282e+01
1.251433034574463399e+01
1.377362305878664728e+01
1.251433034574463399e+01
7.978845608028653835e+00
1.261566261010080048e+01
5.753627391751591880e+00
1.070474469691662733e+01
5.863230142835038627e+00
1.082303275961201905e+01
7.484820637019110379e+00
8.291859587312051971e+00
9.373021315815206478e+00
7.399277020331918919e+00
8.444016491289504600e+00
1.236077446474206631e+01
1.241217083805063837e+01
6.770275002573075795e+00
4.513516668382050234e+00
1.377362305878664728e+01
7.312732791431452384e+00
1.188821220645068522e+01
1.225733520300188317e+01
1.183454054540639433e+01
1.475547227809780537e+01
1.015541250385961369e+01
5.292567428401227403e+00
9.236181543108379799e+00
1.070474469691662733e+01
5.753627391751591880e+00
1.286550196516137312e+01
6.383076486422923246e+00
8.740387444736633427e+00
8.667244841319218907e+00
1.105581278308273596e+01
9.965574970333758387e+00
1.339876023397903637e+01
7.046725639945927711e+00
4.222008245644752300e+00
1.354055000514615159e+01
8.444016491289504600e+00
1.150725478350318376e+01
1.266602473693425601e+01
4.787307364817191768e+00
8.058239062071395509e+00
1.354055000514615159e+01
2.763953195770683990e+00
1.117038385124011413e+01
1.236077446474206631e+01
8.136857890256438353e+00
9.901487006738307173e+00
6.863662517577697741e+00
1.236077446474206631e+01
1.058513485680245481e+01
1.236077446474206631e+01
5.863230142835038627e+00
1.236077446474206631e+01
