4.068428945128219176e+00
9.027033336764100468e+00
1.117038385124011413e+01
1.241217083805063837e+01
1.354055000514615159e+01
1.230916348999737586e+01
3.385137501286537898e+00
9.901487006738307173e+00
6.579524642479540830e+00
1.178062436274634450e+01
5.046265044040320724e+00
1.479855404066383784e+01
7.817640190446718762e+00
9.304852983362556174e+00
9.574614729634383536e+00
1.156244577056221523e+01
1.335116235624909109e+01
1.058513485680245481e+01
1.266602473693425601e+01
9.304852983362556174e+00
1.058513485680245481e+01
1.134007028277388685e+01
7.136496464611084889e+00
9.965574970333758387e+00
1.178062436274634450e+01
1.246335526484300615e+01
9.507891862878782518e+00
6.863662517577697741e+00
1.215301555949299761e+01
1.058513485680245481e+01
8.136857890256438353e+00
1.281592373849173683e+01
5.753627391751591880e+00
1.099807968464679142e+01
1.178062436274634450e+01
1.076405121554611632e+01
1.372732503515539548e+01
8.291859587312051971e+00
1.009253008808064145e+01
1.320733953636073110e+01
1.139607097042601680e+01
8.214724333230154940e+00
6.383076486422923246e+00
1.215301555949299761e+01
1.276615297284584649e+01
1.339876023397903637e+01
1.040314189572019821e+01
9.965574970333758387e+00
1.296408962885714899e+01
1.117038385124011413e+01
1.320733953636073110e+01
1.052482020710848865e+01
7.735777827895049086e+00
1.377362305878664728e+01
1.058513485680245481e+01
6.076507779746498805e+00
9.373021315815206478e+00
8.884866446580955923e+00
9.965574970333758387e+00
9.772050238058398008e+00
1.161737456321036532e+01
2.256758334191025117e+00
1.404820733880128181e+01
1.462546558286290477e+01
8.444016491289504600e+00
9.836981518731869656e+00
6.579524642479540830e+00
7.978845608028653835e+00
1.296408962885714899e+01
1.315904928495908166e+01
1.088169461344923583e+01
1.236077446474206631e+01
7.978845608028653835e+00
7.225151993843566878e+00
1.436192209445157708e+01
6.076507779746498805e+00
9.373021315815206478e+00
1.178062436274634450e+01
1.220528683538465842e+01
8.368283871884004910e+00
8.593479713983121826e+00
1.236077446474206631e+01
1.311058116710494836e+01
1.404820733880128181e+01
1.286550196516137312e+01
1.306193320280393344e+01
7.312732791431452384e+00
1.105581278308273596e+01
1.099807968464679142e+01
7.653039857325811823e+00
7.817640190446718762e+00
9.373021315815206478e+00
7.225151993843566878e+00
8.136857890256438353e+00
1.306193320280393344e+01
1.276615297284584649e+01
1.462546558286290477e+01
6.076507779746498805e+00
7.225151993843566878e+00
1.220528683538465842e+01
1.266602473693425601e+01
1.246335526484300615e+01
1.526443044094783019e+01
1.070474469691662733e+01
8.884866446580955923e+00
1.320733953636073110e+01
1.058513485680245481e+01
3.908820095223359381e+00
9.027033336764100468e+00
9.373021315815206478e+00
1.161737456321036532e+01
9.965574970333758387e+00
1.381976597885341995e+01
5.970821321441846408e+00
1.404820733880128181e+01
8.740387444736633427e+00
1.178062436274634450e+01
1.325545386523797831e+01
7.898654169668588132e+00
1.372732503515539548e+01
1.161737456321036532e+01
1.306193320280393344e+01
7.484820637019110379e+00
9.706684619910241452e+00
1.354055000514615159e+01
5.292567428401227403e+00
1.266602473693425601e+01
1.058513485680245481e+01
1.595769121605730811e+00
1.236077446474206631e+01
