1.611647812414279102e+01
1.111324596323282954e+01
6.863662517577697741e+00
1.354055000514615159e+01
1.266602473693425601e+01
9.574614729634383536e+00
1.188821220645068522e+01
1.595769121605730767e+01
1.381976597885341995e+01
8.740387444736633427e+00
9.507891862878782518e+00
1.471226436021925466e+01
1.058513485680245481e+01
1.325545386523797831e+01
8.593479713983121826e+00
1.058513485680245481e+01
1.178062436274634450e+01
1.306193320280393344e+01
9.836981518731869656e+00
1.315904928495908166e+01
9.965574970333758387e+00
1.236077446474206631e+01
1.070474469691662733e+01
1.440618081907316395e+01
2.985410660720923204e+00
1.172646028567007725e+01
1.178062436274634450e+01
1.261566261010080048e+01
1.538904010394216471e+01
1.105581278308273596e+01
1.458187244392064308e+01
1.167204486311898926e+01
1.220528683538465842e+01
1.286550196516137312e+01
1.530607971465162365e+01
1.117038385124011413e+01
1.445030398768713376e+01
9.097283682934460103e+00
1.462546558286290477e+01
1.117038385124011413e+01
1.058513485680245481e+01
1.567594437773643001e+01
1.046415791390898242e+01
9.373021315815206478e+00
8.740387444736633427e+00
9.640875829802336483e+00
1.099807968464679142e+01
1.241217083805063837e+01
1.427299292922216978e+01
1.703815178355965898e+01
1.105581278308273596e+01
6.579524642479540830e+00
1.466892917224166482e+01
1.281592373849173683e+01
1.354055000514615159e+01
1.225733520300188317e+01
1.635176762293251684e+01
1.261566261010080048e+01
8.812923024107547576e+00
1.311058116710494836e+01
1.453814859003845150e+01
6.675581178124545545e+00
1.440618081907316395e+01
1.555363345008750464e+01
1.466892917224166482e+01
1.372732503515539548e+01
1.286550196516137312e+01
1.117038385124011413e+01
8.884866446580955923e+00
9.373021315815206478e+00
1.413855043925722121e+01
1.325545386523797831e+01
1.650676414605009157e+01
5.046265044040320724e+00
1.236077446474206631e+01
1.391159267660409604e+01
1.296408962885714899e+01
1.681247093473193388e+01
1.111324596323282954e+01
1.395727947504383337e+01
1.058513485680245481e+01
4.222008245644752300e+00
9.236181543108379799e+00
8.136857890256438353e+00
1.368087033328175828e+01
1.009253008808064145e+01
1.431752655671925822e+01
1.538904010394216471e+01
4.513516668382050234e+00
1.431752655671925822e+01
1.418350619798065715e+01
1.413855043925722121e+01
1.271618740744904485e+01
1.471226436021925466e+01
8.058239062071395509e+00
1.505445578434700415e+01
1.315904928495908166e+01
1.058513485680245481e+01
1.271618740744904485e+01
