5.411516379806009525e+00
9.097283682934460103e+00
1.117038385124011413e+01
1.230916348999737586e+01
1.325545386523797831e+01
1.199483507827737583e+01
4.652426491681278087e+00
9.965574970333758387e+00
6.675581178124545545e+00
1.178062436274634450e+01
5.970821321441846408e+00
1.445030398768713376e+01
7.817640190446718762e+00
9.304852983362556174e+00
9.574614729634383536e+00
1.145179781116143225e+01
1.335116235624909109e+01
1.058513485680245481e+01
1.256509862862843541e+01
9.373021315815206478e+00
1.058513485680245481e+01
1.122723095552866468e+01
7.225151993843566878e+00
9.965574970333758387e+00
1.178062436274634450e+01
1.236077446474206631e+01
9.236181543108379799e+00
7.046725639945927711e+00
1.215301555949299761e+01
1.058513485680245481e+01
8.136857890256438353e+00
1.271618740744904485e+01
6.579524642479540830e+00
1.076405121554611632e+01
1.167204486311898926e+01
1.058513485680245481e+01
3.908820095223359381e+00
1.354055000514615159e+01
8.291859587312051971e+00
9.965574970333758387e+00
1.315904928495908166e+01
1.134007028277388685e+01
8.136857890256438353e+00
6.770275002573075795e+00
1.215301555949299761e+01
1.276615297284584649e+01
1.335116235624909109e+01
1.021790793990058255e+01
9.965574970333758387e+00
1.286550196516137312e+01
1.117038385124011413e+01
1.306193320280393344e+01
1.034176589165282145e+01
7.978845608028653835e+00
1.372732503515539548e+01
1.058513485680245481e+01
6.383076486422923246e+00
9.373021315815206478e+00
8.593479713983121826e+00
9.965574970333758387e+00
9.836981518731869656e+00
4.513516668382050234e+00
1.150725478350318376e+01
1.395727947504383337e+01
8.444016491289504600e+00
9.772050238058398008e+00
6.863662517577697741e+00
8.136857890256438353e+00
1.445030398768713376e+01
1.296408962885714899e+01
1.301310337505149661e+01
1.070474469691662733e+01
1.236077446474206631e+01
8.368283871884004910e+00
7.225151993843566878e+00
1.427299292922216978e+01
6.180387232371033157e+00
9.373021315815206478e+00
1.178062436274634450e+01
1.199483507827737583e+01
8.667244841319218907e+00
8.214724333230154940e+00
1.225733520300188317e+01
1.281592373849173683e+01
1.386575534383213970e+01
1.271618740744904485e+01
7.653039857325811823e+00
1.276615297284584649e+01
4.222008245644752300e+00
1.094004191971426110e+01
4.652426491681278087e+00
1.094004191971426110e+01
7.653039857325811823e+00
8.136857890256438353e+00
9.373021315815206478e+00
7.225151993843566878e+00
8.291859587312051971e+00
1.301310337505149661e+01
1.256509862862843541e+01
1.427299292922216978e+01
6.383076486422923246e+00
7.225151993843566878e+00
1.204779266504070279e+01
1.266602473693425601e+01
1.210051848659980855e+01
1.492705330360461602e+01
1.064510777218481152e+01
9.027033336764100468e+00
1.306193320280393344e+01
1.070474469691662733e+01
3.568248232305542444e+00
4.513516668382050234e+00
9.027033336764100468e+00
9.373021315815206478e+00
1.128379167095512514e+01
9.965574970333758387e+00
1.368087033328175828e+01
6.383076486422923246e+00
1.395727947504383337e+01
8.740387444736633427e+00
1.178062436274634450e+01
1.306193320280393344e+01
8.058239062071395509e+00
1.363425735166143049e+01
1.167204486311898926e+01
1.286550196516137312e+01
7.817640190446718762e+00
9.706684619910241452e+00
1.296408962885714899e+01
5.863230142835038627e+00
1.256509862862843541e+01
1.058513485680245481e+01
4.513516668382050234e+00
1.236077446474206631e+01
