1.404820733880128181e+01
1.650676414605009157e+01
1.099807968464679142e+01
1.266602473693425601e+01
8.740387444736633427e+00
1.286550196516137312e+01
1.603728119216292924e+01
1.395727947504383337e+01
1.391159267660409604e+01
7.484820637019110379e+00
9.236181543108379799e+00
1.505445578434700415e+01
1.058513485680245481e+01
7.312732791431452384e+00
1.046415791390898242e+01
1.178062436274634450e+01
1.306193320280393344e+01
9.373021315815206478e+00
1.339876023397903637e+01
9.166995688475081394e+00
1.236077446474206631e+01
1.058513485680245481e+01
1.471226436021925466e+01
1.172646028567007725e+01
1.178062436274634450e+01
1.261566261010080048e+01
1.599753570059363028e+01
1.076405121554611632e+01
1.505445578434700415e+01
1.134007028277388685e+01
1.236077446474206631e+01
1.286550196516137312e+01
1.543035303761632804e+01
1.111324596323282954e+01
1.475547227809780537e+01
7.484820637019110379e+00
1.479855404066383784e+01
1.117038385124011413e+01
1.052482020710848865e+01
1.595769121605730767e+01
1.034176589165282145e+01
8.593479713983121826e+00
7.978845608028653835e+00
8.740387444736633427e+00
1.088169461344923583e+01
1.236077446474206631e+01
1.422831991532699902e+01
1.210051848659980855e+01
1.776973289316191185e+01
1.530607971465162365e+01
1.266602473693425601e+01
1.418350619798065715e+01
1.194164264288369282e+01
1.658371917462410394e+01
1.266602473693425601e+01
6.770275002573075795e+00
1.315904928495908166e+01
1.484151074652385738e+01
1.471226436021925466e+01
1.615593100600235843e+01
1.534761596392107741e+01
1.418350619798065715e+01
1.306193320280393344e+01
1.117038385124011413e+01
8.058239062071395509e+00
8.740387444736633427e+00
1.427299292922216978e+01
1.325545386523797831e+01
1.718695942796624365e+01
1.236077446474206631e+01
1.440618081907316395e+01
1.286550196516137312e+01
1.755346033766304004e+01
1.099807968464679142e+01
1.427299292922216978e+01
1.034176589165282145e+01
9.166995688475081394e+00
5.970821321441846408e+00
1.368087033328175828e+01
1.028002345391383443e+01
1.436192209445157708e+01
1.615593100600235843e+01
1.471226436021925466e+01
1.466892917224166482e+01
1.453814859003845150e+01
1.296408962885714899e+01
1.484151074652385738e+01
4.652426491681278087e+00
1.538904010394216471e+01
1.311058116710494836e+01
1.034176589165282145e+01
6.579524642479540830e+00
