1.623454913941802857e+01
1.111324596323282954e+01
1.354055000514615159e+01
5.970821321441846408e+00
1.266602473693425601e+01
9.440697438826296306e+00
1.215301555949299761e+01
1.595769121605730767e+01
1.391159267660409604e+01
8.593479713983121826e+00
9.373021315815206478e+00
1.484151074652385738e+01
1.058513485680245481e+01
1.335116235624909109e+01
8.291859587312051971e+00
1.058513485680245481e+01
1.178062436274634450e+01
1.306193320280393344e+01
9.772050238058398008e+00
1.325545386523797831e+01
9.836981518731869656e+00
1.236077446474206631e+01
1.058513485680245481e+01
1.445030398768713376e+01
1.172646028567007725e+01
1.178062436274634450e+01
1.256509862862843541e+01
1.579730833933717626e+01
1.099807968464679142e+01
1.471226436021925466e+01
1.150725478350318376e+01
1.225733520300188317e+01
1.286550196516137312e+01
1.538904010394216471e+01
1.111324596323282954e+01
1.458187244392064308e+01
8.444016491289504600e+00
1.462546558286290477e+01
1.117038385124011413e+01
1.052482020710848865e+01
1.575695754970980111e+01
1.040314189572019821e+01
8.812923024107547576e+00
8.519075891779829490e+00
9.236181543108379799e+00
1.088169461344923583e+01
1.236077446474206631e+01
1.422831991532699902e+01
1.726088217525477830e+01
1.117038385124011413e+01
5.411516379806009525e+00
1.488434347843123184e+01
1.281592373849173683e+01
1.368087033328175828e+01
1.225733520300188317e+01
1.635176762293251684e+01
1.261566261010080048e+01
8.291859587312051971e+00
1.315904928495908166e+01
1.475547227809780537e+01
1.445030398768713376e+01
5.527906391541367981e+00
1.571650316319191809e+01
1.484151074652385738e+01
1.386575534383213970e+01
1.286550196516137312e+01
1.117038385124011413e+01
8.368283871884004910e+00
9.236181543108379799e+00
1.418350619798065715e+01
1.325545386523797831e+01
1.692568750643268771e+01
1.236077446474206631e+01
1.395727947504383337e+01
1.296408962885714899e+01
1.696325844612841038e+01
1.111324596323282954e+01
1.395727947504383337e+01
1.058513485680245481e+01
9.166995688475081394e+00
7.898654169668588132e+00
1.368087033328175828e+01
1.046415791390898242e+01
1.436192209445157708e+01
1.559451034962034477e+01
1.440618081907316395e+01
1.436192209445157708e+01
1.427299292922216978e+01
1.281592373849173683e+01
1.479855404066383784e+01
7.484820637019110379e+00
1.530607971465162365e+01
1.315904928495908166e+01
1.040314189572019821e+01
1.271618740744904485e+01
7.817640190446718762e+00
