1.513879513212096128e+01
1.117038385124011413e+01
7.978845608028653835e+00
1.315904928495908166e+01
1.266602473693425601e+01
9.706684619910241452e+00
1.178062436274634450e+01
1.575695754970980111e+01
5.753627391751591880e+00
1.344618962205996482e+01
9.027033336764100468e+00
9.507891862878782518e+00
1.413855043925722121e+01
1.058513485680245481e+01
1.296408962885714899e+01
8.956231982162769611e+00
1.058513485680245481e+01
1.167204486311898926e+01
9.836981518731869656e+00
1.261566261010080048e+01
1.296408962885714899e+01
9.965574970333758387e+00
1.236077446474206631e+01
1.058513485680245481e+01
6.863662517577697741e+00
1.395727947504383337e+01
1.161737456321036532e+01
1.156244577056221523e+01
1.178062436274634450e+01
1.471226436021925466e+01
6.579524642479540830e+00
1.052482020710848865e+01
1.386575534383213970e+01
1.178062436274634450e+01
5.753627391751591880e+00
1.215301555949299761e+01
1.296408962885714899e+01
1.466892917224166482e+01
1.134007028277388685e+01
1.363425735166143049e+01
9.507891862878782518e+00
1.431752655671925822e+01
1.117038385124011413e+01
1.058513485680245481e+01
1.526443044094783019e+01
1.058513485680245481e+01
9.373021315815206478e+00
8.740387444736633427e+00
9.836981518731869656e+00
1.058513485680245481e+01
1.210051848659980855e+01
1.436192209445157708e+01
1.591774699517169012e+01
7.978845608028653835e+00
1.021790793990058255e+01
1.225733520300188317e+01
1.330339418036568588e+01
1.381976597885341995e+01
6.482044814428574497e+00
1.230916348999737586e+01
5.753627391751591880e+00
5.046265044040320724e+00
1.567594437773643001e+01
9.373021315815206478e+00
1.183454054540639433e+01
1.261566261010080048e+01
6.383076486422923246e+00
7.898654169668588132e+00
1.422831991532699902e+01
1.335116235624909109e+01
1.496964127403822076e+01
1.422831991532699902e+01
1.354055000514615159e+01
4.513516668382050234e+00
1.236077446474206631e+01
1.117038385124011413e+01
9.166995688475081394e+00
5.411516379806009525e+00
8.519075891779829490e+00
4.787307364817191768e+00
1.372732503515539548e+01
1.286550196516137312e+01
1.547155565579009817e+01
6.383076486422923246e+00
1.236077446474206631e+01
1.368087033328175828e+01
1.286550196516137312e+01
1.607692842495848140e+01
1.105581278308273596e+01
1.377362305878664728e+01
1.058513485680245481e+01
7.569397566060480642e+00
9.772050238058398008e+00
8.956231982162769611e+00
1.291488987023529766e+01
9.965574970333758387e+00
1.431752655671925822e+01
1.488434347843123184e+01
7.312732791431452384e+00
1.395727947504383337e+01
1.377362305878664728e+01
1.404820733880128181e+01
4.513516668382050234e+00
1.236077446474206631e+01
1.440618081907316395e+01
8.956231982162769611e+00
1.471226436021925466e+01
1.301310337505149661e+01
1.058513485680245481e+01
1.271618740744904485e+01
