7.046725639945927711e+00
9.373021315815206478e+00
1.117038385124011413e+01
1.261566261010080048e+01
1.172646028567007725e+01
6.383076486422923246e+00
1.145179781116143225e+01
7.312732791431452384e+00
9.965574970333758387e+00
1.178062436274634450e+01
3.191538243211461623e+00
7.046725639945927711e+00
1.418350619798065715e+01
8.136857890256438353e+00
9.027033336764100468e+00
9.373021315815206478e+00
1.021790793990058255e+01
1.325545386523797831e+01
1.058513485680245481e+01
1.225733520300188317e+01
9.373021315815206478e+00
1.058513485680245481e+01
1.070474469691662733e+01
7.735777827895049086e+00
9.965574970333758387e+00
1.156244577056221523e+01
5.170882945826410726e+00
1.204779266504070279e+01
8.593479713983121826e+00
7.735777827895049086e+00
1.178062436274634450e+01
1.070474469691662733e+01
5.292567428401227403e+00
8.291859587312051971e+00
7.817640190446718762e+00
1.215301555949299761e+01
1.058513485680245481e+01
6.383076486422923246e+00
1.105581278308273596e+01
1.040314189572019821e+01
1.306193320280393344e+01
8.740387444736633427e+00
1.276615297284584649e+01
9.574614729634383536e+00
1.111324596323282954e+01
5.292567428401227403e+00
8.444016491289504600e+00
7.225151993843566878e+00
1.215301555949299761e+01
1.266602473693425601e+01
1.325545386523797831e+01
9.965574970333758387e+00
9.507891862878782518e+00
1.246335526484300615e+01
1.117038385124011413e+01
1.286550196516137312e+01
9.965574970333758387e+00
8.291859587312051971e+00
3.908820095223359381e+00
1.311058116710494836e+01
1.058513485680245481e+01
7.399277020331918919e+00
9.373021315815206478e+00
8.740387444736633427e+00
9.640875829802336483e+00
6.383076486422923246e+00
9.901487006738307173e+00
1.117038385124011413e+01
4.222008245644752300e+00
1.391159267660409604e+01
8.444016491289504600e+00
9.772050238058398008e+00
7.569397566060480642e+00
8.136857890256438353e+00
1.418350619798065715e+01
1.276615297284584649e+01
1.271618740744904485e+01
1.058513485680245481e+01
1.220528683538465842e+01
8.740387444736633427e+00
7.817640190446718762e+00
7.225151993843566878e+00
1.372732503515539548e+01
9.507891862878782518e+00
1.178062436274634450e+01
1.172646028567007725e+01
9.027033336764100468e+00
8.291859587312051971e+00
1.183454054540639433e+01
1.178062436274634450e+01
1.354055000514615159e+01
1.204779266504070279e+01
6.383076486422923246e+00
7.978845608028653835e+00
1.241217083805063837e+01
4.068428945128219176e+00
1.058513485680245481e+01
6.863662517577697741e+00
7.484820637019110379e+00
8.291859587312051971e+00
9.373021315815206478e+00
1.070474469691662733e+01
7.653039857325811823e+00
8.593479713983121826e+00
1.156244577056221523e+01
1.210051848659980855e+01
6.955796338302048021e+00
5.863230142835038627e+00
1.354055000514615159e+01
7.225151993843566878e+00
1.161737456321036532e+01
1.145179781116143225e+01
1.172646028567007725e+01
1.453814859003845150e+01
3.908820095223359381e+00
9.772050238058398008e+00
6.282549314314217703e+00
3.385137501286537898e+00
2.763953195770683990e+00
9.304852983362556174e+00
6.579524642479540830e+00
1.058513485680245481e+01
1.256509862862843541e+01
6.383076486422923246e+00
8.740387444736633427e+00
8.593479713983121826e+00
1.064510777218481152e+01
9.965574970333758387e+00
1.296408962885714899e+01
7.046725639945927711e+00
5.411516379806009525e+00
1.330339418036568588e+01
8.291859587312051971e+00
1.117038385124011413e+01
6.383076486422923246e+00
1.236077446474206631e+01
8.136857890256438353e+00
1.339876023397903637e+01
4.918490759365934828e+00
1.105581278308273596e+01
1.220528683538465842e+01
8.291859587312051971e+00
9.965574970333758387e+00
6.863662517577697741e+00
1.215301555949299761e+01
1.040314189572019821e+01
1.236077446474206631e+01
6.579524642479540830e+00
1.215301555949299761e+01
