5.753627391751591880e+00
9.236181543108379799e+00
1.117038385124011413e+01
1.220528683538465842e+01
1.325545386523797831e+01
1.183454054540639433e+01
5.170882945826410726e+00
9.965574970333758387e+00
6.863662517577697741e+00
1.178062436274634450e+01
6.180387232371033157e+00
1.445030398768713376e+01
7.817640190446718762e+00
9.304852983362556174e+00
9.574614729634383536e+00
1.139607097042601680e+01
1.335116235624909109e+01
1.058513485680245481e+01
1.251433034574463399e+01
9.373021315815206478e+00
1.058513485680245481e+01
1.122723095552866468e+01
7.225151993843566878e+00
9.965574970333758387e+00
1.178062436274634450e+01
1.236077446474206631e+01
9.027033336764100468e+00
7.225151993843566878e+00
1.215301555949299761e+01
1.058513485680245481e+01
8.136857890256438353e+00
1.261566261010080048e+01
6.955796338302048021e+00
1.070474469691662733e+01
1.167204486311898926e+01
1.058513485680245481e+01
4.513516668382050234e+00
1.335116235624909109e+01
8.593479713983121826e+00
9.836981518731869656e+00
1.315904928495908166e+01
1.128379167095512514e+01
8.214724333230154940e+00
6.955796338302048021e+00
1.215301555949299761e+01
1.276615297284584649e+01
1.335116235624909109e+01
1.021790793990058255e+01
9.965574970333758387e+00
1.286550196516137312e+01
1.117038385124011413e+01
1.296408962885714899e+01
1.034176589165282145e+01
8.136857890256438353e+00
1.363425735166143049e+01
1.058513485680245481e+01
6.579524642479540830e+00
9.373021315815206478e+00
8.740387444736633427e+00
9.965574970333758387e+00
5.046265044040320724e+00
9.901487006738307173e+00
1.139607097042601680e+01
1.391159267660409604e+01
8.444016491289504600e+00
9.772050238058398008e+00
6.863662517577697741e+00
8.136857890256438353e+00
1.445030398768713376e+01
1.291488987023529766e+01
1.296408962885714899e+01
1.070474469691662733e+01
1.236077446474206631e+01
8.593479713983121826e+00
7.225151993843566878e+00
1.422831991532699902e+01
6.383076486422923246e+00
9.373021315815206478e+00
1.178062436274634450e+01
1.199483507827737583e+01
8.667244841319218907e+00
8.291859587312051971e+00
1.220528683538465842e+01
1.271618740744904485e+01
1.386575534383213970e+01
1.271618740744904485e+01
7.735777827895049086e+00
1.276615297284584649e+01
4.513516668382050234e+00
1.082303275961201905e+01
5.170882945826410726e+00
1.088169461344923583e+01
7.653039857325811823e+00
8.136857890256438353e+00
9.373021315815206478e+00
7.399277020331918919e+00
8.291859587312051971e+00
1.296408962885714899e+01
1.251433034574463399e+01
1.427299292922216978e+01
6.383076486422923246e+00
7.225151993843566878e+00
1.204779266504070279e+01
1.246335526484300615e+01
1.210051848659980855e+01
1.484151074652385738e+01
1.052482020710848865e+01
3.908820095223359381e+00
9.027033336764100468e+00
1.291488987023529766e+01
1.070474469691662733e+01
4.513516668382050234e+00
5.527906391541367981e+00
8.884866446580955923e+00
9.373021315815206478e+00
1.117038385124011413e+01
9.965574970333758387e+00
1.363425735166143049e+01
6.675581178124545545e+00
1.381976597885341995e+01
8.444016491289504600e+00
1.178062436274634450e+01
1.296408962885714899e+01
8.136857890256438353e+00
1.358748446131948917e+01
2.256758334191025117e+00
1.161737456321036532e+01
1.281592373849173683e+01
7.978845608028653835e+00
9.836981518731869656e+00
1.271618740744904485e+01
6.076507779746498805e+00
1.261566261010080048e+01
1.058513485680245481e+01
5.046265044040320724e+00
1.236077446474206631e+01
