8.519075891779829490e+00
1.117038385124011413e+01
1.296408962885714899e+01
1.445030398768713376e+01
1.266602473693425601e+01
9.836981518731869656e+00
1.178062436274634450e+01
4.222008245644752300e+00
1.534761596392107741e+01
7.046725639945927711e+00
1.306193320280393344e+01
9.304852983362556174e+00
9.507891862878782518e+00
1.386575534383213970e+01
1.058513485680245481e+01
1.291488987023529766e+01
9.166995688475081394e+00
1.058513485680245481e+01
1.150725478350318376e+01
4.918490759365934828e+00
9.965574970333758387e+00
1.215301555949299761e+01
1.276615297284584649e+01
9.640875829802336483e+00
4.222008245644752300e+00
1.236077446474206631e+01
1.058513485680245481e+01
7.484820637019110379e+00
1.349345229721172146e+01
1.161737456321036532e+01
1.161737456321036532e+01
1.178062436274634450e+01
1.427299292922216978e+01
7.312732791431452384e+00
1.052482020710848865e+01
1.354055000514615159e+01
1.178062436274634450e+01
7.136496464611084889e+00
1.215301555949299761e+01
1.296408962885714899e+01
1.409345127989185542e+01
1.139607097042601680e+01
1.339876023397903637e+01
9.772050238058398008e+00
1.117038385124011413e+01
1.395727947504383337e+01
1.058513485680245481e+01
5.753627391751591880e+00
1.440618081907316395e+01
1.058513485680245481e+01
9.373021315815206478e+00
8.740387444736633427e+00
9.965574970333758387e+00
1.009253008808064145e+01
1.194164264288369282e+01
1.413855043925722121e+01
1.543035303761632804e+01
8.136857890256438353e+00
1.009253008808064145e+01
7.399277020331918919e+00
1.183454054540639433e+01
3.191538243211461623e+00
1.315904928495908166e+01
1.358748446131948917e+01
1.230916348999737586e+01
6.955796338302048021e+00
6.383076486422923246e+00
1.496964127403822076e+01
9.507891862878782518e+00
1.178062436274634450e+01
1.236077446474206631e+01
7.225151993843566878e+00
8.136857890256438353e+00
1.413855043925722121e+01
1.286550196516137312e+01
1.462546558286290477e+01
1.339876023397903637e+01
1.335116235624909109e+01
6.482044814428574497e+00
1.194164264288369282e+01
1.117038385124011413e+01
6.863662517577697741e+00
9.373021315815206478e+00
5.753627391751591880e+00
6.383076486422923246e+00
8.291859587312051971e+00
1.330339418036568588e+01
1.291488987023529766e+01
1.518078909665319287e+01
6.955796338302048021e+00
1.236077446474206631e+01
1.339876023397903637e+01
1.276615297284584649e+01
1.587770228520368221e+01
1.094004191971426110e+01
8.291859587312051971e+00
1.368087033328175828e+01
1.058513485680245481e+01
9.772050238058398008e+00
9.236181543108379799e+00
1.236077446474206631e+01
9.965574970333758387e+00
1.422831991532699902e+01
1.484151074652385738e+01
8.136857890256438353e+00
1.306193320280393344e+01
1.368087033328175828e+01
1.395727947504383337e+01
6.482044814428574497e+00
1.215301555949299761e+01
1.381976597885341995e+01
5.753627391751591880e+00
9.373021315815206478e+00
1.462546558286290477e+01
1.296408962885714899e+01
1.058513485680245481e+01
1.271618740744904485e+01
