1.599753570059363028e+01
1.117038385124011413e+01
7.484820637019110379e+00
1.330339418036568588e+01
1.266602473693425601e+01
9.574614729634383536e+00
1.178062436274634450e+01
1.587770228520368221e+01
1.381976597885341995e+01
8.740387444736633427e+00
9.507891862878782518e+00
1.445030398768713376e+01
1.058513485680245481e+01
1.296408962885714899e+01
8.812923024107547576e+00
1.058513485680245481e+01
1.178062436274634450e+01
9.836981518731869656e+00
1.286550196516137312e+01
1.296408962885714899e+01
9.965574970333758387e+00
1.236077446474206631e+01
1.058513485680245481e+01
1.427299292922216978e+01
5.411516379806009525e+00
1.172646028567007725e+01
1.167204486311898926e+01
1.225733520300188317e+01
1.509668435477122017e+01
1.105581278308273596e+01
1.418350619798065715e+01
4.513516668382050234e+00
1.167204486311898926e+01
1.215301555949299761e+01
1.296408962885714899e+01
1.505445578434700415e+01
1.128379167095512514e+01
1.418350619798065715e+01
9.304852983362556174e+00
1.453814859003845150e+01
1.117038385124011413e+01
1.058513485680245481e+01
1.559451034962034477e+01
1.058513485680245481e+01
9.373021315815206478e+00
8.740387444736633427e+00
9.640875829802336483e+00
1.105581278308273596e+01
1.241217083805063837e+01
1.431752655671925822e+01
1.639065416446577927e+01
7.225151993843566878e+00
1.105581278308273596e+01
1.422831991532699902e+01
1.276615297284584649e+01
1.354055000514615159e+01
4.513516668382050234e+00
1.225733520300188317e+01
1.627371578051287671e+01
1.225733520300188317e+01
8.956231982162769611e+00
1.296408962885714899e+01
3.568248232305542444e+00
1.449429283826230197e+01
7.312732791431452384e+00
1.427299292922216978e+01
1.543035303761632804e+01
1.462546558286290477e+01
1.354055000514615159e+01
1.281592373849173683e+01
1.117038385124011413e+01
9.097283682934460103e+00
9.373021315815206478e+00
1.400281721259029588e+01
1.315904928495908166e+01
1.611647812414279102e+01
6.383076486422923246e+00
1.236077446474206631e+01
1.386575534383213970e+01
1.286550196516137312e+01
1.646815177937675045e+01
1.105581278308273596e+01
1.386575534383213970e+01
1.058513485680245481e+01
6.076507779746498805e+00
9.373021315815206478e+00
8.368283871884004910e+00
1.339876023397903637e+01
9.965574970333758387e+00
1.431752655671925822e+01
1.518078909665319287e+01
5.970821321441846408e+00
1.422831991532699902e+01
1.395727947504383337e+01
1.413855043925722121e+01
1.261566261010080048e+01
1.458187244392064308e+01
8.214724333230154940e+00
1.479855404066383784e+01
1.315904928495908166e+01
1.058513485680245481e+01
1.266602473693425601e+01
