1.623454913941802857e+01
1.111324596323282954e+01
1.354055000514615159e+01
5.641895835477562571e+00
1.266602473693425601e+01
9.304852983362556174e+00
1.225733520300188317e+01
1.603728119216292924e+01
1.391159267660409604e+01
8.444016491289504600e+00
9.373021315815206478e+00
1.484151074652385738e+01
1.058513485680245481e+01
1.339876023397903637e+01
8.291859587312051971e+00
1.058513485680245481e+01
1.178062436274634450e+01
1.306193320280393344e+01
9.574614729634383536e+00
1.325545386523797831e+01
9.772050238058398008e+00
1.236077446474206631e+01
1.058513485680245481e+01
1.449429283826230197e+01
1.172646028567007725e+01
1.178062436274634450e+01
1.251433034574463399e+01
1.579730833933717626e+01
1.099807968464679142e+01
1.475547227809780537e+01
1.145179781116143225e+01
1.225733520300188317e+01
1.286550196516137312e+01
1.543035303761632804e+01
1.111324596323282954e+01
1.458187244392064308e+01
8.444016491289504600e+00
1.471226436021925466e+01
1.117038385124011413e+01
1.052482020710848865e+01
1.583755632390385770e+01
1.040314189572019821e+01
8.812923024107547576e+00
8.444016491289504600e+00
9.166995688475081394e+00
1.088169461344923583e+01
1.236077446474206631e+01
1.422831991532699902e+01
1.729772508200899850e+01
1.117038385124011413e+01
5.170882945826410726e+00
1.505445578434700415e+01
1.281592373849173683e+01
1.372732503515539548e+01
1.220528683538465842e+01
1.639065416446577927e+01
1.261566261010080048e+01
8.136857890256438353e+00
1.311058116710494836e+01
1.475547227809780537e+01
1.445030398768713376e+01
5.292567428401227403e+00
1.579730833933717626e+01
1.484151074652385738e+01
1.386575534383213970e+01
1.286550196516137312e+01
1.117038385124011413e+01
8.291859587312051971e+00
9.236181543108379799e+00
1.413855043925722121e+01
1.320733953636073110e+01
1.692568750643268771e+01
1.236077446474206631e+01
1.409345127989185542e+01
1.296408962885714899e+01
1.707547527140466670e+01
1.111324596323282954e+01
1.395727947504383337e+01
1.070474469691662733e+01
9.166995688475081394e+00
7.735777827895049086e+00
1.368087033328175828e+01
1.046415791390898242e+01
1.436192209445157708e+01
1.559451034962034477e+01
1.440618081907316395e+01
1.436192209445157708e+01
1.427299292922216978e+01
1.281592373849173683e+01
1.479855404066383784e+01
7.136496464611084889e+00
1.530607971465162365e+01
1.315904928495908166e+01
1.034176589165282145e+01
1.271618740744904485e+01
7.735777827895049086e+00
