8.519075891779829490e+00
1.117038385124011413e+01
1.291488987023529766e+01
1.436192209445157708e+01
1.266602473693425601e+01
9.836981518731869656e+00
1.178062436274634450e+01
5.411516379806009525e+00
1.526443044094783019e+01
7.225151993843566878e+00
1.286550196516137312e+01
9.304852983362556174e+00
9.640875829802336483e+00
1.372732503515539548e+01
1.058513485680245481e+01
1.286550196516137312e+01
9.166995688475081394e+00
1.058513485680245481e+01
1.150725478350318376e+01
5.641895835477562571e+00
9.965574970333758387e+00
1.178062436274634450e+01
1.276615297284584649e+01
9.640875829802336483e+00
5.292567428401227403e+00
1.230916348999737586e+01
1.058513485680245481e+01
7.569397566060480642e+00
1.330339418036568588e+01
1.156244577056221523e+01
1.161737456321036532e+01
1.178062436274634450e+01
1.413855043925722121e+01
7.484820637019110379e+00
1.058513485680245481e+01
1.354055000514615159e+01
1.178062436274634450e+01
7.399277020331918919e+00
3.568248232305542444e+00
1.215301555949299761e+01
1.296408962885714899e+01
1.395727947504383337e+01
1.088169461344923583e+01
9.836981518731869656e+00
1.330339418036568588e+01
1.117038385124011413e+01
1.372732503515539548e+01
1.058513485680245481e+01
6.482044814428574497e+00
1.431752655671925822e+01
1.058513485680245481e+01
9.373021315815206478e+00
8.956231982162769611e+00
9.965574970333758387e+00
9.965574970333758387e+00
1.178062436274634450e+01
1.413855043925722121e+01
1.526443044094783019e+01
8.291859587312051971e+00
1.009253008808064145e+01
4.513516668382050234e+00
7.399277020331918919e+00
1.296408962885714899e+01
1.354055000514615159e+01
1.161737456321036532e+01
1.236077446474206631e+01
7.484820637019110379e+00
6.675581178124545545e+00
1.488434347843123184e+01
9.507891862878782518e+00
1.178062436274634450e+01
1.236077446474206631e+01
7.569397566060480642e+00
8.291859587312051971e+00
1.400281721259029588e+01
1.271618740744904485e+01
1.453814859003845150e+01
1.325545386523797831e+01
1.325545386523797831e+01
6.863662517577697741e+00
1.194164264288369282e+01
1.117038385124011413e+01
6.863662517577697741e+00
9.373021315815206478e+00
6.282549314314217703e+00
6.675581178124545545e+00
8.291859587312051971e+00
1.325545386523797831e+01
1.291488987023529766e+01
1.505445578434700415e+01
7.136496464611084889e+00
1.236077446474206631e+01
1.330339418036568588e+01
1.266602473693425601e+01
1.579730833933717626e+01
1.094004191971426110e+01
8.593479713983121826e+00
1.349345229721172146e+01
1.058513485680245481e+01
9.836981518731869656e+00
9.304852983362556174e+00
1.215301555949299761e+01
9.965574970333758387e+00
1.431752655671925822e+01
1.471226436021925466e+01
8.444016491289504600e+00
1.291488987023529766e+01
1.363425735166143049e+01
6.863662517577697741e+00
1.395727947504383337e+01
1.204779266504070279e+01
1.368087033328175828e+01
6.076507779746498805e+00
9.373021315815206478e+00
1.462546558286290477e+01
1.286550196516137312e+01
1.058513485680245481e+01
1.271618740744904485e+01
