1.458187244392064308e+01
1.650676414605009157e+01
1.094004191971426110e+01
1.256509862862843541e+01
1.358748446131948917e+01
8.136857890256438353e+00
1.607692842495848140e+01
1.409345127989185542e+01
1.471226436021925466e+01
6.076507779746498805e+00
8.812923024107547576e+00
1.522266721510391640e+01
1.058513485680245481e+01
1.028002345391383443e+01
3.191538243211461623e+00
1.178062436274634450e+01
1.315904928495908166e+01
9.236181543108379799e+00
1.381976597885341995e+01
8.444016491289504600e+00
1.236077446474206631e+01
1.021790793990058255e+01
1.484151074652385738e+01
1.194164264288369282e+01
1.178062436274634450e+01
1.266602473693425601e+01
1.654528640181426269e+01
1.034176589165282145e+01
1.555363345008750464e+01
1.111324596323282954e+01
1.236077446474206631e+01
1.286550196516137312e+01
1.547155565579009817e+01
1.111324596323282954e+01
1.488434347843123184e+01
1.479855404066383784e+01
1.117038385124011413e+01
4.787307364817191768e+00
1.058513485680245481e+01
1.639065416446577927e+01
1.034176589165282145e+01
7.978845608028653835e+00
6.180387232371033157e+00
7.817640190446718762e+00
1.082303275961201905e+01
1.236077446474206631e+01
1.418350619798065715e+01
1.215301555949299761e+01
1.801877032173578996e+01
1.639065416446577927e+01
1.261566261010080048e+01
1.427299292922216978e+01
1.183454054540639433e+01
1.658371917462410394e+01
1.256509862862843541e+01
1.330339418036568588e+01
1.488434347843123184e+01
1.488434347843123184e+01
1.642944866646030988e+01
1.619528777809902209e+01
1.427299292922216978e+01
1.315904928495908166e+01
1.117038385124011413e+01
6.180387232371033157e+00
7.653039857325811823e+00
1.431752655671925822e+01
1.311058116710494836e+01
1.776973289316191185e+01
1.230916348999737586e+01
1.513879513212096128e+01
1.276615297284584649e+01
1.791246396432553922e+01
1.076405121554611632e+01
1.427299292922216978e+01
9.836981518731869656e+00
8.740387444736633427e+00
1.377362305878664728e+01
1.009253008808064145e+01
1.440618081907316395e+01
1.677456227108388731e+01
1.543035303761632804e+01
1.479855404066383784e+01
1.479855404066383784e+01
1.518078909665319287e+01
1.296408962885714899e+01
1.543035303761632804e+01
1.311058116710494836e+01
1.015541250385961369e+01
