1.492705330360461602e+01
1.117038385124011413e+01
8.291859587312051971e+00
1.315904928495908166e+01
1.266602473693425601e+01
9.706684619910241452e+00
1.178062436274634450e+01
1.563528038089343752e+01
6.482044814428574497e+00
1.344618962205996482e+01
9.027033336764100468e+00
9.507891862878782518e+00
1.404820733880128181e+01
1.058513485680245481e+01
1.296408962885714899e+01
9.027033336764100468e+00
1.058513485680245481e+01
1.167204486311898926e+01
9.836981518731869656e+00
1.251433034574463399e+01
1.296408962885714899e+01
9.965574970333758387e+00
1.236077446474206631e+01
1.058513485680245481e+01
7.312732791431452384e+00
1.381976597885341995e+01
1.161737456321036532e+01
1.161737456321036532e+01
1.178062436274634450e+01
1.458187244392064308e+01
6.955796338302048021e+00
1.052482020710848865e+01
1.377362305878664728e+01
1.178062436274634450e+01
6.076507779746498805e+00
1.215301555949299761e+01
1.296408962885714899e+01
1.440618081907316395e+01
1.145179781116143225e+01
1.358748446131948917e+01
9.706684619910241452e+00
1.422831991532699902e+01
1.117038385124011413e+01
1.058513485680245481e+01
3.908820095223359381e+00
1.484151074652385738e+01
1.058513485680245481e+01
9.373021315815206478e+00
8.740387444736633427e+00
9.965574970333758387e+00
1.058513485680245481e+01
1.204779266504070279e+01
1.427299292922216978e+01
1.567594437773643001e+01
8.136857890256438353e+00
1.009253008808064145e+01
6.863662517577697741e+00
1.210051848659980855e+01
1.325545386523797831e+01
1.372732503515539548e+01
1.230916348999737586e+01
5.753627391751591880e+00
5.863230142835038627e+00
1.555363345008750464e+01
9.373021315815206478e+00
1.178062436274634450e+01
1.246335526484300615e+01
6.863662517577697741e+00
7.978845608028653835e+00
1.413855043925722121e+01
1.315904928495908166e+01
1.488434347843123184e+01
1.391159267660409604e+01
1.354055000514615159e+01
5.641895835477562571e+00
1.230916348999737586e+01
1.117038385124011413e+01
9.236181543108379799e+00
5.753627391751591880e+00
2.763953195770683990e+00
8.291859587312051971e+00
5.292567428401227403e+00
1.344618962205996482e+01
1.286550196516137312e+01
1.538904010394216471e+01
6.770275002573075795e+00
1.236077446474206631e+01
1.358748446131948917e+01
1.286550196516137312e+01
1.603728119216292924e+01
1.111324596323282954e+01
1.368087033328175828e+01
1.058513485680245481e+01
7.399277020331918919e+00
9.772050238058398008e+00
9.097283682934460103e+00
1.266602473693425601e+01
9.965574970333758387e+00
1.427299292922216978e+01
1.484151074652385738e+01
7.484820637019110379e+00
1.349345229721172146e+01
1.368087033328175828e+01
1.395727947504383337e+01
5.527906391541367981e+00
1.230916348999737586e+01
1.418350619798065715e+01
9.166995688475081394e+00
2.256758334191025117e+00
1.471226436021925466e+01
1.296408962885714899e+01
1.058513485680245481e+01
1.271618740744904485e+01
