1.409345127989185542e+01
1.650676414605009157e+01
1.099807968464679142e+01
1.256509862862843541e+01
8.740387444736633427e+00
1.320733953636073110e+01
1.603728119216292924e+01
1.400281721259029588e+01
1.409345127989185542e+01
7.484820637019110379e+00
9.166995688475081394e+00
1.513879513212096128e+01
1.058513485680245481e+01
6.955796338302048021e+00
1.046415791390898242e+01
1.178062436274634450e+01
1.306193320280393344e+01
9.373021315815206478e+00
1.344618962205996482e+01
9.027033336764100468e+00
1.236077446474206631e+01
1.058513485680245481e+01
1.475547227809780537e+01
1.172646028567007725e+01
1.178062436274634450e+01
1.261566261010080048e+01
1.619528777809902209e+01
1.070474469691662733e+01
1.522266721510391640e+01
1.128379167095512514e+01
1.236077446474206631e+01
1.286550196516137312e+01
1.543035303761632804e+01
1.111324596323282954e+01
1.479855404066383784e+01
1.479855404066383784e+01
7.225151993843566878e+00
1.117038385124011413e+01
1.058513485680245481e+01
1.595769121605730767e+01
1.034176589165282145e+01
8.291859587312051971e+00
7.653039857325811823e+00
8.593479713983121826e+00
1.094004191971426110e+01
1.236077446474206631e+01
1.422831991532699902e+01
1.215301555949299761e+01
1.787688803255549530e+01
1.547155565579009817e+01
1.261566261010080048e+01
1.422831991532699902e+01
1.183454054540639433e+01
1.658371917462410394e+01
1.256509862862843541e+01
5.753627391751591880e+00
1.315904928495908166e+01
1.484151074652385738e+01
1.471226436021925466e+01
1.627371578051287671e+01
1.543035303761632804e+01
1.418350619798065715e+01
1.306193320280393344e+01
1.117038385124011413e+01
7.569397566060480642e+00
8.667244841319218907e+00
1.427299292922216978e+01
1.320733953636073110e+01
1.740778594902202769e+01
1.236077446474206631e+01
1.445030398768713376e+01
1.286550196516137312e+01
1.762584604821509515e+01
1.094004191971426110e+01
1.427299292922216978e+01
1.034176589165282145e+01
9.166995688475081394e+00
1.372732503515539548e+01
4.513516668382050234e+00
1.021790793990058255e+01
1.440618081907316395e+01
1.650676414605009157e+01
1.488434347843123184e+01
1.466892917224166482e+01
1.475547227809780537e+01
1.296408962885714899e+01
1.488434347843123184e+01
1.538904010394216471e+01
1.311058116710494836e+01
1.034176589165282145e+01
5.753627391751591880e+00
