2.985410660720923204e+00
8.884866446580955923e+00
1.117038385124011413e+01
1.241217083805063837e+01
1.363425735166143049e+01
1.251433034574463399e+01
9.901487006738307173e+00
1.178062436274634450e+01
6.282549314314217703e+00
4.513516668382050234e+00
1.479855404066383784e+01
7.653039857325811823e+00
9.304852983362556174e+00
1.183454054540639433e+01
9.640875829802336483e+00
1.339876023397903637e+01
1.058513485680245481e+01
1.266602473693425601e+01
9.236181543108379799e+00
1.058513485680245481e+01
1.134007028277388685e+01
6.863662517577697741e+00
9.965574970333758387e+00
1.178062436274634450e+01
1.256509862862843541e+01
9.507891862878782518e+00
6.863662517577697741e+00
1.215301555949299761e+01
1.058513485680245481e+01
8.136857890256438353e+00
1.286550196516137312e+01
5.753627391751591880e+00
1.105581278308273596e+01
1.178062436274634450e+01
1.088169461344923583e+01
1.372732503515539548e+01
8.291859587312051971e+00
1.015541250385961369e+01
1.320733953636073110e+01
1.145179781116143225e+01
8.136857890256438353e+00
6.076507779746498805e+00
1.215301555949299761e+01
1.276615297284584649e+01
1.344618962205996482e+01
1.046415791390898242e+01
9.901487006738307173e+00
1.296408962885714899e+01
1.117038385124011413e+01
1.325545386523797831e+01
1.058513485680245481e+01
7.653039857325811823e+00
1.377362305878664728e+01
1.058513485680245481e+01
5.863230142835038627e+00
9.373021315815206478e+00
9.027033336764100468e+00
9.965574970333758387e+00
9.772050238058398008e+00
1.167204486311898926e+01
8.519075891779829490e+00
1.404820733880128181e+01
1.471226436021925466e+01
9.901487006738307173e+00
6.482044814428574497e+00
7.898654169668588132e+00
1.296408962885714899e+01
1.315904928495908166e+01
1.099807968464679142e+01
1.236077446474206631e+01
7.978845608028653835e+00
7.136496464611084889e+00
1.445030398768713376e+01
5.863230142835038627e+00
9.373021315815206478e+00
1.178062436274634450e+01
1.225733520300188317e+01
8.214724333230154940e+00
8.593479713983121826e+00
1.236077446474206631e+01
1.344618962205996482e+01
1.409345127989185542e+01
1.286550196516137312e+01
1.315904928495908166e+01
7.312732791431452384e+00
1.117038385124011413e+01
1.099807968464679142e+01
7.569397566060480642e+00
7.653039857325811823e+00
9.373021315815206478e+00
7.136496464611084889e+00
8.136857890256438353e+00
1.306193320280393344e+01
1.286550196516137312e+01
1.471226436021925466e+01
5.641895835477562571e+00
7.136496464611084889e+00
1.225733520300188317e+01
1.271618740744904485e+01
1.251433034574463399e+01
1.534761596392107741e+01
1.070474469691662733e+01
8.884866446580955923e+00
1.325545386523797831e+01
1.058513485680245481e+01
8.884866446580955923e+00
9.373021315815206478e+00
2.256758334191025117e+00
1.172646028567007725e+01
9.965574970333758387e+00
1.391159267660409604e+01
5.527906391541367981e+00
1.427299292922216978e+01
8.740387444736633427e+00
1.183454054540639433e+01
1.325545386523797831e+01
7.653039857325811823e+00
1.377362305878664728e+01
1.167204486311898926e+01
1.315904928495908166e+01
7.312732791431452384e+00
9.574614729634383536e+00
1.386575534383213970e+01
4.918490759365934828e+00
1.261566261010080048e+01
1.058513485680245481e+01
1.251433034574463399e+01
