1.522266721510391640e+01
1.117038385124011413e+01
7.978845608028653835e+00
1.320733953636073110e+01
1.266602473693425601e+01
9.706684619910241452e+00
1.178062436274634450e+01
1.579730833933717626e+01
5.753627391751591880e+00
1.349345229721172146e+01
9.027033336764100468e+00
9.507891862878782518e+00
1.418350619798065715e+01
1.058513485680245481e+01
1.296408962885714899e+01
8.956231982162769611e+00
1.058513485680245481e+01
1.167204486311898926e+01
9.836981518731869656e+00
1.266602473693425601e+01
1.296408962885714899e+01
9.965574970333758387e+00
1.236077446474206631e+01
1.058513485680245481e+01
6.863662517577697741e+00
1.404820733880128181e+01
1.167204486311898926e+01
1.161737456321036532e+01
1.199483507827737583e+01
1.484151074652385738e+01
1.058513485680245481e+01
1.386575534383213970e+01
6.180387232371033157e+00
1.178062436274634450e+01
5.292567428401227403e+00
1.215301555949299761e+01
1.296408962885714899e+01
1.471226436021925466e+01
1.134007028277388685e+01
1.368087033328175828e+01
9.373021315815206478e+00
1.431752655671925822e+01
1.117038385124011413e+01
1.058513485680245481e+01
1.538904010394216471e+01
1.058513485680245481e+01
9.373021315815206478e+00
8.740387444736633427e+00
9.836981518731869656e+00
1.058513485680245481e+01
1.210051848659980855e+01
1.436192209445157708e+01
1.599753570059363028e+01
7.898654169668588132e+00
1.028002345391383443e+01
1.236077446474206631e+01
1.335116235624909109e+01
1.391159267660409604e+01
6.180387232371033157e+00
1.230916348999737586e+01
4.918490759365934828e+00
4.513516668382050234e+00
1.571650316319191809e+01
9.373021315815206478e+00
1.194164264288369282e+01
1.266602473693425601e+01
5.863230142835038627e+00
1.368087033328175828e+01
7.653039857325811823e+00
1.427299292922216978e+01
1.505445578434700415e+01
1.427299292922216978e+01
1.354055000514615159e+01
4.222008245644752300e+00
1.241217083805063837e+01
1.117038385124011413e+01
9.097283682934460103e+00
4.918490759365934828e+00
8.740387444736633427e+00
3.908820095223359381e+00
1.381976597885341995e+01
1.286550196516137312e+01
1.551264883747923129e+01
6.383076486422923246e+00
1.236077446474206631e+01
1.368087033328175828e+01
1.286550196516137312e+01
1.615593100600235843e+01
1.105581278308273596e+01
1.381976597885341995e+01
1.058513485680245481e+01
7.046725639945927711e+00
9.706684619910241452e+00
8.812923024107547576e+00
1.301310337505149661e+01
9.965574970333758387e+00
1.431752655671925822e+01
1.492705330360461602e+01
6.955796338302048021e+00
1.404820733880128181e+01
1.381976597885341995e+01
1.413855043925722121e+01
3.385137501286537898e+00
1.236077446474206631e+01
1.440618081907316395e+01
8.812923024107547576e+00
1.475547227809780537e+01
1.301310337505149661e+01
1.058513485680245481e+01
1.271618740744904485e+01
