4.787307364817191768e+00
9.097283682934460103e+00
1.117038385124011413e+01
1.236077446474206631e+01
1.325545386523797831e+01
1.210051848659980855e+01
4.222008245644752300e+00
9.901487006738307173e+00
6.675581178124545545e+00
1.178062436274634450e+01
5.527906391541367981e+00
1.449429283826230197e+01
7.817640190446718762e+00
9.304852983362556174e+00
9.574614729634383536e+00
1.156244577056221523e+01
1.335116235624909109e+01
1.058513485680245481e+01
1.256509862862843541e+01
9.373021315815206478e+00
1.058513485680245481e+01
1.128379167095512514e+01
7.225151993843566878e+00
9.965574970333758387e+00
1.178062436274634450e+01
1.241217083805063837e+01
9.304852983362556174e+00
6.863662517577697741e+00
1.215301555949299761e+01
1.058513485680245481e+01
8.136857890256438353e+00
1.271618740744904485e+01
6.180387232371033157e+00
1.088169461344923583e+01
1.167204486311898926e+01
1.076405121554611632e+01
2.256758334191025117e+00
1.354055000514615159e+01
8.291859587312051971e+00
9.965574970333758387e+00
1.315904928495908166e+01
1.134007028277388685e+01
8.136857890256438353e+00
6.675581178124545545e+00
1.215301555949299761e+01
1.276615297284584649e+01
1.335116235624909109e+01
1.021790793990058255e+01
9.965574970333758387e+00
1.296408962885714899e+01
1.117038385124011413e+01
1.315904928495908166e+01
1.040314189572019821e+01
7.898654169668588132e+00
1.372732503515539548e+01
1.058513485680245481e+01
6.180387232371033157e+00
9.373021315815206478e+00
8.812923024107547576e+00
9.965574970333758387e+00
9.772050238058398008e+00
3.908820095223359381e+00
1.150725478350318376e+01
1.404820733880128181e+01
8.444016491289504600e+00
9.772050238058398008e+00
6.863662517577697741e+00
8.058239062071395509e+00
1.449429283826230197e+01
1.296408962885714899e+01
1.306193320280393344e+01
1.070474469691662733e+01
1.236077446474206631e+01
8.291859587312051971e+00
7.225151993843566878e+00
1.427299292922216978e+01
6.180387232371033157e+00
9.373021315815206478e+00
1.178062436274634450e+01
1.204779266504070279e+01
8.519075891779829490e+00
8.291859587312051971e+00
1.236077446474206631e+01
1.286550196516137312e+01
1.386575534383213970e+01
1.281592373849173683e+01
7.653039857325811823e+00
1.286550196516137312e+01
3.191538243211461623e+00
1.105581278308273596e+01
1.094004191971426110e+01
7.653039857325811823e+00
7.978845608028653835e+00
3.568248232305542444e+00
9.373021315815206478e+00
7.225151993843566878e+00
8.136857890256438353e+00
1.301310337505149661e+01
1.256509862862843541e+01
1.449429283826230197e+01
6.383076486422923246e+00
7.225151993843566878e+00
1.210051848659980855e+01
1.266602473693425601e+01
1.230916348999737586e+01
1.509668435477122017e+01
1.064510777218481152e+01
8.956231982162769611e+00
1.315904928495908166e+01
1.064510777218481152e+01
4.513516668382050234e+00
9.027033336764100468e+00
9.373021315815206478e+00
1.134007028277388685e+01
9.965574970333758387e+00
1.377362305878664728e+01
6.076507779746498805e+00
1.400281721259029588e+01
8.740387444736633427e+00
1.178062436274634450e+01
1.315904928495908166e+01
8.058239062071395509e+00
1.368087033328175828e+01
1.156244577056221523e+01
1.301310337505149661e+01
7.653039857325811823e+00
9.706684619910241452e+00
1.339876023397903637e+01
5.527906391541367981e+00
1.261566261010080048e+01
1.058513485680245481e+01
3.908820095223359381e+00
1.236077446474206631e+01
