1.631278838364701755e+01
1.105581278308273596e+01
1.372732503515539548e+01
1.266602473693425601e+01
2.985410660720923204e+00
8.740387444736633427e+00
1.236077446474206631e+01
1.603728119216292924e+01
1.391159267660409604e+01
1.358748446131948917e+01
8.136857890256438353e+00
9.373021315815206478e+00
1.488434347843123184e+01
1.058513485680245481e+01
7.653039857325811823e+00
1.058513485680245481e+01
1.178062436274634450e+01
1.306193320280393344e+01
9.373021315815206478e+00
1.335116235624909109e+01
9.507891862878782518e+00
1.236077446474206631e+01
1.058513485680245481e+01
1.458187244392064308e+01
1.172646028567007725e+01
1.178062436274634450e+01
1.261566261010080048e+01
1.587770228520368221e+01
1.082303275961201905e+01
1.479855404066383784e+01
1.134007028277388685e+01
1.230916348999737586e+01
1.286550196516137312e+01
1.543035303761632804e+01
1.111324596323282954e+01
1.466892917224166482e+01
8.136857890256438353e+00
1.479855404066383784e+01
1.117038385124011413e+01
1.052482020710848865e+01
1.595769121605730767e+01
1.034176589165282145e+01
8.812923024107547576e+00
8.291859587312051971e+00
9.166995688475081394e+00
1.088169461344923583e+01
1.236077446474206631e+01
1.422831991532699902e+01
1.194164264288369282e+01
1.755346033766304004e+01
1.518078909665319287e+01
1.271618740744904485e+01
1.400281721259029588e+01
1.210051848659980855e+01
1.658371917462410394e+01
1.271618740744904485e+01
7.898654169668588132e+00
1.315904928495908166e+01
1.484151074652385738e+01
1.453814859003845150e+01
1.599753570059363028e+01
1.492705330360461602e+01
1.409345127989185542e+01
1.311058116710494836e+01
1.117038385124011413e+01
8.136857890256438353e+00
9.166995688475081394e+00
1.413855043925722121e+01
1.325545386523797831e+01
1.707547527140466670e+01
1.236077446474206631e+01
1.418350619798065715e+01
1.296408962885714899e+01
1.733448968263843781e+01
1.099807968464679142e+01
1.422831991532699902e+01
1.058513485680245481e+01
9.236181543108379799e+00
6.482044814428574497e+00
1.368087033328175828e+01
1.034176589165282145e+01
1.440618081907316395e+01
1.579730833933717626e+01
1.462546558286290477e+01
1.462546558286290477e+01
1.440618081907316395e+01
1.286550196516137312e+01
1.479855404066383784e+01
6.180387232371033157e+00
1.530607971465162365e+01
1.311058116710494836e+01
1.034176589165282145e+01
7.136496464611084889e+00
