5.753627391751591880e+00
9.373021315815206478e+00
1.117038385124011413e+01
1.306193320280393344e+01
1.210051848659980855e+01
5.641895835477562571e+00
1.178062436274634450e+01
9.965574970333758387e+00
6.863662517577697741e+00
1.178062436274634450e+01
6.180387232371033157e+00
1.440618081907316395e+01
7.978845608028653835e+00
9.304852983362556174e+00
9.574614729634383536e+00
1.122723095552866468e+01
1.335116235624909109e+01
1.058513485680245481e+01
1.246335526484300615e+01
9.373021315815206478e+00
1.058513485680245481e+01
1.122723095552866468e+01
7.399277020331918919e+00
9.965574970333758387e+00
1.178062436274634450e+01
1.236077446474206631e+01
9.027033336764100468e+00
7.225151993843566878e+00
1.204779266504070279e+01
1.058513485680245481e+01
8.136857890256438353e+00
1.256509862862843541e+01
6.955796338302048021e+00
1.064510777218481152e+01
1.161737456321036532e+01
5.170882945826410726e+00
1.058513485680245481e+01
1.335116235624909109e+01
8.593479713983121826e+00
9.772050238058398008e+00
1.306193320280393344e+01
1.128379167095512514e+01
8.291859587312051971e+00
7.136496464611084889e+00
1.215301555949299761e+01
1.276615297284584649e+01
1.335116235624909109e+01
1.021790793990058255e+01
9.965574970333758387e+00
1.281592373849173683e+01
1.117038385124011413e+01
1.296408962885714899e+01
1.021790793990058255e+01
8.136857890256438353e+00
1.358748446131948917e+01
1.058513485680245481e+01
6.955796338302048021e+00
9.373021315815206478e+00
8.740387444736633427e+00
9.965574970333758387e+00
5.527906391541367981e+00
9.901487006738307173e+00
1.134007028277388685e+01
1.386575534383213970e+01
8.444016491289504600e+00
9.772050238058398008e+00
7.046725639945927711e+00
8.136857890256438353e+00
1.445030398768713376e+01
1.286550196516137312e+01
1.296408962885714899e+01
1.064510777218481152e+01
1.236077446474206631e+01
8.593479713983121826e+00
7.399277020331918919e+00
6.675581178124545545e+00
1.413855043925722121e+01
9.373021315815206478e+00
1.178062436274634450e+01
1.199483507827737583e+01
8.667244841319218907e+00
8.291859587312051971e+00
1.210051848659980855e+01
1.271618740744904485e+01
1.386575534383213970e+01
1.266602473693425601e+01
7.735777827895049086e+00
1.276615297284584649e+01
5.170882945826410726e+00
1.070474469691662733e+01
5.170882945826410726e+00
1.082303275961201905e+01
7.569397566060480642e+00
8.136857890256438353e+00
9.373021315815206478e+00
7.399277020331918919e+00
8.368283871884004910e+00
1.281592373849173683e+01
1.251433034574463399e+01
1.413855043925722121e+01
6.482044814428574497e+00
7.225151993843566878e+00
1.128379167095512559e+00
1.204779266504070279e+01
1.230916348999737586e+01
1.199483507827737583e+01
1.484151074652385738e+01
1.046415791390898242e+01
4.370193722368316713e+00
9.166995688475081394e+00
1.070474469691662733e+01
5.170882945826410726e+00
1.286550196516137312e+01
5.527906391541367981e+00
8.740387444736633427e+00
9.236181543108379799e+00
1.105581278308273596e+01
9.965574970333758387e+00
1.358748446131948917e+01
6.770275002573075795e+00
1.372732503515539548e+01
8.444016491289504600e+00
1.178062436274634450e+01
1.291488987023529766e+01
3.908820095223359381e+00
8.214724333230154940e+00
1.358748446131948917e+01
1.150725478350318376e+01
1.261566261010080048e+01
8.058239062071395509e+00
9.836981518731869656e+00
1.256509862862843541e+01
6.180387232371033157e+00
1.256509862862843541e+01
1.058513485680245481e+01
5.527906391541367981e+00
1.236077446474206631e+01
