6.076507779746498805e+00
9.373021315815206478e+00
1.117038385124011413e+01
1.301310337505149661e+01
1.210051848659980855e+01
5.970821321441846408e+00
1.167204486311898926e+01
9.965574970333758387e+00
7.136496464611084889e+00
1.178062436274634450e+01
6.282549314314217703e+00
1.431752655671925822e+01
7.978845608028653835e+00
9.304852983362556174e+00
9.574614729634383536e+00
1.111324596323282954e+01
1.335116235624909109e+01
1.058513485680245481e+01
1.241217083805063837e+01
9.373021315815206478e+00
1.058513485680245481e+01
1.099807968464679142e+01
7.653039857325811823e+00
9.965574970333758387e+00
1.172646028567007725e+01
1.236077446474206631e+01
8.956231982162769611e+00
7.225151993843566878e+00
1.199483507827737583e+01
1.058513485680245481e+01
8.136857890256438353e+00
1.241217083805063837e+01
6.955796338302048021e+00
1.058513485680245481e+01
1.161737456321036532e+01
5.527906391541367981e+00
1.058513485680245481e+01
1.325545386523797831e+01
8.740387444736633427e+00
9.640875829802336483e+00
1.306193320280393344e+01
1.122723095552866468e+01
8.291859587312051971e+00
7.136496464611084889e+00
1.215301555949299761e+01
1.271618740744904485e+01
1.335116235624909109e+01
1.021790793990058255e+01
9.965574970333758387e+00
1.261566261010080048e+01
1.122723095552866468e+01
1.296408962885714899e+01
1.015541250385961369e+01
8.136857890256438353e+00
1.349345229721172146e+01
1.058513485680245481e+01
7.046725639945927711e+00
9.507891862878782518e+00
8.740387444736633427e+00
9.965574970333758387e+00
5.527906391541367981e+00
9.901487006738307173e+00
1.134007028277388685e+01
1.386575534383213970e+01
8.368283871884004910e+00
9.772050238058398008e+00
7.399277020331918919e+00
8.136857890256438353e+00
1.440618081907316395e+01
1.281592373849173683e+01
1.296408962885714899e+01
1.058513485680245481e+01
1.236077446474206631e+01
8.740387444736633427e+00
7.484820637019110379e+00
6.955796338302048021e+00
1.400281721259029588e+01
9.373021315815206478e+00
1.178062436274634450e+01
1.199483507827737583e+01
8.740387444736633427e+00
8.291859587312051971e+00
1.204779266504070279e+01
1.256509862862843541e+01
1.377362305878664728e+01
1.266602473693425601e+01
7.898654169668588132e+00
1.266602473693425601e+01
5.753627391751591880e+00
1.070474469691662733e+01
5.641895835477562571e+00
1.082303275961201905e+01
7.569397566060480642e+00
8.136857890256438353e+00
9.373021315815206478e+00
7.399277020331918919e+00
8.444016491289504600e+00
1.246335526484300615e+01
1.251433034574463399e+01
6.770275002573075795e+00
1.400281721259029588e+01
3.742410318509555189e+00
7.312732791431452384e+00
1.204779266504070279e+01
1.236077446474206631e+01
1.188821220645068522e+01
1.479855404066383784e+01
1.028002345391383443e+01
4.787307364817191768e+00
9.236181543108379799e+00
1.070474469691662733e+01
5.411516379806009525e+00
1.286550196516137312e+01
6.383076486422923246e+00
8.740387444736633427e+00
9.027033336764100468e+00
1.105581278308273596e+01
9.965574970333758387e+00
1.349345229721172146e+01
6.955796338302048021e+00
1.363425735166143049e+01
8.444016491289504600e+00
3.191538243211461623e+00
1.161737456321036532e+01
1.276615297284584649e+01
4.513516668382050234e+00
8.214724333230154940e+00
1.358748446131948917e+01
1.128379167095512514e+01
1.236077446474206631e+01
8.136857890256438353e+00
9.836981518731869656e+00
6.675581178124545545e+00
1.236077446474206631e+01
1.251433034574463399e+01
1.058513485680245481e+01
5.753627391751591880e+00
1.236077446474206631e+01
