1.543035303761632804e+01
1.117038385124011413e+01
7.735777827895049086e+00
1.325545386523797831e+01
1.266602473693425601e+01
9.706684619910241452e+00
1.178062436274634450e+01
1.587770228520368221e+01
4.068428945128219176e+00
1.381976597885341995e+01
8.740387444736633427e+00
9.507891862878782518e+00
1.431752655671925822e+01
1.058513485680245481e+01
1.296408962885714899e+01
8.812923024107547576e+00
1.058513485680245481e+01
1.178062436274634450e+01
9.836981518731869656e+00
1.286550196516137312e+01
1.296408962885714899e+01
9.965574970333758387e+00
1.236077446474206631e+01
1.058513485680245481e+01
1.427299292922216978e+01
6.180387232371033157e+00
1.167204486311898926e+01
1.167204486311898926e+01
1.215301555949299761e+01
1.501210842680413826e+01
1.105581278308273596e+01
1.395727947504383337e+01
5.641895835477562571e+00
1.172646028567007725e+01
2.763953195770683990e+00
1.215301555949299761e+01
1.296408962885714899e+01
1.501210842680413826e+01
1.134007028277388685e+01
1.391159267660409604e+01
9.373021315815206478e+00
1.445030398768713376e+01
1.117038385124011413e+01
1.058513485680245481e+01
1.543035303761632804e+01
1.058513485680245481e+01
9.373021315815206478e+00
8.740387444736633427e+00
9.772050238058398008e+00
1.094004191971426110e+01
1.236077446474206631e+01
1.431752655671925822e+01
1.619528777809902209e+01
7.569397566060480642e+00
1.076405121554611632e+01
1.409345127989185542e+01
1.266602473693425601e+01
1.344618962205996482e+01
5.527906391541367981e+00
1.230916348999737586e+01
1.607692842495848140e+01
9.166995688475081394e+00
1.210051848659980855e+01
1.286550196516137312e+01
5.170882945826410726e+00
1.436192209445157708e+01
7.312732791431452384e+00
1.427299292922216978e+01
1.530607971465162365e+01
1.449429283826230197e+01
1.354055000514615159e+01
1.281592373849173683e+01
1.117038385124011413e+01
9.097283682934460103e+00
2.523132522020160362e+00
9.236181543108379799e+00
1.400281721259029588e+01
1.301310337505149661e+01
1.583755632390385770e+01
6.383076486422923246e+00
1.236077446474206631e+01
1.377362305878664728e+01
1.286550196516137312e+01
1.639065416446577927e+01
1.105581278308273596e+01
1.381976597885341995e+01
1.058513485680245481e+01
6.675581178124545545e+00
9.640875829802336483e+00
8.593479713983121826e+00
1.325545386523797831e+01
9.965574970333758387e+00
1.431752655671925822e+01
1.505445578434700415e+01
6.770275002573075795e+00
1.413855043925722121e+01
1.386575534383213970e+01
1.413855043925722121e+01
1.256509862862843541e+01
1.453814859003845150e+01
8.519075891779829490e+00
1.479855404066383784e+01
1.311058116710494836e+01
1.058513485680245481e+01
1.266602473693425601e+01
