1.449429283826230197e+01
1.650676414605009157e+01
1.094004191971426110e+01
1.256509862862843541e+01
1.349345229721172146e+01
8.136857890256438353e+00
1.607692842495848140e+01
1.409345127989185542e+01
1.462546558286290477e+01
6.863662517577697741e+00
9.027033336764100468e+00
1.522266721510391640e+01
1.058513485680245481e+01
4.918490759365934828e+00
1.034176589165282145e+01
1.178062436274634450e+01
1.306193320280393344e+01
9.373021315815206478e+00
1.368087033328175828e+01
8.740387444736633427e+00
1.236077446474206631e+01
1.028002345391383443e+01
1.484151074652385738e+01
1.183454054540639433e+01
1.178062436274634450e+01
1.266602473693425601e+01
1.646815177937675045e+01
1.034176589165282145e+01
1.543035303761632804e+01
1.111324596323282954e+01
1.236077446474206631e+01
1.286550196516137312e+01
1.547155565579009817e+01
1.111324596323282954e+01
1.479855404066383784e+01
1.479855404066383784e+01
5.753627391751591880e+00
1.117038385124011413e+01
1.058513485680245481e+01
1.623454913941802857e+01
1.034176589165282145e+01
8.136857890256438353e+00
6.955796338302048021e+00
8.136857890256438353e+00
1.082303275961201905e+01
1.236077446474206631e+01
1.418350619798065715e+01
1.215301555949299761e+01
1.801877032173578996e+01
1.619528777809902209e+01
1.266602473693425601e+01
1.427299292922216978e+01
1.183454054540639433e+01
1.658371917462410394e+01
1.256509862862843541e+01
1.330339418036568588e+01
1.488434347843123184e+01
1.488434347843123184e+01
1.635176762293251684e+01
1.603728119216292924e+01
1.427299292922216978e+01
1.315904928495908166e+01
1.117038385124011413e+01
6.675581178124545545e+00
7.817640190446718762e+00
1.431752655671925822e+01
1.311058116710494836e+01
1.776973289316191185e+01
1.230916348999737586e+01
1.518078909665319287e+01
1.276615297284584649e+01
1.769793569896924623e+01
1.076405121554611632e+01
1.427299292922216978e+01
9.965574970333758387e+00
8.956231982162769611e+00
1.377362305878664728e+01
1.015541250385961369e+01
1.440618081907316395e+01
1.673656774376800982e+01
1.530607971465162365e+01
1.479855404066383784e+01
1.479855404066383784e+01
1.509668435477122017e+01
1.296408962885714899e+01
1.543035303761632804e+01
1.311058116710494836e+01
1.021790793990058255e+01
