1.623454913941802857e+01
1.111324596323282954e+01
1.354055000514615159e+01
6.076507779746498805e+00
1.266602473693425601e+01
9.574614729634383536e+00
1.210051848659980855e+01
1.595769121605730767e+01
1.386575534383213970e+01
8.667244841319218907e+00
9.373021315815206478e+00
1.484151074652385738e+01
1.058513485680245481e+01
1.335116235624909109e+01
8.368283871884004910e+00
1.058513485680245481e+01
1.178062436274634450e+01
1.301310337505149661e+01
9.772050238058398008e+00
1.325545386523797831e+01
9.836981518731869656e+00
1.236077446474206631e+01
1.058513485680245481e+01
1.449429283826230197e+01
1.172646028567007725e+01
1.178062436274634450e+01
1.256509862862843541e+01
1.563528038089343752e+01
1.099807968464679142e+01
1.471226436021925466e+01
1.161737456321036532e+01
1.225733520300188317e+01
1.286550196516137312e+01
1.534761596392107741e+01
1.117038385124011413e+01
1.449429283826230197e+01
8.740387444736633427e+00
1.462546558286290477e+01
1.117038385124011413e+01
1.058513485680245481e+01
1.571650316319191809e+01
1.040314189572019821e+01
8.884866446580955923e+00
8.593479713983121826e+00
9.304852983362556174e+00
1.088169461344923583e+01
1.241217083805063837e+01
1.422831991532699902e+01
1.722396045987370883e+01
1.117038385124011413e+01
5.753627391751591880e+00
1.488434347843123184e+01
1.281592373849173683e+01
1.358748446131948917e+01
1.225733520300188317e+01
1.635176762293251684e+01
1.261566261010080048e+01
8.444016491289504600e+00
1.315904928495908166e+01
1.466892917224166482e+01
1.445030398768713376e+01
5.863230142835038627e+00
1.571650316319191809e+01
1.479855404066383784e+01
1.381976597885341995e+01
1.286550196516137312e+01
1.117038385124011413e+01
8.519075891779829490e+00
9.236181543108379799e+00
1.418350619798065715e+01
1.320733953636073110e+01
1.688803298257900920e+01
1.236077446474206631e+01
3.385137501286537898e+00
1.395727947504383337e+01
1.296408962885714899e+01
1.696325844612841038e+01
1.111324596323282954e+01
1.395727947504383337e+01
1.058513485680245481e+01
9.166995688475081394e+00
8.058239062071395509e+00
1.368087033328175828e+01
1.040314189572019821e+01
1.436192209445157708e+01
1.551264883747923129e+01
1.436192209445157708e+01
1.436192209445157708e+01
1.418350619798065715e+01
1.281592373849173683e+01
1.479855404066383784e+01
7.653039857325811823e+00
1.522266721510391640e+01
1.315904928495908166e+01
1.040314189572019821e+01
1.271618740744904485e+01
7.817640190446718762e+00
