1.453814859003845150e+01
1.650676414605009157e+01
1.094004191971426110e+01
1.256509862862843541e+01
1.349345229721172146e+01
8.136857890256438353e+00
1.607692842495848140e+01
1.409345127989185542e+01
1.462546558286290477e+01
6.482044814428574497e+00
8.884866446580955923e+00
1.522266721510391640e+01
1.058513485680245481e+01
1.028002345391383443e+01
4.222008245644752300e+00
1.178062436274634450e+01
1.315904928495908166e+01
9.236181543108379799e+00
1.372732503515539548e+01
8.519075891779829490e+00
1.236077446474206631e+01
1.028002345391383443e+01
1.484151074652385738e+01
1.188821220645068522e+01
1.178062436274634450e+01
1.266602473693425601e+01
1.646815177937675045e+01
1.034176589165282145e+01
1.547155565579009817e+01
1.111324596323282954e+01
1.236077446474206631e+01
1.286550196516137312e+01
1.547155565579009817e+01
1.111324596323282954e+01
1.484151074652385738e+01
1.479855404066383784e+01
1.117038385124011413e+01
5.292567428401227403e+00
1.058513485680245481e+01
1.631278838364701755e+01
1.034176589165282145e+01
7.978845608028653835e+00
6.579524642479540830e+00
8.136857890256438353e+00
1.082303275961201905e+01
1.236077446474206631e+01
1.418350619798065715e+01
1.215301555949299761e+01
1.801877032173578996e+01
1.627371578051287671e+01
1.266602473693425601e+01
1.427299292922216978e+01
1.183454054540639433e+01
1.658371917462410394e+01
1.256509862862843541e+01
1.330339418036568588e+01
1.488434347843123184e+01
1.488434347843123184e+01
1.642944866646030988e+01
1.603728119216292924e+01
1.427299292922216978e+01
1.315904928495908166e+01
1.117038385124011413e+01
6.282549314314217703e+00
7.817640190446718762e+00
1.431752655671925822e+01
1.311058116710494836e+01
1.776973289316191185e+01
1.230916348999737586e+01
1.513879513212096128e+01
1.276615297284584649e+01
1.780552292517845459e+01
1.076405121554611632e+01
1.427299292922216978e+01
9.836981518731869656e+00
8.956231982162769611e+00
1.377362305878664728e+01
1.015541250385961369e+01
1.440618081907316395e+01
1.673656774376800982e+01
1.538904010394216471e+01
1.479855404066383784e+01
1.479855404066383784e+01
1.518078909665319287e+01
1.296408962885714899e+01
1.543035303761632804e+01
1.311058116710494836e+01
1.021790793990058255e+01
