8.884866446580955923e+00
1.117038385124011413e+01
1.241217083805063837e+01
1.381976597885341995e+01
1.261566261010080048e+01
9.901487006738307173e+00
1.178062436274634450e+01
6.180387232371033157e+00
3.908820095223359381e+00
1.488434347843123184e+01
7.735777827895049086e+00
9.304852983362556174e+00
1.199483507827737583e+01
9.640875829802336483e+00
1.344618962205996482e+01
1.058513485680245481e+01
1.271618740744904485e+01
9.236181543108379799e+00
1.058513485680245481e+01
1.134007028277388685e+01
6.863662517577697741e+00
9.965574970333758387e+00
1.178062436274634450e+01
1.256509862862843541e+01
9.507891862878782518e+00
6.579524642479540830e+00
1.215301555949299761e+01
1.058513485680245481e+01
8.136857890256438353e+00
1.286550196516137312e+01
5.170882945826410726e+00
1.117038385124011413e+01
1.178062436274634450e+01
1.088169461344923583e+01
1.377362305878664728e+01
7.978845608028653835e+00
1.028002345391383443e+01
1.325545386523797831e+01
1.145179781116143225e+01
8.058239062071395509e+00
6.076507779746498805e+00
1.215301555949299761e+01
1.276615297284584649e+01
1.354055000514615159e+01
1.052482020710848865e+01
9.901487006738307173e+00
1.311058116710494836e+01
1.117038385124011413e+01
1.330339418036568588e+01
1.058513485680245481e+01
7.399277020331918919e+00
1.386575534383213970e+01
1.058513485680245481e+01
5.527906391541367981e+00
9.373021315815206478e+00
8.956231982162769611e+00
9.965574970333758387e+00
9.772050238058398008e+00
1.167204486311898926e+01
8.593479713983121826e+00
1.404820733880128181e+01
1.484151074652385738e+01
9.901487006738307173e+00
6.180387232371033157e+00
7.735777827895049086e+00
1.296408962885714899e+01
1.315904928495908166e+01
1.099807968464679142e+01
1.236077446474206631e+01
7.978845608028653835e+00
7.046725639945927711e+00
1.453814859003845150e+01
5.170882945826410726e+00
9.373021315815206478e+00
1.178062436274634450e+01
1.225733520300188317e+01
8.136857890256438353e+00
8.593479713983121826e+00
1.236077446474206631e+01
1.349345229721172146e+01
1.413855043925722121e+01
1.286550196516137312e+01
1.320733953636073110e+01
7.225151993843566878e+00
1.117038385124011413e+01
1.111324596323282954e+01
7.569397566060480642e+00
7.484820637019110379e+00
9.373021315815206478e+00
7.136496464611084889e+00
8.214724333230154940e+00
1.311058116710494836e+01
1.291488987023529766e+01
1.479855404066383784e+01
5.170882945826410726e+00
7.136496464611084889e+00
1.236077446474206631e+01
1.276615297284584649e+01
1.256509862862843541e+01
1.551264883747923129e+01
1.082303275961201905e+01
8.812923024107547576e+00
1.330339418036568588e+01
1.058513485680245481e+01
8.956231982162769611e+00
9.373021315815206478e+00
1.183454054540639433e+01
9.965574970333758387e+00
1.413855043925722121e+01
5.046265044040320724e+00
1.436192209445157708e+01
8.740387444736633427e+00
1.194164264288369282e+01
1.330339418036568588e+01
7.569397566060480642e+00
1.377362305878664728e+01
1.167204486311898926e+01
1.320733953636073110e+01
7.225151993843566878e+00
9.507891862878782518e+00
1.400281721259029588e+01
4.222008245644752300e+00
1.261566261010080048e+01
1.058513485680245481e+01
1.256509862862843541e+01
