1.427299292922216978e+01
1.650676414605009157e+01
1.094004191971426110e+01
1.256509862862843541e+01
1.339876023397903637e+01
8.444016491289504600e+00
1.607692842495848140e+01
1.409345127989185542e+01
1.436192209445157708e+01
6.955796338302048021e+00
9.166995688475081394e+00
1.522266721510391640e+01
1.058513485680245481e+01
5.753627391751591880e+00
1.034176589165282145e+01
1.178062436274634450e+01
1.306193320280393344e+01
9.373021315815206478e+00
1.363425735166143049e+01
8.740387444736633427e+00
1.236077446474206631e+01
1.040314189572019821e+01
1.475547227809780537e+01
1.172646028567007725e+01
1.178062436274634450e+01
1.261566261010080048e+01
1.639065416446577927e+01
1.058513485680245481e+01
1.534761596392107741e+01
1.111324596323282954e+01
1.236077446474206631e+01
1.286550196516137312e+01
1.543035303761632804e+01
1.111324596323282954e+01
1.479855404066383784e+01
1.479855404066383784e+01
6.180387232371033157e+00
1.117038385124011413e+01
1.058513485680245481e+01
1.623454913941802857e+01
1.034176589165282145e+01
8.136857890256438353e+00
6.955796338302048021e+00
8.136857890256438353e+00
1.088169461344923583e+01
1.236077446474206631e+01
1.422831991532699902e+01
1.210051848659980855e+01
1.794796937867891984e+01
1.583755632390385770e+01
1.256509862862843541e+01
1.422831991532699902e+01
1.183454054540639433e+01
1.658371917462410394e+01
1.256509862862843541e+01
1.330339418036568588e+01
3.191538243211461623e+00
1.488434347843123184e+01
1.488434347843123184e+01
1.635176762293251684e+01
1.583755632390385770e+01
1.427299292922216978e+01
1.311058116710494836e+01
1.117038385124011413e+01
6.863662517577697741e+00
8.214724333230154940e+00
1.431752655671925822e+01
1.311058116710494836e+01
1.762584604821509515e+01
1.230916348999737586e+01
1.509668435477122017e+01
1.276615297284584649e+01
1.769793569896924623e+01
1.076405121554611632e+01
1.427299292922216978e+01
9.965574970333758387e+00
9.166995688475081394e+00
1.377362305878664728e+01
1.021790793990058255e+01
1.440618081907316395e+01
1.673656774376800982e+01
1.513879513212096128e+01
1.479855404066383784e+01
1.479855404066383784e+01
1.296408962885714899e+01
1.501210842680413826e+01
1.543035303761632804e+01
1.311058116710494836e+01
1.028002345391383443e+01
3.191538243211461623e+00
