1.623454913941802857e+01
1.105581278308273596e+01
1.354055000514615159e+01
5.046265044040320724e+00
1.266602473693425601e+01
9.236181543108379799e+00
1.236077446474206631e+01
1.603728119216292924e+01
1.391159267660409604e+01
8.444016491289504600e+00
9.373021315815206478e+00
1.488434347843123184e+01
1.058513485680245481e+01
1.354055000514615159e+01
7.978845608028653835e+00
1.058513485680245481e+01
1.178062436274634450e+01
1.306193320280393344e+01
9.507891862878782518e+00
1.330339418036568588e+01
9.772050238058398008e+00
1.236077446474206631e+01
1.058513485680245481e+01
1.453814859003845150e+01
1.172646028567007725e+01
1.178062436274634450e+01
1.256509862862843541e+01
1.583755632390385770e+01
1.099807968464679142e+01
1.479855404066383784e+01
1.145179781116143225e+01
1.225733520300188317e+01
1.286550196516137312e+01
1.543035303761632804e+01
1.111324596323282954e+01
1.466892917224166482e+01
8.519075891779829490e+00
1.479855404066383784e+01
1.117038385124011413e+01
1.052482020710848865e+01
1.583755632390385770e+01
1.034176589165282145e+01
8.812923024107547576e+00
8.444016491289504600e+00
9.166995688475081394e+00
1.088169461344923583e+01
1.236077446474206631e+01
1.422831991532699902e+01
1.145179781116143225e+01
1.733448968263843781e+01
4.652426491681278087e+00
1.505445578434700415e+01
1.281592373849173683e+01
1.377362305878664728e+01
1.220528683538465842e+01
1.650676414605009157e+01
1.266602473693425601e+01
8.136857890256438353e+00
1.311058116710494836e+01
1.475547227809780537e+01
1.445030398768713376e+01
4.787307364817191768e+00
1.583755632390385770e+01
1.484151074652385738e+01
1.391159267660409604e+01
1.301310337505149661e+01
1.117038385124011413e+01
8.214724333230154940e+00
9.236181543108379799e+00
1.413855043925722121e+01
1.320733953636073110e+01
1.707547527140466670e+01
1.236077446474206631e+01
1.409345127989185542e+01
1.296408962885714899e+01
1.714987856615383066e+01
1.099807968464679142e+01
1.413855043925722121e+01
1.070474469691662733e+01
9.166995688475081394e+00
7.312732791431452384e+00
1.368087033328175828e+01
1.040314189572019821e+01
1.436192209445157708e+01
1.559451034962034477e+01
1.440618081907316395e+01
1.453814859003845150e+01
1.427299292922216978e+01
1.281592373849173683e+01
1.479855404066383784e+01
6.955796338302048021e+00
1.530607971465162365e+01
1.315904928495908166e+01
1.034176589165282145e+01
1.271618740744904485e+01
7.484820637019110379e+00
