1.395727947504383337e+01
1.646815177937675045e+01
1.099807968464679142e+01
1.266602473693425601e+01
8.740387444736633427e+00
1.271618740744904485e+01
1.603728119216292924e+01
1.395727947504383337e+01
1.377362305878664728e+01
8.136857890256438353e+00
9.304852983362556174e+00
1.492705330360461602e+01
1.058513485680245481e+01
7.484820637019110379e+00
1.058513485680245481e+01
1.178062436274634450e+01
1.306193320280393344e+01
9.373021315815206478e+00
1.335116235624909109e+01
9.236181543108379799e+00
1.236077446474206631e+01
1.058513485680245481e+01
1.466892917224166482e+01
1.172646028567007725e+01
1.178062436274634450e+01
1.261566261010080048e+01
1.591774699517169012e+01
1.082303275961201905e+01
1.484151074652385738e+01
1.134007028277388685e+01
1.230916348999737586e+01
1.286550196516137312e+01
1.543035303761632804e+01
1.111324596323282954e+01
1.475547227809780537e+01
7.817640190446718762e+00
1.479855404066383784e+01
1.117038385124011413e+01
1.052482020710848865e+01
1.595769121605730767e+01
1.034176589165282145e+01
8.812923024107547576e+00
8.058239062071395509e+00
8.812923024107547576e+00
1.082303275961201905e+01
1.236077446474206631e+01
1.422831991532699902e+01
1.199483507827737583e+01
1.776973289316191185e+01
1.522266721510391640e+01
1.266602473693425601e+01
1.413855043925722121e+01
1.204779266504070279e+01
1.658371917462410394e+01
1.276615297284584649e+01
7.225151993843566878e+00
1.315904928495908166e+01
1.484151074652385738e+01
1.458187244392064308e+01
1.603728119216292924e+01
1.518078909665319287e+01
1.413855043925722121e+01
1.315904928495908166e+01
1.117038385124011413e+01
8.136857890256438353e+00
9.097283682934460103e+00
1.413855043925722121e+01
1.325545386523797831e+01
1.707547527140466670e+01
1.236077446474206631e+01
1.431752655671925822e+01
1.286550196516137312e+01
1.744431859350498826e+01
1.099807968464679142e+01
1.431752655671925822e+01
1.052482020710848865e+01
9.166995688475081394e+00
6.383076486422923246e+00
1.368087033328175828e+01
1.034176589165282145e+01
1.436192209445157708e+01
1.595769121605730767e+01
1.471226436021925466e+01
1.466892917224166482e+01
1.445030398768713376e+01
1.291488987023529766e+01
1.484151074652385738e+01
5.753627391751591880e+00
1.530607971465162365e+01
1.311058116710494836e+01
1.034176589165282145e+01
6.955796338302048021e+00
