1.475547227809780537e+01
1.117038385124011413e+01
8.368283871884004910e+00
1.311058116710494836e+01
1.266602473693425601e+01
9.706684619910241452e+00
1.178062436274634450e+01
1.563528038089343752e+01
6.675581178124545545e+00
1.339876023397903637e+01
9.166995688475081394e+00
9.507891862878782518e+00
1.404820733880128181e+01
1.058513485680245481e+01
1.296408962885714899e+01
9.097283682934460103e+00
1.058513485680245481e+01
1.161737456321036532e+01
9.901487006738307173e+00
1.241217083805063837e+01
1.291488987023529766e+01
9.965574970333758387e+00
1.236077446474206631e+01
1.058513485680245481e+01
7.399277020331918919e+00
1.372732503515539548e+01
1.161737456321036532e+01
1.172646028567007725e+01
1.178062436274634450e+01
1.453814859003845150e+01
6.955796338302048021e+00
1.052482020710848865e+01
1.368087033328175828e+01
1.178062436274634450e+01
6.482044814428574497e+00
1.215301555949299761e+01
1.296408962885714899e+01
1.436192209445157708e+01
1.145179781116143225e+01
1.358748446131948917e+01
9.706684619910241452e+00
1.413855043925722121e+01
1.117038385124011413e+01
1.058513485680245481e+01
4.652426491681278087e+00
1.471226436021925466e+01
1.058513485680245481e+01
9.373021315815206478e+00
8.740387444736633427e+00
9.965574970333758387e+00
1.052482020710848865e+01
1.199483507827737583e+01
1.413855043925722121e+01
1.559451034962034477e+01
8.136857890256438353e+00
1.002925341359354938e+01
6.863662517577697741e+00
1.204779266504070279e+01
1.325545386523797831e+01
1.372732503515539548e+01
1.230916348999737586e+01
6.579524642479540830e+00
6.383076486422923246e+00
1.526443044094783019e+01
9.373021315815206478e+00
1.178062436274634450e+01
1.236077446474206631e+01
6.863662517577697741e+00
8.136857890256438353e+00
1.413855043925722121e+01
1.315904928495908166e+01
1.479855404066383784e+01
1.363425735166143049e+01
1.354055000514615159e+01
5.753627391751591880e+00
1.220528683538465842e+01
1.117038385124011413e+01
5.970821321441846408e+00
9.373021315815206478e+00
4.222008245644752300e+00
5.641895835477562571e+00
8.291859587312051971e+00
1.339876023397903637e+01
1.286550196516137312e+01
1.530607971465162365e+01
6.770275002573075795e+00
1.236077446474206631e+01
1.358748446131948917e+01
1.281592373849173683e+01
1.603728119216292924e+01
1.099807968464679142e+01
7.898654169668588132e+00
1.368087033328175828e+01
1.058513485680245481e+01
9.772050238058398008e+00
9.166995688475081394e+00
1.256509862862843541e+01
9.965574970333758387e+00
1.422831991532699902e+01
1.488434347843123184e+01
7.569397566060480642e+00
1.330339418036568588e+01
1.368087033328175828e+01
1.395727947504383337e+01
5.753627391751591880e+00
1.220528683538465842e+01
1.413855043925722121e+01
4.222008245644752300e+00
9.236181543108379799e+00
1.466892917224166482e+01
1.296408962885714899e+01
1.058513485680245481e+01
1.271618740744904485e+01
