1.619528777809902209e+01
1.111324596323282954e+01
1.354055000514615159e+01
6.282549314314217703e+00
1.266602473693425601e+01
9.574614729634383536e+00
1.204779266504070279e+01
1.595769121605730767e+01
1.386575534383213970e+01
8.740387444736633427e+00
9.373021315815206478e+00
1.484151074652385738e+01
1.058513485680245481e+01
1.325545386523797831e+01
8.519075891779829490e+00
1.058513485680245481e+01
1.178062436274634450e+01
1.311058116710494836e+01
9.772050238058398008e+00
1.325545386523797831e+01
9.901487006738307173e+00
1.236077446474206631e+01
1.058513485680245481e+01
1.440618081907316395e+01
1.172646028567007725e+01
1.178062436274634450e+01
1.256509862862843541e+01
1.563528038089343752e+01
1.105581278308273596e+01
1.471226436021925466e+01
1.167204486311898926e+01
1.225733520300188317e+01
1.286550196516137312e+01
1.534761596392107741e+01
1.117038385124011413e+01
1.449429283826230197e+01
8.956231982162769611e+00
1.462546558286290477e+01
1.117038385124011413e+01
1.058513485680245481e+01
1.571650316319191809e+01
1.046415791390898242e+01
9.027033336764100468e+00
8.667244841319218907e+00
9.440697438826296306e+00
1.088169461344923583e+01
1.241217083805063837e+01
1.422831991532699902e+01
1.711271735549580697e+01
1.117038385124011413e+01
5.970821321441846408e+00
1.484151074652385738e+01
1.281592373849173683e+01
1.354055000514615159e+01
1.225733520300188317e+01
1.635176762293251684e+01
1.266602473693425601e+01
8.519075891779829490e+00
1.315904928495908166e+01
1.466892917224166482e+01
1.445030398768713376e+01
6.180387232371033157e+00
1.555363345008750464e+01
1.479855404066383784e+01
1.381976597885341995e+01
1.286550196516137312e+01
1.117038385124011413e+01
8.593479713983121826e+00
9.373021315815206478e+00
1.418350619798065715e+01
1.325545386523797831e+01
1.685029431422315938e+01
1.236077446474206631e+01
4.222008245644752300e+00
1.395727947504383337e+01
1.296408962885714899e+01
1.692568750643268771e+01
1.111324596323282954e+01
1.395727947504383337e+01
1.058513485680245481e+01
9.166995688475081394e+00
8.136857890256438353e+00
1.372732503515539548e+01
1.034176589165282145e+01
1.436192209445157708e+01
1.543035303761632804e+01
1.436192209445157708e+01
1.440618081907316395e+01
1.418350619798065715e+01
1.276615297284584649e+01
1.479855404066383784e+01
7.817640190446718762e+00
1.513879513212096128e+01
1.315904928495908166e+01
1.046415791390898242e+01
1.271618740744904485e+01
