7.225151993843566878e+00
9.373021315815206478e+00
1.117038385124011413e+01
1.246335526484300615e+01
1.150725478350318376e+01
6.482044814428574497e+00
1.139607097042601680e+01
7.653039857325811823e+00
9.965574970333758387e+00
1.178062436274634450e+01
3.908820095223359381e+00
7.225151993843566878e+00
1.418350619798065715e+01
8.136857890256438353e+00
9.027033336764100468e+00
9.304852983362556174e+00
1.021790793990058255e+01
1.315904928495908166e+01
1.058513485680245481e+01
1.225733520300188317e+01
9.373021315815206478e+00
1.058513485680245481e+01
1.070474469691662733e+01
7.817640190446718762e+00
9.965574970333758387e+00
1.156244577056221523e+01
5.170882945826410726e+00
1.204779266504070279e+01
8.593479713983121826e+00
7.735777827895049086e+00
1.167204486311898926e+01
1.046415791390898242e+01
5.753627391751591880e+00
8.136857890256438353e+00
7.978845608028653835e+00
1.204779266504070279e+01
1.058513485680245481e+01
6.383076486422923246e+00
1.099807968464679142e+01
1.040314189572019821e+01
2.985410660720923204e+00
1.296408962885714899e+01
8.740387444736633427e+00
9.574614729634383536e+00
1.241217083805063837e+01
1.105581278308273596e+01
5.641895835477562571e+00
8.593479713983121826e+00
7.225151993843566878e+00
1.215301555949299761e+01
1.261566261010080048e+01
1.320733953636073110e+01
9.836981518731869656e+00
9.507891862878782518e+00
1.236077446474206631e+01
1.117038385124011413e+01
1.286550196516137312e+01
9.836981518731869656e+00
8.291859587312051971e+00
4.370193722368316713e+00
1.311058116710494836e+01
7.817640190446718762e+00
1.058513485680245481e+01
9.373021315815206478e+00
8.740387444736633427e+00
9.507891862878782518e+00
6.482044814428574497e+00
9.772050238058398008e+00
1.117038385124011413e+01
4.787307364817191768e+00
1.386575534383213970e+01
8.444016491289504600e+00
9.706684619910241452e+00
7.653039857325811823e+00
8.136857890256438353e+00
1.409345127989185542e+01
1.276615297284584649e+01
1.261566261010080048e+01
1.058513485680245481e+01
1.220528683538465842e+01
8.740387444736633427e+00
7.817640190446718762e+00
7.225151993843566878e+00
1.349345229721172146e+01
9.507891862878782518e+00
1.178062436274634450e+01
1.161737456321036532e+01
9.027033336764100468e+00
8.291859587312051971e+00
1.161737456321036532e+01
1.167204486311898926e+01
1.320733953636073110e+01
3.385137501286537898e+00
1.194164264288369282e+01
6.579524642479540830e+00
7.978845608028653835e+00
1.225733520300188317e+01
3.568248232305542444e+00
4.513516668382050234e+00
1.058513485680245481e+01
6.863662517577697741e+00
7.484820637019110379e+00
8.291859587312051971e+00
9.304852983362556174e+00
1.070474469691662733e+01
7.653039857325811823e+00
8.368283871884004910e+00
1.139607097042601680e+01
1.194164264288369282e+01
7.046725639945927711e+00
6.180387232371033157e+00
1.354055000514615159e+01
7.225151993843566878e+00
1.150725478350318376e+01
1.134007028277388685e+01
1.156244577056221523e+01
1.449429283826230197e+01
4.513516668382050234e+00
9.772050238058398008e+00
4.787307364817191768e+00
6.383076486422923246e+00
4.222008245644752300e+00
9.304852983362556174e+00
6.675581178124545545e+00
1.052482020710848865e+01
1.246335526484300615e+01
6.770275002573075795e+00
8.593479713983121826e+00
8.593479713983121826e+00
1.046415791390898242e+01
9.965574970333758387e+00
1.296408962885714899e+01
7.046725639945927711e+00
5.863230142835038627e+00
1.315904928495908166e+01
8.291859587312051971e+00
1.117038385124011413e+01
6.383076486422923246e+00
1.236077446474206631e+01
8.136857890256438353e+00
1.344618962205996482e+01
5.527906391541367981e+00
1.099807968464679142e+01
1.215301555949299761e+01
8.444016491289504600e+00
9.965574970333758387e+00
7.312732791431452384e+00
1.204779266504070279e+01
6.770275002573075795e+00
1.040314189572019821e+01
1.230916348999737586e+01
1.215301555949299761e+01
