1.409345127989185542e+01
1.650676414605009157e+01
1.099807968464679142e+01
1.261566261010080048e+01
8.740387444736633427e+00
1.306193320280393344e+01
1.603728119216292924e+01
1.395727947504383337e+01
1.395727947504383337e+01
7.484820637019110379e+00
9.236181543108379799e+00
1.501210842680413826e+01
1.058513485680245481e+01
7.046725639945927711e+00
1.046415791390898242e+01
1.178062436274634450e+01
1.306193320280393344e+01
9.373021315815206478e+00
1.344618962205996482e+01
9.166995688475081394e+00
1.236077446474206631e+01
1.058513485680245481e+01
1.471226436021925466e+01
1.172646028567007725e+01
1.178062436274634450e+01
1.261566261010080048e+01
1.603728119216292924e+01
1.076405121554611632e+01
1.509668435477122017e+01
1.134007028277388685e+01
1.236077446474206631e+01
1.286550196516137312e+01
1.543035303761632804e+01
1.111324596323282954e+01
1.475547227809780537e+01
7.399277020331918919e+00
1.479855404066383784e+01
1.117038385124011413e+01
1.058513485680245481e+01
1.595769121605730767e+01
1.034176589165282145e+01
8.444016491289504600e+00
7.817640190446718762e+00
8.667244841319218907e+00
1.088169461344923583e+01
1.236077446474206631e+01
1.422831991532699902e+01
1.210051848659980855e+01
1.784124116152771222e+01
1.534761596392107741e+01
1.266602473693425601e+01
1.418350619798065715e+01
1.194164264288369282e+01
1.658371917462410394e+01
1.266602473693425601e+01
6.482044814428574497e+00
1.315904928495908166e+01
1.484151074652385738e+01
1.471226436021925466e+01
1.623454913941802857e+01
1.534761596392107741e+01
1.418350619798065715e+01
1.306193320280393344e+01
1.117038385124011413e+01
7.898654169668588132e+00
8.740387444736633427e+00
1.427299292922216978e+01
1.320733953636073110e+01
1.729772508200899850e+01
1.236077446474206631e+01
1.440618081907316395e+01
1.286550196516137312e+01
1.755346033766304004e+01
1.094004191971426110e+01
1.427299292922216978e+01
1.034176589165282145e+01
9.166995688475081394e+00
5.292567428401227403e+00
1.372732503515539548e+01
1.021790793990058255e+01
1.436192209445157708e+01
1.635176762293251684e+01
1.484151074652385738e+01
1.462546558286290477e+01
1.462546558286290477e+01
1.296408962885714899e+01
1.488434347843123184e+01
4.222008245644752300e+00
1.538904010394216471e+01
1.311058116710494836e+01
1.034176589165282145e+01
6.076507779746498805e+00
