1.607692842495848140e+01
1.117038385124011413e+01
7.136496464611084889e+00
1.339876023397903637e+01
1.266602473693425601e+01
9.574614729634383536e+00
1.178062436274634450e+01
1.591774699517169012e+01
1.381976597885341995e+01
8.740387444736633427e+00
9.507891862878782518e+00
1.449429283826230197e+01
1.058513485680245481e+01
1.315904928495908166e+01
8.667244841319218907e+00
1.058513485680245481e+01
1.178062436274634450e+01
1.306193320280393344e+01
9.836981518731869656e+00
1.301310337505149661e+01
9.965574970333758387e+00
1.236077446474206631e+01
1.058513485680245481e+01
1.431752655671925822e+01
5.046265044040320724e+00
1.172646028567007725e+01
1.172646028567007725e+01
1.230916348999737586e+01
1.534761596392107741e+01
1.105581278308273596e+01
1.436192209445157708e+01
2.523132522020160362e+00
1.167204486311898926e+01
1.215301555949299761e+01
1.291488987023529766e+01
1.526443044094783019e+01
1.122723095552866468e+01
1.440618081907316395e+01
9.236181543108379799e+00
1.453814859003845150e+01
1.117038385124011413e+01
1.058513485680245481e+01
1.563528038089343752e+01
1.052482020710848865e+01
9.373021315815206478e+00
8.740387444736633427e+00
9.640875829802336483e+00
1.099807968464679142e+01
1.241217083805063837e+01
1.422831991532699902e+01
1.688803298257900920e+01
7.136496464611084889e+00
1.105581278308273596e+01
1.427299292922216978e+01
1.276615297284584649e+01
1.354055000514615159e+01
1.225733520300188317e+01
2.763953195770683990e+00
1.635176762293251684e+01
1.256509862862843541e+01
8.740387444736633427e+00
1.296408962885714899e+01
1.449429283826230197e+01
6.863662517577697741e+00
1.436192209445157708e+01
1.551264883747923129e+01
1.466892917224166482e+01
1.363425735166143049e+01
1.281592373849173683e+01
1.128379167095512514e+01
9.027033336764100468e+00
9.373021315815206478e+00
1.409345127989185542e+01
1.325545386523797831e+01
1.623454913941802857e+01
5.753627391751591880e+00
1.236077446474206631e+01
1.386575534383213970e+01
1.296408962885714899e+01
1.650676414605009157e+01
1.111324596323282954e+01
1.395727947504383337e+01
1.058513485680245481e+01
5.411516379806009525e+00
9.304852983362556174e+00
8.136857890256438353e+00
1.349345229721172146e+01
1.002925341359354938e+01
1.431752655671925822e+01
1.530607971465162365e+01
5.641895835477562571e+00
1.422831991532699902e+01
1.413855043925722121e+01
1.413855043925722121e+01
1.266602473693425601e+01
1.466892917224166482e+01
8.214724333230154940e+00
1.488434347843123184e+01
1.315904928495908166e+01
1.058513485680245481e+01
1.271618740744904485e+01
