1.501210842680413826e+01
1.117038385124011413e+01
8.058239062071395509e+00
1.315904928495908166e+01
1.266602473693425601e+01
9.706684619910241452e+00
1.178062436274634450e+01
1.567594437773643001e+01
6.180387232371033157e+00
1.344618962205996482e+01
9.027033336764100468e+00
9.440697438826296306e+00
1.404820733880128181e+01
1.058513485680245481e+01
1.296408962885714899e+01
8.956231982162769611e+00
1.058513485680245481e+01
1.167204486311898926e+01
9.836981518731869656e+00
1.256509862862843541e+01
1.296408962885714899e+01
9.965574970333758387e+00
1.236077446474206631e+01
1.058513485680245481e+01
7.225151993843566878e+00
1.391159267660409604e+01
1.161737456321036532e+01
1.156244577056221523e+01
1.178062436274634450e+01
1.466892917224166482e+01
6.863662517577697741e+00
1.052482020710848865e+01
1.377362305878664728e+01
1.178062436274634450e+01
5.863230142835038627e+00
1.215301555949299761e+01
1.296408962885714899e+01
1.449429283826230197e+01
1.145179781116143225e+01
1.363425735166143049e+01
9.640875829802336483e+00
1.427299292922216978e+01
1.117038385124011413e+01
1.058513485680245481e+01
2.763953195770683990e+00
1.501210842680413826e+01
1.058513485680245481e+01
9.373021315815206478e+00
8.740387444736633427e+00
9.965574970333758387e+00
1.058513485680245481e+01
1.210051848659980855e+01
1.427299292922216978e+01
1.579730833933717626e+01
8.058239062071395509e+00
1.009253008808064145e+01
6.675581178124545545e+00
1.215301555949299761e+01
1.325545386523797831e+01
1.372732503515539548e+01
1.230916348999737586e+01
5.753627391751591880e+00
5.527906391541367981e+00
1.559451034962034477e+01
9.373021315815206478e+00
1.178062436274634450e+01
1.256509862862843541e+01
6.863662517577697741e+00
7.898654169668588132e+00
1.422831991532699902e+01
1.330339418036568588e+01
1.492705330360461602e+01
1.413855043925722121e+01
1.354055000514615159e+01
5.046265044040320724e+00
1.236077446474206631e+01
1.117038385124011413e+01
9.166995688475081394e+00
5.753627391751591880e+00
8.444016491289504600e+00
5.170882945826410726e+00
1.368087033328175828e+01
1.286550196516137312e+01
1.543035303761632804e+01
6.383076486422923246e+00
1.236077446474206631e+01
1.368087033328175828e+01
1.286550196516137312e+01
1.603728119216292924e+01
1.105581278308273596e+01
1.372732503515539548e+01
1.058513485680245481e+01
7.569397566060480642e+00
9.772050238058398008e+00
9.097283682934460103e+00
1.276615297284584649e+01
9.965574970333758387e+00
1.431752655671925822e+01
1.484151074652385738e+01
7.484820637019110379e+00
1.400281721259029588e+01
1.368087033328175828e+01
1.395727947504383337e+01
4.787307364817191768e+00
1.236077446474206631e+01
1.436192209445157708e+01
9.027033336764100468e+00
1.471226436021925466e+01
1.296408962885714899e+01
1.058513485680245481e+01
1.271618740744904485e+01
