8.444016491289504600e+00
1.117038385124011413e+01
1.291488987023529766e+01
1.440618081907316395e+01
1.266602473693425601e+01
9.836981518731869656e+00
1.178062436274634450e+01
4.918490759365934828e+00
1.526443044094783019e+01
7.225151993843566878e+00
1.301310337505149661e+01
9.304852983362556174e+00
9.574614729634383536e+00
1.381976597885341995e+01
1.058513485680245481e+01
1.286550196516137312e+01
9.166995688475081394e+00
1.058513485680245481e+01
1.150725478350318376e+01
5.411516379806009525e+00
9.965574970333758387e+00
1.183454054540639433e+01
1.276615297284584649e+01
9.640875829802336483e+00
4.652426491681278087e+00
1.230916348999737586e+01
1.058513485680245481e+01
7.653039857325811823e+00
1.339876023397903637e+01
1.161737456321036532e+01
1.161737456321036532e+01
1.178062436274634450e+01
1.413855043925722121e+01
7.484820637019110379e+00
1.058513485680245481e+01
1.354055000514615159e+01
1.178062436274634450e+01
7.225151993843566878e+00
1.215301555949299761e+01
1.296408962885714899e+01
1.404820733880128181e+01
1.122723095552866468e+01
9.772050238058398008e+00
1.330339418036568588e+01
1.117038385124011413e+01
1.386575534383213970e+01
1.058513485680245481e+01
6.076507779746498805e+00
1.440618081907316395e+01
1.058513485680245481e+01
9.373021315815206478e+00
8.812923024107547576e+00
9.965574970333758387e+00
1.009253008808064145e+01
1.194164264288369282e+01
1.413855043925722121e+01
1.530607971465162365e+01
8.291859587312051971e+00
1.009253008808064145e+01
7.399277020331918919e+00
3.908820095223359381e+00
1.306193320280393344e+01
1.358748446131948917e+01
1.172646028567007725e+01
1.230916348999737586e+01
7.225151993843566878e+00
6.282549314314217703e+00
1.492705330360461602e+01
9.507891862878782518e+00
1.178062436274634450e+01
1.236077446474206631e+01
7.225151993843566878e+00
8.136857890256438353e+00
1.404820733880128181e+01
1.276615297284584649e+01
1.462546558286290477e+01
1.330339418036568588e+01
1.330339418036568588e+01
6.675581178124545545e+00
1.194164264288369282e+01
1.117038385124011413e+01
6.863662517577697741e+00
9.373021315815206478e+00
5.753627391751591880e+00
6.383076486422923246e+00
8.291859587312051971e+00
1.325545386523797831e+01
1.291488987023529766e+01
1.513879513212096128e+01
7.046725639945927711e+00
1.236077446474206631e+01
1.330339418036568588e+01
1.271618740744904485e+01
1.587770228520368221e+01
1.094004191971426110e+01
8.444016491289504600e+00
1.349345229721172146e+01
1.058513485680245481e+01
9.836981518731869656e+00
9.236181543108379799e+00
1.225733520300188317e+01
9.965574970333758387e+00
1.427299292922216978e+01
1.484151074652385738e+01
8.291859587312051971e+00
1.296408962885714899e+01
1.368087033328175828e+01
6.770275002573075795e+00
1.395727947504383337e+01
1.204779266504070279e+01
1.377362305878664728e+01
5.970821321441846408e+00
9.373021315815206478e+00
1.462546558286290477e+01
1.291488987023529766e+01
1.058513485680245481e+01
1.271618740744904485e+01
