1.475547227809780537e+01
1.117038385124011413e+01
8.368283871884004910e+00
1.306193320280393344e+01
1.266602473693425601e+01
9.772050238058398008e+00
1.178062436274634450e+01
1.538904010394216471e+01
6.863662517577697741e+00
1.339876023397903637e+01
9.166995688475081394e+00
9.507891862878782518e+00
1.400281721259029588e+01
1.058513485680245481e+01
1.296408962885714899e+01
9.097283682934460103e+00
1.058513485680245481e+01
1.156244577056221523e+01
3.568248232305542444e+00
9.965574970333758387e+00
1.236077446474206631e+01
1.281592373849173683e+01
9.965574970333758387e+00
1.236077446474206631e+01
1.058513485680245481e+01
7.399277020331918919e+00
1.358748446131948917e+01
1.161737456321036532e+01
1.172646028567007725e+01
1.178062436274634450e+01
1.449429283826230197e+01
7.046725639945927711e+00
1.052482020710848865e+01
1.358748446131948917e+01
1.178062436274634450e+01
6.770275002573075795e+00
1.215301555949299761e+01
1.296408962885714899e+01
1.422831991532699902e+01
1.145179781116143225e+01
1.349345229721172146e+01
9.706684619910241452e+00
1.409345127989185542e+01
1.117038385124011413e+01
1.058513485680245481e+01
5.170882945826410726e+00
1.458187244392064308e+01
1.058513485680245481e+01
9.373021315815206478e+00
8.740387444736633427e+00
9.965574970333758387e+00
1.046415791390898242e+01
1.199483507827737583e+01
1.413855043925722121e+01
1.547155565579009817e+01
8.136857890256438353e+00
1.009253008808064145e+01
7.136496464611084889e+00
1.204779266504070279e+01
1.320733953636073110e+01
1.372732503515539548e+01
1.230916348999737586e+01
6.955796338302048021e+00
6.383076486422923246e+00
1.526443044094783019e+01
9.373021315815206478e+00
1.178062436274634450e+01
1.236077446474206631e+01
7.046725639945927711e+00
8.136857890256438353e+00
1.413855043925722121e+01
1.296408962885714899e+01
1.471226436021925466e+01
1.344618962205996482e+01
1.344618962205996482e+01
6.076507779746498805e+00
1.210051848659980855e+01
1.117038385124011413e+01
6.482044814428574497e+00
9.373021315815206478e+00
4.652426491681278087e+00
5.753627391751591880e+00
8.291859587312051971e+00
1.335116235624909109e+01
1.291488987023529766e+01
1.526443044094783019e+01
6.863662517577697741e+00
1.236077446474206631e+01
1.354055000514615159e+01
1.281592373849173683e+01
1.599753570059363028e+01
1.099807968464679142e+01
8.058239062071395509e+00
1.363425735166143049e+01
1.058513485680245481e+01
9.772050238058398008e+00
9.166995688475081394e+00
1.256509862862843541e+01
9.965574970333758387e+00
1.422831991532699902e+01
1.484151074652385738e+01
7.817640190446718762e+00
1.325545386523797831e+01
1.368087033328175828e+01
1.395727947504383337e+01
6.076507779746498805e+00
1.215301555949299761e+01
1.400281721259029588e+01
4.652426491681278087e+00
9.304852983362556174e+00
1.466892917224166482e+01
1.296408962885714899e+01
1.058513485680245481e+01
1.271618740744904485e+01
