1.413855043925722121e+01
1.650676414605009157e+01
1.099807968464679142e+01
1.256509862862843541e+01
8.593479713983121826e+00
1.330339418036568588e+01
1.603728119216292924e+01
1.400281721259029588e+01
1.418350619798065715e+01
7.312732791431452384e+00
9.166995688475081394e+00
1.518078909665319287e+01
1.058513485680245481e+01
6.579524642479540830e+00
1.040314189572019821e+01
1.178062436274634450e+01
1.306193320280393344e+01
9.373021315815206478e+00
1.358748446131948917e+01
8.884866446580955923e+00
1.236077446474206631e+01
1.058513485680245481e+01
1.475547227809780537e+01
1.172646028567007725e+01
1.178062436274634450e+01
1.261566261010080048e+01
1.623454913941802857e+01
1.070474469691662733e+01
1.522266721510391640e+01
1.122723095552866468e+01
1.236077446474206631e+01
1.286550196516137312e+01
1.543035303761632804e+01
1.111324596323282954e+01
1.479855404066383784e+01
1.479855404066383784e+01
6.863662517577697741e+00
1.117038385124011413e+01
1.058513485680245481e+01
1.595769121605730767e+01
1.034176589165282145e+01
8.368283871884004910e+00
7.484820637019110379e+00
8.444016491289504600e+00
1.094004191971426110e+01
1.236077446474206631e+01
1.422831991532699902e+01
1.204779266504070279e+01
1.787688803255549530e+01
1.551264883747923129e+01
1.256509862862843541e+01
1.422831991532699902e+01
1.183454054540639433e+01
1.658371917462410394e+01
1.256509862862843541e+01
5.527906391541367981e+00
1.315904928495908166e+01
1.484151074652385738e+01
1.475547227809780537e+01
1.631278838364701755e+01
1.551264883747923129e+01
1.422831991532699902e+01
1.306193320280393344e+01
1.117038385124011413e+01
7.312732791431452384e+00
8.593479713983121826e+00
1.427299292922216978e+01
1.311058116710494836e+01
1.740778594902202769e+01
1.236077446474206631e+01
1.458187244392064308e+01
1.286550196516137312e+01
1.762584604821509515e+01
1.088169461344923583e+01
1.427299292922216978e+01
1.028002345391383443e+01
9.166995688475081394e+00
1.377362305878664728e+01
4.222008245644752300e+00
1.021790793990058255e+01
1.440618081907316395e+01
1.666031874701878124e+01
1.492705330360461602e+01
1.471226436021925466e+01
1.484151074652385738e+01
1.296408962885714899e+01
1.492705330360461602e+01
1.538904010394216471e+01
1.311058116710494836e+01
1.034176589165282145e+01
5.411516379806009525e+00
