1.522266721510391640e+01
1.117038385124011413e+01
7.978845608028653835e+00
1.320733953636073110e+01
1.266602473693425601e+01
9.706684619910241452e+00
1.178062436274634450e+01
1.587770228520368221e+01
5.046265044040320724e+00
1.372732503515539548e+01
8.812923024107547576e+00
9.507891862878782518e+00
1.427299292922216978e+01
1.058513485680245481e+01
1.296408962885714899e+01
8.812923024107547576e+00
1.058513485680245481e+01
1.178062436274634450e+01
9.836981518731869656e+00
1.276615297284584649e+01
1.296408962885714899e+01
9.965574970333758387e+00
1.236077446474206631e+01
1.058513485680245481e+01
6.863662517577697741e+00
1.413855043925722121e+01
1.167204486311898926e+01
1.161737456321036532e+01
1.204779266504070279e+01
1.488434347843123184e+01
1.082303275961201905e+01
1.386575534383213970e+01
5.970821321441846408e+00
1.178062436274634450e+01
4.652426491681278087e+00
1.215301555949299761e+01
1.296408962885714899e+01
1.484151074652385738e+01
1.134007028277388685e+01
1.377362305878664728e+01
9.304852983362556174e+00
1.440618081907316395e+01
1.117038385124011413e+01
1.058513485680245481e+01
1.543035303761632804e+01
1.058513485680245481e+01
9.373021315815206478e+00
8.740387444736633427e+00
9.772050238058398008e+00
1.064510777218481152e+01
1.210051848659980855e+01
1.427299292922216978e+01
1.611647812414279102e+01
7.735777827895049086e+00
1.040314189572019821e+01
1.241217083805063837e+01
1.335116235624909109e+01
1.391159267660409604e+01
5.753627391751591880e+00
1.230916348999737586e+01
4.370193722368316713e+00
4.222008245644752300e+00
1.591774699517169012e+01
9.236181543108379799e+00
1.194164264288369282e+01
1.266602473693425601e+01
5.411516379806009525e+00
1.391159267660409604e+01
7.484820637019110379e+00
1.427299292922216978e+01
1.513879513212096128e+01
1.445030398768713376e+01
1.354055000514615159e+01
2.523132522020160362e+00
1.261566261010080048e+01
1.117038385124011413e+01
9.097283682934460103e+00
4.513516668382050234e+00
8.956231982162769611e+00
2.985410660720923204e+00
1.391159267660409604e+01
1.286550196516137312e+01
1.551264883747923129e+01
6.383076486422923246e+00
1.236077446474206631e+01
1.372732503515539548e+01
1.286550196516137312e+01
1.623454913941802857e+01
1.105581278308273596e+01
1.381976597885341995e+01
1.058513485680245481e+01
6.863662517577697741e+00
9.706684619910241452e+00
8.740387444736633427e+00
1.311058116710494836e+01
9.965574970333758387e+00
1.431752655671925822e+01
1.496964127403822076e+01
6.955796338302048021e+00
1.404820733880128181e+01
1.381976597885341995e+01
1.413855043925722121e+01
1.236077446474206631e+01
1.449429283826230197e+01
8.812923024107547576e+00
1.479855404066383784e+01
1.306193320280393344e+01
1.058513485680245481e+01
1.266602473693425601e+01
