1.563528038089343752e+01
1.117038385124011413e+01
7.569397566060480642e+00
1.325545386523797831e+01
1.266602473693425601e+01
9.706684619910241452e+00
1.178062436274634450e+01
1.587770228520368221e+01
1.954410047611679691e+00
1.386575534383213970e+01
8.740387444736633427e+00
9.507891862878782518e+00
1.436192209445157708e+01
1.058513485680245481e+01
1.296408962885714899e+01
8.812923024107547576e+00
1.058513485680245481e+01
1.178062436274634450e+01
9.836981518731869656e+00
1.286550196516137312e+01
1.296408962885714899e+01
9.965574970333758387e+00
1.236077446474206631e+01
1.058513485680245481e+01
1.427299292922216978e+01
5.753627391751591880e+00
1.167204486311898926e+01
1.167204486311898926e+01
1.220528683538465842e+01
1.509668435477122017e+01
1.111324596323282954e+01
1.400281721259029588e+01
5.046265044040320724e+00
1.167204486311898926e+01
1.215301555949299761e+01
1.296408962885714899e+01
1.505445578434700415e+01
1.128379167095512514e+01
1.409345127989185542e+01
9.304852983362556174e+00
1.445030398768713376e+01
1.117038385124011413e+01
1.058513485680245481e+01
1.551264883747923129e+01
1.058513485680245481e+01
9.373021315815206478e+00
8.740387444736633427e+00
9.640875829802336483e+00
1.099807968464679142e+01
1.236077446474206631e+01
1.431752655671925822e+01
1.631278838364701755e+01
7.225151993843566878e+00
1.094004191971426110e+01
1.413855043925722121e+01
1.276615297284584649e+01
1.354055000514615159e+01
4.918490759365934828e+00
1.230916348999737586e+01
1.623454913941802857e+01
9.166995688475081394e+00
1.220528683538465842e+01
1.296408962885714899e+01
4.513516668382050234e+00
1.449429283826230197e+01
7.399277020331918919e+00
1.427299292922216978e+01
1.534761596392107741e+01
1.449429283826230197e+01
1.354055000514615159e+01
1.281592373849173683e+01
1.117038385124011413e+01
9.097283682934460103e+00
9.236181543108379799e+00
1.395727947504383337e+01
1.315904928495908166e+01
1.591774699517169012e+01
6.383076486422923246e+00
1.236077446474206631e+01
1.381976597885341995e+01
1.286550196516137312e+01
1.646815177937675045e+01
1.105581278308273596e+01
1.381976597885341995e+01
1.058513485680245481e+01
6.383076486422923246e+00
9.440697438826296306e+00
8.444016491289504600e+00
1.330339418036568588e+01
9.965574970333758387e+00
1.431752655671925822e+01
1.513879513212096128e+01
6.282549314314217703e+00
1.418350619798065715e+01
1.391159267660409604e+01
1.413855043925722121e+01
1.256509862862843541e+01
1.453814859003845150e+01
8.368283871884004910e+00
1.479855404066383784e+01
1.311058116710494836e+01
1.058513485680245481e+01
1.266602473693425601e+01
