1.595769121605730811e+00
2.985410660720923204e+00
2.985410660720923204e+00
1.128379167095512559e+00
3.385137501286537898e+00
1.128379167095512559e+00
1.128379167095512559e+00
1.595769121605730811e+00
2.523132522020160362e+00
2.763953195770683990e+00
3.742410318509555189e+00
1.595769121605730811e+00
3.191538243211461623e+00
3.191538243211461623e+00
1.128379167095512559e+00
2.985410660720923204e+00
2.985410660720923204e+00
2.523132522020160362e+00
3.385137501286537898e+00
1.954410047611679691e+00
2.256758334191025117e+00
4.222008245644752300e+00
1.954410047611679691e+00
2.985410660720923204e+00
3.742410318509555189e+00
4.370193722368316713e+00
3.742410318509555189e+00
1.595769121605730811e+00
4.222008245644752300e+00
3.191538243211461623e+00
2.256758334191025117e+00
2.523132522020160362e+00
3.908820095223359381e+00
1.128379167095512559e+00
2.763953195770683990e+00
1.128379167095512559e+00
2.763953195770683990e+00
1.595769121605730811e+00
1.128379167095512559e+00
2.256758334191025117e+00
2.763953195770683990e+00
2.256758334191025117e+00
2.985410660720923204e+00
1.595769121605730811e+00
2.523132522020160362e+00
2.523132522020160362e+00
4.222008245644752300e+00
2.256758334191025117e+00
3.908820095223359381e+00
3.385137501286537898e+00
1.595769121605730811e+00
2.985410660720923204e+00
