8.740387444736633427e+00
8.740387444736633427e+00
1.286550196516137312e+01
1.466892917224166482e+01
1.358748446131948917e+01
9.836981518731869656e+00
9.507891862878782518e+00
1.436192209445157708e+01
8.136857890256438353e+00
1.538904010394216471e+01
1.311058116710494836e+01
7.046725639945927711e+00
1.551264883747923129e+01
1.427299292922216978e+01
1.009253008808064145e+01
1.082303275961201905e+01
1.040314189572019821e+01
1.677456227108388731e+01
1.526443044094783019e+01
7.484820637019110379e+00
1.330339418036568588e+01
1.117038385124011413e+01
1.505445578434700415e+01
1.178062436274634450e+01
1.034176589165282145e+01
1.286550196516137312e+01
1.784124116152771222e+01
7.978845608028653835e+00
7.399277020331918919e+00
1.058513485680245481e+01
1.296408962885714899e+01
1.145179781116143225e+01
8.740387444736633427e+00
9.097283682934460103e+00
1.156244577056221523e+01
6.383076486422923246e+00
1.688803298257900920e+01
9.236181543108379799e+00
7.399277020331918919e+00
1.595769121605730811e+00
1.547155565579009817e+01
1.178062436274634450e+01
1.266602473693425601e+01
1.595769121605730767e+01
1.204779266504070279e+01
1.094004191971426110e+01
1.183454054540639433e+01
1.156244577056221523e+01
6.282549314314217703e+00
1.271618740744904485e+01
1.368087033328175828e+01
6.675581178124545545e+00
7.898654169668588132e+00
1.296408962885714899e+01
1.344618962205996482e+01
1.296408962885714899e+01
9.373021315815206478e+00
9.836981518731869656e+00
9.965574970333758387e+00
6.955796338302048021e+00
7.569397566060480642e+00
1.372732503515539548e+01
9.097283682934460103e+00
1.286550196516137312e+01
1.167204486311898926e+01
1.306193320280393344e+01
1.040314189572019821e+01
1.172646028567007725e+01
1.178062436274634450e+01
1.178062436274634450e+01
1.431752655671925822e+01
1.368087033328175828e+01
1.404820733880128181e+01
1.161737456321036532e+01
8.812923024107547576e+00
1.354055000514615159e+01
1.266602473693425601e+01
1.530607971465162365e+01
1.178062436274634450e+01
1.178062436274634450e+01
6.579524642479540830e+00
1.395727947504383337e+01
1.386575534383213970e+01
1.246335526484300615e+01
8.812923024107547576e+00
1.522266721510391640e+01
1.286550196516137312e+01
7.399277020331918919e+00
9.373021315815206478e+00
8.136857890256438353e+00
1.296408962885714899e+01
1.117038385124011413e+01
1.462546558286290477e+01
7.046725639945927711e+00
1.395727947504383337e+01
8.214724333230154940e+00
1.145179781116143225e+01
1.058513485680245481e+01
1.344618962205996482e+01
4.222008245644752300e+00
8.956231982162769611e+00
8.740387444736633427e+00
1.413855043925722121e+01
1.607692842495848140e+01
1.296408962885714899e+01
7.817640190446718762e+00
1.555363345008750464e+01
1.040314189572019821e+01
9.373021315815206478e+00
9.373021315815206478e+00
