8.136857890256438353e+00
6.675581178124545545e+00
1.325545386523797831e+01
1.501210842680413826e+01
1.395727947504383337e+01
1.509668435477122017e+01
9.965574970333758387e+00
9.027033336764100468e+00
5.527906391541367981e+00
1.627371578051287671e+01
1.372732503515539548e+01
1.677456227108388731e+01
1.466892917224166482e+01
9.706684619910241452e+00
1.070474469691662733e+01
9.965574970333758387e+00
1.784124116152771222e+01
1.646815177937675045e+01
1.315904928495908166e+01
1.105581278308273596e+01
1.654528640181426269e+01
1.246335526484300615e+01
1.034176589165282145e+01
1.330339418036568588e+01
1.911595536035255805e+01
1.058513485680245481e+01
1.236077446474206631e+01
1.354055000514615159e+01
7.569397566060480642e+00
8.136857890256438353e+00
1.167204486311898926e+01
1.805406667352820094e+01
8.368283871884004910e+00
5.170882945826410726e+00
1.718695942796624365e+01
1.210051848659980855e+01
1.306193320280393344e+01
1.711271735549580697e+01
1.236077446474206631e+01
1.117038385124011413e+01
1.225733520300188317e+01
1.128379167095512514e+01
1.386575534383213970e+01
1.488434347843123184e+01
6.180387232371033157e+00
1.296408962885714899e+01
1.391159267660409604e+01
1.354055000514615159e+01
9.373021315815206478e+00
9.097283682934460103e+00
1.058513485680245481e+01
1.377362305878664728e+01
8.740387444736633427e+00
1.386575534383213970e+01
1.178062436274634450e+01
1.291488987023529766e+01
1.325545386523797831e+01
1.034176589165282145e+01
1.172646028567007725e+01
1.178062436274634450e+01
1.427299292922216978e+01
1.479855404066383784e+01
1.440618081907316395e+01
1.128379167095512514e+01
7.484820637019110379e+00
1.418350619798065715e+01
1.325545386523797831e+01
1.555363345008750464e+01
1.178062436274634450e+01
1.178062436274634450e+01
1.484151074652385738e+01
1.496964127403822076e+01
1.251433034574463399e+01
6.579524642479540830e+00
1.650676414605009157e+01
1.422831991532699902e+01
8.136857890256438353e+00
5.411516379806009525e+00
1.436192209445157708e+01
1.094004191971426110e+01
1.534761596392107741e+01
1.505445578434700415e+01
1.251433034574463399e+01
1.058513485680245481e+01
1.492705330360461602e+01
7.653039857325811823e+00
6.863662517577697741e+00
1.518078909665319287e+01
1.722396045987370883e+01
1.296408962885714899e+01
1.642944866646030988e+01
1.156244577056221523e+01
9.097283682934460103e+00
9.027033336764100468e+00
