8.058239062071395509e+00
6.180387232371033157e+00
1.344618962205996482e+01
1.513879513212096128e+01
1.404820733880128181e+01
1.509668435477122017e+01
9.836981518731869656e+00
8.740387444736633427e+00
4.513516668382050234e+00
1.631278838364701755e+01
1.372732503515539548e+01
1.681247093473193388e+01
1.471226436021925466e+01
9.640875829802336483e+00
1.064510777218481152e+01
9.901487006738307173e+00
1.791246396432553922e+01
1.666031874701878124e+01
1.306193320280393344e+01
1.105581278308273596e+01
1.669848676668040710e+01
1.246335526484300615e+01
1.028002345391383443e+01
1.344618962205996482e+01
1.928175165960467297e+01
1.058513485680245481e+01
1.236077446474206631e+01
1.354055000514615159e+01
7.484820637019110379e+00
7.978845608028653835e+00
1.172646028567007725e+01
1.826441241104166124e+01
8.136857890256438353e+00
4.222008245644752300e+00
1.737117647432762624e+01
1.210051848659980855e+01
1.306193320280393344e+01
1.726088217525477830e+01
1.236077446474206631e+01
1.117038385124011413e+01
1.230916348999737586e+01
1.128379167095512514e+01
1.386575534383213970e+01
1.496964127403822076e+01
5.753627391751591880e+00
1.296408962885714899e+01
1.400281721259029588e+01
1.363425735166143049e+01
9.373021315815206478e+00
9.097283682934460103e+00
1.058513485680245481e+01
1.377362305878664728e+01
8.740387444736633427e+00
1.400281721259029588e+01
1.178062436274634450e+01
1.291488987023529766e+01
1.325545386523797831e+01
1.028002345391383443e+01
1.172646028567007725e+01
1.178062436274634450e+01
1.431752655671925822e+01
1.479855404066383784e+01
1.436192209445157708e+01
1.128379167095512514e+01
7.484820637019110379e+00
1.422831991532699902e+01
1.339876023397903637e+01
1.559451034962034477e+01
1.178062436274634450e+01
1.178062436274634450e+01
1.518078909665319287e+01
1.488434347843123184e+01
1.256509862862843541e+01
6.076507779746498805e+00
1.662206308517478703e+01
1.427299292922216978e+01
8.058239062071395509e+00
4.787307364817191768e+00
1.462546558286290477e+01
1.094004191971426110e+01
1.559451034962034477e+01
1.518078909665319287e+01
1.271618740744904485e+01
1.058513485680245481e+01
1.505445578434700415e+01
7.225151993843566878e+00
6.180387232371033157e+00
1.518078909665319287e+01
1.740778594902202769e+01
1.296408962885714899e+01
1.646815177937675045e+01
1.156244577056221523e+01
9.097283682934460103e+00
9.027033336764100468e+00
