9.027033336764100468e+00
8.740387444736633427e+00
1.271618740744904485e+01
1.449429283826230197e+01
1.335116235624909109e+01
9.901487006738307173e+00
9.706684619910241452e+00
1.422831991532699902e+01
8.444016491289504600e+00
1.496964127403822076e+01
1.306193320280393344e+01
7.978845608028653835e+00
1.492705330360461602e+01
1.409345127989185542e+01
1.040314189572019821e+01
1.099807968464679142e+01
1.009253008808064145e+01
1.631278838364701755e+01
1.488434347843123184e+01
8.136857890256438353e+00
1.335116235624909109e+01
1.117038385124011413e+01
1.492705330360461602e+01
1.178062436274634450e+01
5.863230142835038627e+00
1.046415791390898242e+01
1.204779266504070279e+01
1.722396045987370883e+01
8.136857890256438353e+00
8.291859587312051971e+00
1.058513485680245481e+01
1.296408962885714899e+01
1.117038385124011413e+01
9.166995688475081394e+00
9.373021315815206478e+00
1.150725478350318376e+01
7.399277020331918919e+00
1.623454913941802857e+01
7.569397566060480642e+00
9.373021315815206478e+00
1.518078909665319287e+01
1.178062436274634450e+01
1.266602473693425601e+01
1.567594437773643001e+01
1.194164264288369282e+01
1.058513485680245481e+01
1.172646028567007725e+01
1.161737456321036532e+01
7.653039857325811823e+00
7.399277020331918919e+00
1.358748446131948917e+01
1.220528683538465842e+01
8.136857890256438353e+00
1.296408962885714899e+01
1.335116235624909109e+01
1.271618740744904485e+01
9.373021315815206478e+00
9.965574970333758387e+00
9.965574970333758387e+00
7.817640190446718762e+00
8.368283871884004910e+00
1.377362305878664728e+01
9.236181543108379799e+00
1.266602473693425601e+01
1.161737456321036532e+01
1.311058116710494836e+01
1.046415791390898242e+01
1.172646028567007725e+01
1.156244577056221523e+01
1.178062436274634450e+01
1.413855043925722121e+01
1.354055000514615159e+01
1.377362305878664728e+01
1.167204486311898926e+01
9.373021315815206478e+00
1.335116235624909109e+01
1.246335526484300615e+01
2.256758334191025117e+00
1.513879513212096128e+01
1.178062436274634450e+01
1.178062436274634450e+01
7.399277020331918919e+00
1.386575534383213970e+01
1.236077446474206631e+01
1.354055000514615159e+01
9.166995688475081394e+00
1.471226436021925466e+01
1.256509862862843541e+01
8.136857890256438353e+00
9.373021315815206478e+00
8.812923024107547576e+00
1.296408962885714899e+01
1.064510777218481152e+01
5.170882945826410726e+00
8.058239062071395509e+00
1.395727947504383337e+01
1.354055000514615159e+01
8.812923024107547576e+00
1.117038385124011413e+01
1.058513485680245481e+01
6.770275002573075795e+00
1.296408962885714899e+01
9.236181543108379799e+00
9.166995688475081394e+00
1.386575534383213970e+01
1.599753570059363028e+01
1.276615297284584649e+01
8.214724333230154940e+00
1.547155565579009817e+01
9.373021315815206478e+00
9.373021315815206478e+00
1.009253008808064145e+01
