9.507891862878782518e+00
8.444016491289504600e+00
1.199483507827737583e+01
1.301310337505149661e+01
1.271618740744904485e+01
9.965574970333758387e+00
9.965574970333758387e+00
1.320733953636073110e+01
5.170882945826410726e+00
8.519075891779829490e+00
4.787307364817191768e+00
1.462546558286290477e+01
1.199483507827737583e+01
9.373021315815206478e+00
1.431752655671925822e+01
1.315904928495908166e+01
1.046415791390898242e+01
1.099807968464679142e+01
5.527906391541367981e+00
9.965574970333758387e+00
1.505445578434700415e+01
3.908820095223359381e+00
1.381976597885341995e+01
8.884866446580955923e+00
1.311058116710494836e+01
1.105581278308273596e+01
7.569397566060480642e+00
1.436192209445157708e+01
1.167204486311898926e+01
1.058513485680245481e+01
1.070474469691662733e+01
1.204779266504070279e+01
8.136857890256438353e+00
8.444016491289504600e+00
1.058513485680245481e+01
1.117038385124011413e+01
6.863662517577697741e+00
5.527906391541367981e+00
1.256509862862843541e+01
1.099807968464679142e+01
9.373021315815206478e+00
9.373021315815206478e+00
1.070474469691662733e+01
8.593479713983121826e+00
8.136857890256438353e+00
1.484151074652385738e+01
9.373021315815206478e+00
1.427299292922216978e+01
1.150725478350318376e+01
6.955796338302048021e+00
1.236077446474206631e+01
1.339876023397903637e+01
1.058513485680245481e+01
1.058513485680245481e+01
1.167204486311898926e+01
1.088169461344923583e+01
8.136857890256438353e+00
8.740387444736633427e+00
1.167204486311898926e+01
1.266602473693425601e+01
8.291859587312051971e+00
6.863662517577697741e+00
1.251433034574463399e+01
1.296408962885714899e+01
5.863230142835038627e+00
1.194164264288369282e+01
6.675581178124545545e+00
9.373021315815206478e+00
9.507891862878782518e+00
9.965574970333758387e+00
9.097283682934460103e+00
8.368283871884004910e+00
1.256509862862843541e+01
9.373021315815206478e+00
1.220528683538465842e+01
1.117038385124011413e+01
1.281592373849173683e+01
1.046415791390898242e+01
1.058513485680245481e+01
1.117038385124011413e+01
6.863662517577697741e+00
1.178062436274634450e+01
1.330339418036568588e+01
1.306193320280393344e+01
1.320733953636073110e+01
1.099807968464679142e+01
9.772050238058398008e+00
7.569397566060480642e+00
1.276615297284584649e+01
1.236077446474206631e+01
1.354055000514615159e+01
1.178062436274634450e+01
1.178062436274634450e+01
8.291859587312051971e+00
1.344618962205996482e+01
1.225733520300188317e+01
1.306193320280393344e+01
6.863662517577697741e+00
9.373021315815206478e+00
1.381976597885341995e+01
1.236077446474206631e+01
8.812923024107547576e+00
9.373021315815206478e+00
9.304852983362556174e+00
1.266602473693425601e+01
7.735777827895049086e+00
1.058513485680245481e+01
9.027033336764100468e+00
1.315904928495908166e+01
1.291488987023529766e+01
9.373021315815206478e+00
1.117038385124011413e+01
1.058513485680245481e+01
8.136857890256438353e+00
1.236077446474206631e+01
9.507891862878782518e+00
9.304852983362556174e+00
1.256509862862843541e+01
1.445030398768713376e+01
1.215301555949299761e+01
8.740387444736633427e+00
1.422831991532699902e+01
7.653039857325811823e+00
9.373021315815206478e+00
9.373021315815206478e+00
6.383076486422923246e+00
1.015541250385961369e+01
