8.812923024107547576e+00
8.740387444736633427e+00
1.276615297284584649e+01
1.453814859003845150e+01
1.339876023397903637e+01
9.901487006738307173e+00
9.640875829802336483e+00
1.422831991532699902e+01
8.136857890256438353e+00
1.513879513212096128e+01
1.306193320280393344e+01
7.817640190446718762e+00
1.505445578434700415e+01
1.418350619798065715e+01
1.028002345391383443e+01
1.088169461344923583e+01
1.009253008808064145e+01
1.635176762293251684e+01
1.505445578434700415e+01
8.136857890256438353e+00
1.335116235624909109e+01
1.117038385124011413e+01
1.501210842680413826e+01
1.178062436274634450e+01
4.787307364817191768e+00
1.040314189572019821e+01
1.225733520300188317e+01
1.729772508200899850e+01
7.978845608028653835e+00
7.817640190446718762e+00
1.058513485680245481e+01
1.296408962885714899e+01
1.117038385124011413e+01
9.027033336764100468e+00
9.373021315815206478e+00
1.156244577056221523e+01
7.225151993843566878e+00
1.639065416446577927e+01
7.569397566060480642e+00
9.373021315815206478e+00
1.538904010394216471e+01
1.178062436274634450e+01
1.251433034574463399e+01
1.571650316319191809e+01
1.199483507827737583e+01
1.058513485680245481e+01
1.183454054540639433e+01
1.161737456321036532e+01
7.136496464611084889e+00
1.358748446131948917e+01
7.225151993843566878e+00
1.225733520300188317e+01
8.136857890256438353e+00
1.296408962885714899e+01
1.335116235624909109e+01
1.271618740744904485e+01
9.373021315815206478e+00
9.965574970333758387e+00
9.965574970333758387e+00
7.484820637019110379e+00
7.978845608028653835e+00
1.377362305878664728e+01
9.166995688475081394e+00
1.271618740744904485e+01
1.167204486311898926e+01
1.306193320280393344e+01
1.046415791390898242e+01
1.172646028567007725e+01
1.178062436274634450e+01
1.178062436274634450e+01
1.431752655671925822e+01
1.354055000514615159e+01
1.391159267660409604e+01
1.167204486311898926e+01
9.373021315815206478e+00
1.339876023397903637e+01
1.256509862862843541e+01
1.530607971465162365e+01
1.178062436274634450e+01
1.178062436274634450e+01
7.312732791431452384e+00
1.386575534383213970e+01
1.236077446474206631e+01
1.354055000514615159e+01
9.097283682934460103e+00
1.484151074652385738e+01
1.266602473693425601e+01
7.978845608028653835e+00
9.373021315815206478e+00
8.812923024107547576e+00
1.296408962885714899e+01
1.082303275961201905e+01
3.908820095223359381e+00
7.898654169668588132e+00
1.418350619798065715e+01
1.368087033328175828e+01
8.444016491289504600e+00
1.117038385124011413e+01
1.058513485680245481e+01
6.076507779746498805e+00
1.296408962885714899e+01
9.166995688475081394e+00
9.097283682934460103e+00
1.386575534383213970e+01
1.599753570059363028e+01
1.286550196516137312e+01
8.136857890256438353e+00
1.551264883747923129e+01
9.373021315815206478e+00
9.373021315815206478e+00
1.009253008808064145e+01
