8.136857890256438353e+00
6.482044814428574497e+00
1.330339418036568588e+01
1.513879513212096128e+01
1.404820733880128181e+01
1.513879513212096128e+01
9.836981518731869656e+00
9.027033336764100468e+00
4.918490759365934828e+00
1.627371578051287671e+01
1.372732503515539548e+01
1.677456227108388731e+01
1.466892917224166482e+01
9.640875829802336483e+00
1.064510777218481152e+01
9.965574970333758387e+00
1.787688803255549530e+01
1.654528640181426269e+01
1.311058116710494836e+01
1.105581278308273596e+01
1.654528640181426269e+01
1.246335526484300615e+01
1.034176589165282145e+01
1.335116235624909109e+01
1.914922945926876707e+01
1.058513485680245481e+01
1.236077446474206631e+01
1.354055000514615159e+01
7.569397566060480642e+00
8.136857890256438353e+00
1.167204486311898926e+01
1.805406667352820094e+01
8.291859587312051971e+00
4.787307364817191768e+00
1.729772508200899850e+01
1.210051848659980855e+01
1.306193320280393344e+01
1.718695942796624365e+01
1.236077446474206631e+01
1.117038385124011413e+01
1.225733520300188317e+01
1.128379167095512514e+01
1.386575534383213970e+01
1.492705330360461602e+01
6.076507779746498805e+00
1.296408962885714899e+01
1.395727947504383337e+01
1.354055000514615159e+01
9.373021315815206478e+00
9.097283682934460103e+00
1.058513485680245481e+01
1.377362305878664728e+01
8.740387444736633427e+00
1.395727947504383337e+01
1.178062436274634450e+01
1.291488987023529766e+01
1.325545386523797831e+01
1.034176589165282145e+01
1.172646028567007725e+01
1.178062436274634450e+01
1.436192209445157708e+01
1.479855404066383784e+01
1.436192209445157708e+01
1.128379167095512514e+01
7.484820637019110379e+00
1.422831991532699902e+01
1.335116235624909109e+01
1.559451034962034477e+01
1.178062436274634450e+01
1.178062436274634450e+01
1.505445578434700415e+01
1.488434347843123184e+01
1.256509862862843541e+01
6.482044814428574497e+00
1.662206308517478703e+01
1.427299292922216978e+01
8.136857890256438353e+00
5.170882945826410726e+00
1.445030398768713376e+01
1.094004191971426110e+01
1.551264883747923129e+01
1.509668435477122017e+01
1.251433034574463399e+01
1.058513485680245481e+01
1.496964127403822076e+01
7.399277020331918919e+00
6.675581178124545545e+00
1.518078909665319287e+01
1.729772508200899850e+01
1.296408962885714899e+01
1.642944866646030988e+01
1.156244577056221523e+01
9.097283682934460103e+00
9.027033336764100468e+00
