9.304852983362556174e+00
8.593479713983121826e+00
1.204779266504070279e+01
1.306193320280393344e+01
1.276615297284584649e+01
9.965574970333758387e+00
9.965574970333758387e+00
1.325545386523797831e+01
4.652426491681278087e+00
8.519075891779829490e+00
4.222008245644752300e+00
1.466892917224166482e+01
1.210051848659980855e+01
9.373021315815206478e+00
1.440618081907316395e+01
1.325545386523797831e+01
1.046415791390898242e+01
1.099807968464679142e+01
5.292567428401227403e+00
9.965574970333758387e+00
1.513879513212096128e+01
2.256758334191025117e+00
1.381976597885341995e+01
8.884866446580955923e+00
1.325545386523797831e+01
1.105581278308273596e+01
7.484820637019110379e+00
1.436192209445157708e+01
1.167204486311898926e+01
1.058513485680245481e+01
1.070474469691662733e+01
1.204779266504070279e+01
8.136857890256438353e+00
8.444016491289504600e+00
1.058513485680245481e+01
1.117038385124011413e+01
6.770275002573075795e+00
5.046265044040320724e+00
1.256509862862843541e+01
1.105581278308273596e+01
9.373021315815206478e+00
9.373021315815206478e+00
1.076405121554611632e+01
8.519075891779829490e+00
8.136857890256438353e+00
1.496964127403822076e+01
9.373021315815206478e+00
1.427299292922216978e+01
1.156244577056221523e+01
6.955796338302048021e+00
1.236077446474206631e+01
1.354055000514615159e+01
1.064510777218481152e+01
1.058513485680245481e+01
1.094004191971426110e+01
1.161737456321036532e+01
8.136857890256438353e+00
8.740387444736633427e+00
1.172646028567007725e+01
1.266602473693425601e+01
8.291859587312051971e+00
6.579524642479540830e+00
1.261566261010080048e+01
1.296408962885714899e+01
5.527906391541367981e+00
1.194164264288369282e+01
6.383076486422923246e+00
9.373021315815206478e+00
9.507891862878782518e+00
9.965574970333758387e+00
9.027033336764100468e+00
8.291859587312051971e+00
1.266602473693425601e+01
9.373021315815206478e+00
1.220528683538465842e+01
1.117038385124011413e+01
1.291488987023529766e+01
1.046415791390898242e+01
1.058513485680245481e+01
1.117038385124011413e+01
6.675581178124545545e+00
1.178062436274634450e+01
1.344618962205996482e+01
1.306193320280393344e+01
1.325545386523797831e+01
1.105581278308273596e+01
9.772050238058398008e+00
7.569397566060480642e+00
1.291488987023529766e+01
1.236077446474206631e+01
1.358748446131948917e+01
1.178062436274634450e+01
1.178062436274634450e+01
8.291859587312051971e+00
1.354055000514615159e+01
1.236077446474206631e+01
1.311058116710494836e+01
6.863662517577697741e+00
9.373021315815206478e+00
1.381976597885341995e+01
1.236077446474206631e+01
8.812923024107547576e+00
9.373021315815206478e+00
9.304852983362556174e+00
1.266602473693425601e+01
7.569397566060480642e+00
1.058513485680245481e+01
8.812923024107547576e+00
1.315904928495908166e+01
1.296408962885714899e+01
9.373021315815206478e+00
1.117038385124011413e+01
1.058513485680245481e+01
8.136857890256438353e+00
1.236077446474206631e+01
9.507891862878782518e+00
9.373021315815206478e+00
1.256509862862843541e+01
1.453814859003845150e+01
1.215301555949299761e+01
8.740387444736633427e+00
1.427299292922216978e+01
7.484820637019110379e+00
9.373021315815206478e+00
9.373021315815206478e+00
6.383076486422923246e+00
1.015541250385961369e+01
