7.978845608028653835e+00
6.076507779746498805e+00
1.349345229721172146e+01
1.518078909665319287e+01
1.404820733880128181e+01
1.522266721510391640e+01
9.836981518731869656e+00
8.667244841319218907e+00
3.908820095223359381e+00
1.639065416446577927e+01
1.372732503515539548e+01
1.685029431422315938e+01
1.475547227809780537e+01
9.574614729634383536e+00
1.058513485680245481e+01
9.901487006738307173e+00
1.801877032173578996e+01
1.666031874701878124e+01
1.306193320280393344e+01
1.094004191971426110e+01
1.669848676668040710e+01
1.246335526484300615e+01
1.028002345391383443e+01
1.344618962205996482e+01
1.944613444328572172e+01
1.058513485680245481e+01
1.236077446474206631e+01
1.354055000514615159e+01
6.863662517577697741e+00
7.817640190446718762e+00
1.172646028567007725e+01
1.829923496393627147e+01
8.136857890256438353e+00
3.385137501286537898e+00
1.751715531361111644e+01
1.210051848659980855e+01
1.306193320280393344e+01
1.733448968263843781e+01
1.230916348999737586e+01
1.117038385124011413e+01
1.230916348999737586e+01
1.128379167095512514e+01
1.391159267660409604e+01
1.501210842680413826e+01
5.292567428401227403e+00
1.296408962885714899e+01
1.400281721259029588e+01
1.363425735166143049e+01
9.373021315815206478e+00
8.956231982162769611e+00
1.058513485680245481e+01
1.377362305878664728e+01
8.740387444736633427e+00
1.400281721259029588e+01
1.178062436274634450e+01
1.291488987023529766e+01
1.325545386523797831e+01
1.028002345391383443e+01
1.172646028567007725e+01
1.178062436274634450e+01
1.427299292922216978e+01
1.479855404066383784e+01
1.436192209445157708e+01
1.128379167095512514e+01
6.955796338302048021e+00
1.422831991532699902e+01
1.344618962205996482e+01
1.559451034962034477e+01
1.178062436274634450e+01
1.178062436274634450e+01
1.534761596392107741e+01
1.488434347843123184e+01
1.256509862862843541e+01
5.753627391751591880e+00
1.666031874701878124e+01
1.427299292922216978e+01
7.978845608028653835e+00
1.475547227809780537e+01
3.908820095223359381e+00
1.094004191971426110e+01
1.571650316319191809e+01
1.518078909665319287e+01
1.271618740744904485e+01
1.058513485680245481e+01
1.509668435477122017e+01
7.225151993843566878e+00
5.970821321441846408e+00
1.522266721510391640e+01
1.748077488947326685e+01
1.306193320280393344e+01
1.650676414605009157e+01
1.161737456321036532e+01
9.097283682934460103e+00
8.956231982162769611e+00
