8.740387444736633427e+00
8.667244841319218907e+00
1.296408962885714899e+01
1.466892917224166482e+01
1.363425735166143049e+01
9.836981518731869656e+00
9.373021315815206478e+00
1.436192209445157708e+01
8.136857890256438353e+00
1.547155565579009817e+01
1.311058116710494836e+01
6.675581178124545545e+00
1.555363345008750464e+01
1.427299292922216978e+01
1.009253008808064145e+01
1.082303275961201905e+01
1.034176589165282145e+01
1.688803298257900920e+01
1.530607971465162365e+01
7.136496464611084889e+00
1.330339418036568588e+01
1.117038385124011413e+01
1.522266721510391640e+01
1.178062436274634450e+01
1.028002345391383443e+01
1.286550196516137312e+01
1.784124116152771222e+01
7.898654169668588132e+00
7.225151993843566878e+00
1.058513485680245481e+01
1.296408962885714899e+01
1.150725478350318376e+01
8.740387444736633427e+00
9.097283682934460103e+00
1.156244577056221523e+01
6.180387232371033157e+00
1.700074635581867355e+01
9.097283682934460103e+00
7.569397566060480642e+00
1.551264883747923129e+01
1.178062436274634450e+01
1.266602473693425601e+01
1.603728119216292924e+01
1.204779266504070279e+01
1.117038385124011413e+01
1.194164264288369282e+01
1.150725478350318376e+01
5.753627391751591880e+00
1.281592373849173683e+01
1.368087033328175828e+01
6.383076486422923246e+00
7.735777827895049086e+00
1.296408962885714899e+01
1.349345229721172146e+01
1.301310337505149661e+01
9.373021315815206478e+00
9.706684619910241452e+00
9.965574970333758387e+00
6.770275002573075795e+00
7.484820637019110379e+00
1.377362305878664728e+01
9.097283682934460103e+00
1.286550196516137312e+01
1.167204486311898926e+01
1.306193320280393344e+01
1.034176589165282145e+01
1.172646028567007725e+01
1.178062436274634450e+01
1.178062436274634450e+01
1.431752655671925822e+01
1.377362305878664728e+01
1.404820733880128181e+01
1.161737456321036532e+01
8.812923024107547576e+00
1.368087033328175828e+01
1.271618740744904485e+01
1.530607971465162365e+01
1.178062436274634450e+01
1.178062436274634450e+01
6.482044814428574497e+00
1.409345127989185542e+01
1.400281721259029588e+01
1.251433034574463399e+01
8.740387444736633427e+00
1.526443044094783019e+01
1.291488987023529766e+01
7.312732791431452384e+00
9.304852983362556174e+00
8.214724333230154940e+00
1.296408962885714899e+01
1.117038385124011413e+01
1.466892917224166482e+01
6.863662517577697741e+00
1.404820733880128181e+01
7.978845608028653835e+00
1.156244577056221523e+01
1.058513485680245481e+01
1.354055000514615159e+01
3.385137501286537898e+00
8.956231982162769611e+00
8.740387444736633427e+00
1.418350619798065715e+01
1.611647812414279102e+01
1.296408962885714899e+01
7.817640190446718762e+00
1.563528038089343752e+01
1.046415791390898242e+01
9.373021315815206478e+00
9.373021315815206478e+00
