8.740387444736633427e+00
8.740387444736633427e+00
1.286550196516137312e+01
1.466892917224166482e+01
1.354055000514615159e+01
9.836981518731869656e+00
9.574614729634383536e+00
1.436192209445157708e+01
8.136857890256438353e+00
1.538904010394216471e+01
1.306193320280393344e+01
7.136496464611084889e+00
1.526443044094783019e+01
1.422831991532699902e+01
1.015541250385961369e+01
1.082303275961201905e+01
1.040314189572019821e+01
1.654528640181426269e+01
1.513879513212096128e+01
7.484820637019110379e+00
1.330339418036568588e+01
1.117038385124011413e+01
1.505445578434700415e+01
1.178062436274634450e+01
1.034176589165282145e+01
1.271618740744904485e+01
1.769793569896924623e+01
7.978845608028653835e+00
7.484820637019110379e+00
1.058513485680245481e+01
1.296408962885714899e+01
1.139607097042601680e+01
8.740387444736633427e+00
9.236181543108379799e+00
1.156244577056221523e+01
6.482044814428574497e+00
1.685029431422315938e+01
9.236181543108379799e+00
7.399277020331918919e+00
3.742410318509555189e+00
1.547155565579009817e+01
1.178062436274634450e+01
1.251433034574463399e+01
1.587770228520368221e+01
1.204779266504070279e+01
1.094004191971426110e+01
1.188821220645068522e+01
1.156244577056221523e+01
6.482044814428574497e+00
1.261566261010080048e+01
1.368087033328175828e+01
6.863662517577697741e+00
7.978845608028653835e+00
1.296408962885714899e+01
1.339876023397903637e+01
1.291488987023529766e+01
9.373021315815206478e+00
9.901487006738307173e+00
9.965574970333758387e+00
6.955796338302048021e+00
7.735777827895049086e+00
1.372732503515539548e+01
9.097283682934460103e+00
1.286550196516137312e+01
1.167204486311898926e+01
1.306193320280393344e+01
1.040314189572019821e+01
1.172646028567007725e+01
1.178062436274634450e+01
1.178062436274634450e+01
1.431752655671925822e+01
1.358748446131948917e+01
1.404820733880128181e+01
1.161737456321036532e+01
8.956231982162769611e+00
1.354055000514615159e+01
1.266602473693425601e+01
1.530607971465162365e+01
1.178062436274634450e+01
1.178062436274634450e+01
6.863662517577697741e+00
1.395727947504383337e+01
1.381976597885341995e+01
1.241217083805063837e+01
8.884866446580955923e+00
1.513879513212096128e+01
1.276615297284584649e+01
7.399277020331918919e+00
9.373021315815206478e+00
8.214724333230154940e+00
1.296408962885714899e+01
1.117038385124011413e+01
1.458187244392064308e+01
7.225151993843566878e+00
1.391159267660409604e+01
8.291859587312051971e+00
1.134007028277388685e+01
1.058513485680245481e+01
1.339876023397903637e+01
4.652426491681278087e+00
9.097283682934460103e+00
8.812923024107547576e+00
1.413855043925722121e+01
1.607692842495848140e+01
1.296408962885714899e+01
8.136857890256438353e+00
1.551264883747923129e+01
1.034176589165282145e+01
9.373021315815206478e+00
9.373021315815206478e+00
