4.513516668382050234e+00
7.653039857325811823e+00
3.908820095223359381e+00
1.381976597885341995e+01
1.538904010394216471e+01
1.404820733880128181e+01
1.534761596392107741e+01
9.373021315815206478e+00
8.444016491289504600e+00
1.650676414605009157e+01
1.409345127989185542e+01
1.700074635581867355e+01
1.484151074652385738e+01
9.097283682934460103e+00
1.021790793990058255e+01
9.772050238058398008e+00
1.812445316531431061e+01
1.696325844612841038e+01
1.301310337505149661e+01
1.094004191971426110e+01
1.681247093473193388e+01
1.256509862862843541e+01
9.901487006738307173e+00
1.335116235624909109e+01
1.996306533331256716e+01
1.070474469691662733e+01
1.225733520300188317e+01
1.344618962205996482e+01
6.180387232371033157e+00
6.770275002573075795e+00
1.161737456321036532e+01
1.850679436136249834e+01
7.653039857325811823e+00
1.822952333923949553e+01
1.194164264288369282e+01
1.306193320280393344e+01
1.769793569896924623e+01
1.225733520300188317e+01
1.117038385124011413e+01
1.266602473693425601e+01
1.128379167095512514e+01
1.413855043925722121e+01
1.522266721510391640e+01
1.281592373849173683e+01
1.391159267660409604e+01
1.368087033328175828e+01
9.373021315815206478e+00
8.593479713983121826e+00
1.058513485680245481e+01
1.381976597885341995e+01
8.444016491289504600e+00
1.440618081907316395e+01
1.178062436274634450e+01
1.291488987023529766e+01
1.325545386523797831e+01
1.028002345391383443e+01
1.172646028567007725e+01
1.178062436274634450e+01
1.427299292922216978e+01
1.479855404066383784e+01
1.445030398768713376e+01
1.128379167095512514e+01
5.753627391751591880e+00
1.445030398768713376e+01
1.358748446131948917e+01
1.583755632390385770e+01
1.199483507827737583e+01
1.178062436274634450e+01
1.583755632390385770e+01
1.488434347843123184e+01
1.256509862862843541e+01
1.692568750643268771e+01
2.985410660720923204e+00
1.436192209445157708e+01
6.955796338302048021e+00
1.522266721510391640e+01
1.094004191971426110e+01
1.623454913941802857e+01
1.522266721510391640e+01
1.291488987023529766e+01
1.058513485680245481e+01
1.547155565579009817e+01
6.282549314314217703e+00
2.763953195770683990e+00
1.526443044094783019e+01
1.773387063078969206e+01
1.330339418036568588e+01
1.662206308517478703e+01
1.178062436274634450e+01
8.667244841319218907e+00
8.740387444736633427e+00
