9.304852983362556174e+00
9.097283682934460103e+00
1.225733520300188317e+01
1.344618962205996482e+01
1.315904928495908166e+01
9.965574970333758387e+00
9.965574970333758387e+00
1.377362305878664728e+01
8.593479713983121826e+00
1.484151074652385738e+01
1.230916348999737586e+01
9.027033336764100468e+00
1.458187244392064308e+01
1.354055000514615159e+01
1.046415791390898242e+01
1.105581278308273596e+01
2.763953195770683990e+00
9.965574970333758387e+00
1.534761596392107741e+01
1.391159267660409604e+01
8.740387444736633427e+00
1.335116235624909109e+01
1.111324596323282954e+01
7.225151993843566878e+00
1.445030398768713376e+01
1.178062436274634450e+01
1.058513485680245481e+01
1.094004191971426110e+01
1.225733520300188317e+01
8.214724333230154940e+00
8.667244841319218907e+00
1.058513485680245481e+01
1.117038385124011413e+01
6.076507779746498805e+00
1.266602473693425601e+01
1.595769121605730811e+00
1.117038385124011413e+01
9.373021315815206478e+00
9.373021315815206478e+00
1.111324596323282954e+01
8.136857890256438353e+00
8.136857890256438353e+00
1.526443044094783019e+01
9.373021315815206478e+00
1.440618081907316395e+01
1.167204486311898926e+01
6.076507779746498805e+00
1.236077446474206631e+01
1.381976597885341995e+01
1.088169461344923583e+01
1.058513485680245481e+01
1.117038385124011413e+01
1.167204486311898926e+01
8.136857890256438353e+00
8.519075891779829490e+00
1.178062436274634450e+01
1.276615297284584649e+01
8.291859587312051971e+00
6.076507779746498805e+00
1.276615297284584649e+01
1.315904928495908166e+01
4.068428945128219176e+00
1.215301555949299761e+01
5.753627391751591880e+00
9.373021315815206478e+00
9.507891862878782518e+00
9.965574970333758387e+00
9.027033336764100468e+00
8.368283871884004910e+00
1.286550196516137312e+01
9.373021315815206478e+00
1.236077446474206631e+01
1.117038385124011413e+01
1.296408962885714899e+01
1.058513485680245481e+01
1.094004191971426110e+01
1.117038385124011413e+01
6.076507779746498805e+00
1.178062436274634450e+01
1.349345229721172146e+01
1.315904928495908166e+01
1.330339418036568588e+01
1.150725478350318376e+01
9.640875829802336483e+00
6.863662517577697741e+00
1.296408962885714899e+01
1.236077446474206631e+01
1.422831991532699902e+01
1.178062436274634450e+01
1.178062436274634450e+01
8.136857890256438353e+00
1.354055000514615159e+01
1.236077446474206631e+01
1.311058116710494836e+01
9.373021315815206478e+00
5.411516379806009525e+00
1.395727947504383337e+01
1.236077446474206631e+01
8.812923024107547576e+00
9.373021315815206478e+00
9.304852983362556174e+00
1.276615297284584649e+01
7.312732791431452384e+00
1.058513485680245481e+01
8.812923024107547576e+00
1.335116235624909109e+01
1.296408962885714899e+01
9.373021315815206478e+00
1.117038385124011413e+01
1.058513485680245481e+01
8.136857890256438353e+00
1.236077446474206631e+01
9.373021315815206478e+00
9.373021315815206478e+00
1.281592373849173683e+01
1.479855404066383784e+01
1.225733520300188317e+01
8.740387444736633427e+00
1.462546558286290477e+01
7.046725639945927711e+00
9.373021315815206478e+00
9.373021315815206478e+00
1.009253008808064145e+01
5.292567428401227403e+00
