8.291859587312051971e+00
8.136857890256438353e+00
1.296408962885714899e+01
1.479855404066383784e+01
1.372732503515539548e+01
9.965574970333758387e+00
9.236181543108379799e+00
1.453814859003845150e+01
7.312732791431452384e+00
1.563528038089343752e+01
1.335116235624909109e+01
1.595769121605730767e+01
4.652426491681278087e+00
1.431752655671925822e+01
9.965574970333758387e+00
1.070474469691662733e+01
9.965574970333758387e+00
1.722396045987370883e+01
1.543035303761632804e+01
6.383076486422923246e+00
1.325545386523797831e+01
1.117038385124011413e+01
1.591774699517169012e+01
1.178062436274634450e+01
1.034176589165282145e+01
1.315904928495908166e+01
1.826441241104166124e+01
6.482044814428574497e+00
6.076507779746498805e+00
1.058513485680245481e+01
1.330339418036568588e+01
1.178062436274634450e+01
8.444016491289504600e+00
8.740387444736633427e+00
1.156244577056221523e+01
1.758969042850511855e+01
3.191538243211461623e+00
7.312732791431452384e+00
8.956231982162769611e+00
1.623454913941802857e+01
1.178062436274634450e+01
1.276615297284584649e+01
1.646815177937675045e+01
1.220528683538465842e+01
1.117038385124011413e+01
1.210051848659980855e+01
1.139607097042601680e+01
1.358748446131948917e+01
1.400281721259029588e+01
4.787307364817191768e+00
7.399277020331918919e+00
1.296408962885714899e+01
1.368087033328175828e+01
1.325545386523797831e+01
9.236181543108379799e+00
9.574614729634383536e+00
1.015541250385961369e+01
6.482044814428574497e+00
4.513516668382050234e+00
1.377362305878664728e+01
8.740387444736633427e+00
1.315904928495908166e+01
1.178062436274634450e+01
1.311058116710494836e+01
1.236077446474206631e+01
1.034176589165282145e+01
1.172646028567007725e+01
1.178062436274634450e+01
1.449429283826230197e+01
1.381976597885341995e+01
1.431752655671925822e+01
1.156244577056221523e+01
8.444016491289504600e+00
1.400281721259029588e+01
1.296408962885714899e+01
1.538904010394216471e+01
1.178062436274634450e+01
1.178062436274634450e+01
3.908820095223359381e+00
1.436192209445157708e+01
1.431752655671925822e+01
1.246335526484300615e+01
8.291859587312051971e+00
1.571650316319191809e+01
1.296408962885714899e+01
9.097283682934460103e+00
6.180387232371033157e+00
7.399277020331918919e+00
1.349345229721172146e+01
1.117038385124011413e+01
1.488434347843123184e+01
5.292567428401227403e+00
1.427299292922216978e+01
6.955796338302048021e+00
1.178062436274634450e+01
1.058513485680245481e+01
1.422831991532699902e+01
8.291859587312051971e+00
8.214724333230154940e+00
1.436192209445157708e+01
1.639065416446577927e+01
1.296408962885714899e+01
6.383076486422923246e+00
1.595769121605730767e+01
1.058513485680245481e+01
9.373021315815206478e+00
9.373021315815206478e+00
