9.304852983362556174e+00
8.291859587312051971e+00
1.105581278308273596e+01
1.194164264288369282e+01
9.965574970333758387e+00
9.965574970333758387e+00
1.194164264288369282e+01
6.863662517577697741e+00
1.194164264288369282e+01
6.383076486422923246e+00
8.593479713983121826e+00
2.256758334191025117e+00
1.400281721259029588e+01
1.111324596323282954e+01
5.753627391751591880e+00
9.440697438826296306e+00
3.568248232305542444e+00
1.386575534383213970e+01
1.161737456321036532e+01
9.836981518731869656e+00
6.482044814428574497e+00
1.070474469691662733e+01
6.863662517577697741e+00
9.965574970333758387e+00
1.471226436021925466e+01
6.282549314314217703e+00
8.740387444736633427e+00
1.330339418036568588e+01
1.301310337505149661e+01
1.088169461344923583e+01
8.136857890256438353e+00
1.339876023397903637e+01
1.128379167095512514e+01
1.058513485680245481e+01
1.058513485680245481e+01
1.178062436274634450e+01
8.291859587312051971e+00
8.740387444736633427e+00
5.863230142835038627e+00
7.484820637019110379e+00
1.058513485680245481e+01
1.117038385124011413e+01
7.225151993843566878e+00
1.236077446474206631e+01
1.046415791390898242e+01
9.373021315815206478e+00
9.373021315815206478e+00
1.058513485680245481e+01
8.593479713983121826e+00
8.136857890256438353e+00
1.440618081907316395e+01
9.373021315815206478e+00
1.386575534383213970e+01
1.111324596323282954e+01
8.136857890256438353e+00
1.225733520300188317e+01
1.261566261010080048e+01
1.058513485680245481e+01
1.058513485680245481e+01
1.183454054540639433e+01
1.058513485680245481e+01
8.444016491289504600e+00
8.740387444736633427e+00
5.527906391541367981e+00
1.058513485680245481e+01
1.210051848659980855e+01
8.291859587312051971e+00
7.569397566060480642e+00
1.210051848659980855e+01
1.236077446474206631e+01
7.046725639945927711e+00
1.178062436274634450e+01
7.225151993843566878e+00
5.527906391541367981e+00
9.373021315815206478e+00
9.097283682934460103e+00
9.965574970333758387e+00
9.236181543108379799e+00
8.740387444736633427e+00
4.222008245644752300e+00
1.188821220645068522e+01
9.373021315815206478e+00
1.183454054540639433e+01
1.076405121554611632e+01
1.034176589165282145e+01
1.178062436274634450e+01
1.028002345391383443e+01
1.117038385124011413e+01
7.312732791431452384e+00
4.918490759365934828e+00
1.178062436274634450e+01
1.183454054540639433e+01
1.306193320280393344e+01
1.296408962885714899e+01
1.058513485680245481e+01
9.901487006738307173e+00
6.076507779746498805e+00
8.058239062071395509e+00
1.178062436274634450e+01
1.236077446474206631e+01
1.230916348999737586e+01
1.178062436274634450e+01
5.411516379806009525e+00
1.178062436274634450e+01
8.444016491289504600e+00
1.315904928495908166e+01
7.898654169668588132e+00
1.178062436274634450e+01
6.180387232371033157e+00
1.246335526484300615e+01
8.884866446580955923e+00
1.266602473693425601e+01
1.210051848659980855e+01
9.373021315815206478e+00
2.523132522020160362e+00
9.574614729634383536e+00
9.097283682934460103e+00
1.225733520300188317e+01
8.136857890256438353e+00
1.058513485680245481e+01
2.985410660720923204e+00
9.166995688475081394e+00
1.286550196516137312e+01
9.574614729634383536e+00
1.188821220645068522e+01
1.117038385124011413e+01
1.058513485680245481e+01
8.444016491289504600e+00
1.199483507827737583e+01
9.373021315815206478e+00
9.706684619910241452e+00
1.167204486311898926e+01
1.404820733880128181e+01
6.076507779746498805e+00
4.918490759365934828e+00
1.128379167095512514e+01
8.740387444736633427e+00
1.358748446131948917e+01
8.136857890256438353e+00
7.484820637019110379e+00
9.373021315815206478e+00
9.574614729634383536e+00
1.021790793990058255e+01
