2.256758334191025117e+00
9.304852983362556174e+00
8.740387444736633427e+00
1.251433034574463399e+01
1.409345127989185542e+01
1.335116235624909109e+01
9.901487006738307173e+00
9.901487006738307173e+00
1.413855043925722121e+01
8.444016491289504600e+00
1.496964127403822076e+01
1.281592373849173683e+01
8.136857890256438353e+00
1.488434347843123184e+01
1.400281721259029588e+01
1.046415791390898242e+01
1.105581278308273596e+01
1.009253008808064145e+01
1.615593100600235843e+01
1.471226436021925466e+01
8.444016491289504600e+00
1.344618962205996482e+01
1.111324596323282954e+01
1.479855404066383784e+01
1.178062436274634450e+01
6.383076486422923246e+00
1.058513485680245481e+01
1.117038385124011413e+01
1.711271735549580697e+01
7.978845608028653835e+00
8.740387444736633427e+00
1.064510777218481152e+01
2.985410660720923204e+00
1.276615297284584649e+01
1.117038385124011413e+01
9.236181543108379799e+00
9.373021315815206478e+00
1.145179781116143225e+01
8.136857890256438353e+00
1.579730833933717626e+01
7.978845608028653835e+00
9.373021315815206478e+00
1.505445578434700415e+01
1.178062436274634450e+01
1.246335526484300615e+01
1.178062436274634450e+01
1.505445578434700415e+01
1.058513485680245481e+01
1.161737456321036532e+01
1.161737456321036532e+01
8.136857890256438353e+00
7.817640190446718762e+00
1.325545386523797831e+01
1.194164264288369282e+01
8.291859587312051971e+00
1.276615297284584649e+01
1.325545386523797831e+01
2.763953195770683990e+00
1.246335526484300615e+01
9.373021315815206478e+00
1.009253008808064145e+01
9.965574970333758387e+00
8.593479713983121826e+00
8.136857890256438353e+00
1.363425735166143049e+01
9.373021315815206478e+00
1.251433034574463399e+01
1.150725478350318376e+01
1.311058116710494836e+01
1.058513485680245481e+01
1.172646028567007725e+01
1.134007028277388685e+01
1.178062436274634450e+01
1.391159267660409604e+01
1.330339418036568588e+01
1.368087033328175828e+01
1.167204486311898926e+01
9.373021315815206478e+00
1.325545386523797831e+01
5.527906391541367981e+00
1.236077446474206631e+01
1.505445578434700415e+01
1.178062436274634450e+01
1.178062436274634450e+01
7.569397566060480642e+00
1.368087033328175828e+01
1.236077446474206631e+01
1.330339418036568588e+01
9.304852983362556174e+00
1.453814859003845150e+01
1.236077446474206631e+01
8.214724333230154940e+00
9.574614729634383536e+00
8.812923024107547576e+00
1.291488987023529766e+01
6.282549314314217703e+00
1.058513485680245481e+01
8.214724333230154940e+00
1.381976597885341995e+01
1.315904928495908166e+01
9.166995688475081394e+00
1.117038385124011413e+01
1.058513485680245481e+01
7.225151993843566878e+00
1.276615297284584649e+01
9.373021315815206478e+00
9.166995688475081394e+00
1.330339418036568588e+01
1.567594437773643001e+01
1.261566261010080048e+01
8.519075891779829490e+00
1.538904010394216471e+01
9.373021315815206478e+00
9.373021315815206478e+00
1.002925341359354938e+01
4.513516668382050234e+00
