8.136857890256438353e+00
7.569397566060480642e+00
1.296408962885714899e+01
1.484151074652385738e+01
1.377362305878664728e+01
1.021790793990058255e+01
9.236181543108379799e+00
1.453814859003845150e+01
6.955796338302048021e+00
1.607692842495848140e+01
1.335116235624909109e+01
1.627371578051287671e+01
1.436192209445157708e+01
9.965574970333758387e+00
1.070474469691662733e+01
9.965574970333758387e+00
1.740778594902202769e+01
1.555363345008750464e+01
5.046265044040320724e+00
1.325545386523797831e+01
1.117038385124011413e+01
1.603728119216292924e+01
1.188821220645068522e+01
1.034176589165282145e+01
1.325545386523797831e+01
1.860970596672511235e+01
6.076507779746498805e+00
5.753627391751591880e+00
1.058513485680245481e+01
1.344618962205996482e+01
1.178062436274634450e+01
8.136857890256438353e+00
8.593479713983121826e+00
1.161737456321036532e+01
1.787688803255549530e+01
6.955796338302048021e+00
8.740387444736633427e+00
1.646815177937675045e+01
1.188821220645068522e+01
1.291488987023529766e+01
1.662206308517478703e+01
1.225733520300188317e+01
1.117038385124011413e+01
1.215301555949299761e+01
1.139607097042601680e+01
1.363425735166143049e+01
1.431752655671925822e+01
7.136496464611084889e+00
1.296408962885714899e+01
1.377362305878664728e+01
1.325545386523797831e+01
9.440697438826296306e+00
9.236181543108379799e+00
1.058513485680245481e+01
1.377362305878664728e+01
5.753627391751591880e+00
8.740387444736633427e+00
1.330339418036568588e+01
1.178062436274634450e+01
1.276615297284584649e+01
1.311058116710494836e+01
1.034176589165282145e+01
1.172646028567007725e+01
1.178062436274634450e+01
1.471226436021925466e+01
1.391159267660409604e+01
1.449429283826230197e+01
1.139607097042601680e+01
8.368283871884004910e+00
1.404820733880128181e+01
1.296408962885714899e+01
1.538904010394216471e+01
1.178062436274634450e+01
1.178062436274634450e+01
1.445030398768713376e+01
1.475547227809780537e+01
1.246335526484300615e+01
7.735777827895049086e+00
1.595769121605730767e+01
1.344618962205996482e+01
8.884866446580955923e+00
5.527906391541367981e+00
7.046725639945927711e+00
1.363425735166143049e+01
1.094004191971426110e+01
1.496964127403822076e+01
3.908820095223359381e+00
1.440618081907316395e+01
6.180387232371033157e+00
1.178062436274634450e+01
1.058513485680245481e+01
1.436192209445157708e+01
8.136857890256438353e+00
7.978845608028653835e+00
1.449429283826230197e+01
1.681247093473193388e+01
1.296408962885714899e+01
5.863230142835038627e+00
1.595769121605730767e+01
1.070474469691662733e+01
9.373021315815206478e+00
9.373021315815206478e+00
