8.444016491289504600e+00
8.444016491289504600e+00
1.296408962885714899e+01
1.471226436021925466e+01
1.368087033328175828e+01
9.836981518731869656e+00
9.236181543108379799e+00
1.440618081907316395e+01
7.817640190446718762e+00
1.555363345008750464e+01
1.315904928495908166e+01
6.076507779746498805e+00
1.575695754970980111e+01
1.427299292922216978e+01
1.002925341359354938e+01
1.076405121554611632e+01
1.009253008808064145e+01
1.711271735549580697e+01
1.543035303761632804e+01
6.482044814428574497e+00
1.330339418036568588e+01
1.117038385124011413e+01
1.555363345008750464e+01
1.178062436274634450e+01
1.034176589165282145e+01
1.296408962885714899e+01
1.801877032173578996e+01
7.225151993843566878e+00
6.955796338302048021e+00
1.058513485680245481e+01
1.320733953636073110e+01
1.161737456321036532e+01
8.667244841319218907e+00
4.068428945128219176e+00
9.027033336764100468e+00
1.156244577056221523e+01
1.726088217525477830e+01
5.292567428401227403e+00
7.312732791431452384e+00
8.740387444736633427e+00
1.583755632390385770e+01
1.178062436274634450e+01
1.271618740744904485e+01
1.627371578051287671e+01
1.215301555949299761e+01
1.117038385124011413e+01
1.199483507827737583e+01
1.139607097042601680e+01
4.652426491681278087e+00
1.301310337505149661e+01
1.395727947504383337e+01
5.970821321441846408e+00
7.399277020331918919e+00
1.296408962885714899e+01
1.354055000514615159e+01
1.306193320280393344e+01
9.236181543108379799e+00
9.640875829802336483e+00
9.965574970333758387e+00
6.076507779746498805e+00
6.955796338302048021e+00
1.377362305878664728e+01
9.097283682934460103e+00
1.296408962885714899e+01
1.172646028567007725e+01
1.306193320280393344e+01
1.210051848659980855e+01
1.034176589165282145e+01
1.172646028567007725e+01
1.178062436274634450e+01
1.440618081907316395e+01
1.381976597885341995e+01
1.418350619798065715e+01
1.161737456321036532e+01
8.812923024107547576e+00
1.377362305878664728e+01
1.276615297284584649e+01
1.530607971465162365e+01
1.178062436274634450e+01
1.178062436274634450e+01
5.753627391751591880e+00
1.413855043925722121e+01
1.418350619798065715e+01
1.261566261010080048e+01
8.593479713983121826e+00
1.559451034962034477e+01
1.296408962885714899e+01
6.863662517577697741e+00
9.236181543108379799e+00
7.898654169668588132e+00
1.315904928495908166e+01
1.117038385124011413e+01
1.471226436021925466e+01
6.383076486422923246e+00
1.413855043925722121e+01
7.484820637019110379e+00
1.178062436274634450e+01
1.058513485680245481e+01
1.418350619798065715e+01
8.444016491289504600e+00
8.593479713983121826e+00
1.427299292922216978e+01
1.615593100600235843e+01
1.296408962885714899e+01
6.955796338302048021e+00
1.579730833933717626e+01
1.058513485680245481e+01
9.373021315815206478e+00
9.373021315815206478e+00
