9.304852983362556174e+00
8.368283871884004910e+00
1.128379167095512514e+01
1.230916348999737586e+01
9.965574970333758387e+00
9.965574970333758387e+00
1.230916348999737586e+01
6.675581178124545545e+00
1.251433034574463399e+01
6.383076486422923246e+00
8.593479713983121826e+00
1.422831991532699902e+01
1.117038385124011413e+01
5.170882945826410726e+00
9.373021315815206478e+00
1.400281721259029588e+01
1.183454054540639433e+01
1.040314189572019821e+01
1.088169461344923583e+01
6.383076486422923246e+00
9.965574970333758387e+00
6.282549314314217703e+00
1.488434347843123184e+01
1.344618962205996482e+01
5.753627391751591880e+00
8.884866446580955923e+00
1.301310337505149661e+01
1.099807968464679142e+01
8.136857890256438353e+00
1.358748446131948917e+01
1.139607097042601680e+01
1.058513485680245481e+01
1.058513485680245481e+01
1.178062436274634450e+01
8.291859587312051971e+00
8.667244841319218907e+00
7.312732791431452384e+00
4.787307364817191768e+00
1.058513485680245481e+01
1.117038385124011413e+01
6.863662517577697741e+00
1.236077446474206631e+01
1.064510777218481152e+01
9.373021315815206478e+00
9.373021315815206478e+00
1.058513485680245481e+01
8.740387444736633427e+00
8.136857890256438353e+00
1.458187244392064308e+01
9.373021315815206478e+00
1.400281721259029588e+01
1.117038385124011413e+01
7.978845608028653835e+00
1.236077446474206631e+01
1.271618740744904485e+01
1.058513485680245481e+01
1.058513485680245481e+01
1.194164264288369282e+01
1.058513485680245481e+01
8.136857890256438353e+00
8.740387444736633427e+00
5.170882945826410726e+00
1.070474469691662733e+01
1.225733520300188317e+01
8.136857890256438353e+00
7.312732791431452384e+00
1.251433034574463399e+01
1.236077446474206631e+01
6.863662517577697741e+00
1.178062436274634450e+01
7.225151993843566878e+00
5.170882945826410726e+00
9.373021315815206478e+00
9.166995688475081394e+00
9.965574970333758387e+00
9.166995688475081394e+00
8.667244841319218907e+00
1.210051848659980855e+01
9.373021315815206478e+00
1.188821220645068522e+01
1.105581278308273596e+01
1.034176589165282145e+01
1.210051848659980855e+01
1.046415791390898242e+01
1.117038385124011413e+01
7.225151993843566878e+00
1.178062436274634450e+01
1.241217083805063837e+01
1.311058116710494836e+01
1.296408962885714899e+01
1.058513485680245481e+01
9.836981518731869656e+00
5.170882945826410726e+00
7.898654169668588132e+00
1.194164264288369282e+01
1.236077446474206631e+01
1.256509862862843541e+01
1.178062436274634450e+01
4.370193722368316713e+00
1.178062436274634450e+01
8.593479713983121826e+00
1.315904928495908166e+01
1.183454054540639433e+01
5.970821321441846408e+00
1.276615297284584649e+01
7.569397566060480642e+00
8.884866446580955923e+00
1.306193320280393344e+01
1.215301555949299761e+01
9.373021315815206478e+00
9.574614729634383536e+00
9.373021315815206478e+00
1.246335526484300615e+01
8.136857890256438353e+00
1.058513485680245481e+01
9.236181543108379799e+00
1.296408962885714899e+01
1.220528683538465842e+01
9.507891862878782518e+00
1.117038385124011413e+01
8.593479713983121826e+00
1.058513485680245481e+01
1.215301555949299761e+01
9.507891862878782518e+00
9.574614729634383536e+00
1.178062436274634450e+01
1.413855043925722121e+01
1.161737456321036532e+01
5.292567428401227403e+00
8.740387444736633427e+00
2.985410660720923204e+00
1.372732503515539548e+01
8.136857890256438353e+00
7.399277020331918919e+00
9.373021315815206478e+00
9.507891862878782518e+00
1.021790793990058255e+01
