7.817640190446718762e+00
5.753627391751591880e+00
1.349345229721172146e+01
1.522266721510391640e+01
1.404820733880128181e+01
1.522266721510391640e+01
9.772050238058398008e+00
8.740387444736633427e+00
2.763953195770683990e+00
1.642944866646030988e+01
1.381976597885341995e+01
1.685029431422315938e+01
1.475547227809780537e+01
9.373021315815206478e+00
1.058513485680245481e+01
9.836981518731869656e+00
1.805406667352820094e+01
1.669848676668040710e+01
1.306193320280393344e+01
1.094004191971426110e+01
1.669848676668040710e+01
1.246335526484300615e+01
1.028002345391383443e+01
1.344618962205996482e+01
1.947884453275086969e+01
1.058513485680245481e+01
1.236077446474206631e+01
1.354055000514615159e+01
6.863662517577697741e+00
7.484820637019110379e+00
1.178062436274634450e+01
1.833399137695016279e+01
8.136857890256438353e+00
1.773387063078969206e+01
1.210051848659980855e+01
1.306193320280393344e+01
1.740778594902202769e+01
1.230916348999737586e+01
1.128379167095512514e+01
1.225733520300188317e+01
1.128379167095512514e+01
1.404820733880128181e+01
1.509668435477122017e+01
1.291488987023529766e+01
1.400281721259029588e+01
4.787307364817191768e+00
1.368087033328175828e+01
9.373021315815206478e+00
8.884866446580955923e+00
1.058513485680245481e+01
1.377362305878664728e+01
8.667244841319218907e+00
1.404820733880128181e+01
1.178062436274634450e+01
1.291488987023529766e+01
1.325545386523797831e+01
1.028002345391383443e+01
1.172646028567007725e+01
1.178062436274634450e+01
1.431752655671925822e+01
1.479855404066383784e+01
1.440618081907316395e+01
1.128379167095512514e+01
6.955796338302048021e+00
1.431752655671925822e+01
1.354055000514615159e+01
1.567594437773643001e+01
1.178062436274634450e+01
1.178062436274634450e+01
1.538904010394216471e+01
1.488434347843123184e+01
1.256509862862843541e+01
5.753627391751591880e+00
1.673656774376800982e+01
1.427299292922216978e+01
7.898654169668588132e+00
1.496964127403822076e+01
2.763953195770683990e+00
1.094004191971426110e+01
1.583755632390385770e+01
1.513879513212096128e+01
1.281592373849173683e+01
1.058513485680245481e+01
1.509668435477122017e+01
7.225151993843566878e+00
5.753627391751591880e+00
1.522266721510391640e+01
1.755346033766304004e+01
1.315904928495908166e+01
1.650676414605009157e+01
1.161737456321036532e+01
8.884866446580955923e+00
8.812923024107547576e+00
