8.136857890256438353e+00
7.225151993843566878e+00
1.296408962885714899e+01
1.492705330360461602e+01
1.395727947504383337e+01
1.484151074652385738e+01
1.009253008808064145e+01
9.166995688475081394e+00
6.076507779746498805e+00
1.631278838364701755e+01
1.339876023397903637e+01
1.662206308517478703e+01
1.453814859003845150e+01
9.836981518731869656e+00
1.064510777218481152e+01
9.965574970333758387e+00
1.762584604821509515e+01
1.599753570059363028e+01
1.325545386523797831e+01
1.117038385124011413e+01
1.623454913941802857e+01
1.220528683538465842e+01
1.034176589165282145e+01
1.330339418036568588e+01
1.891508160359295942e+01
4.222008245644752300e+00
3.742410318509555189e+00
1.058513485680245481e+01
1.354055000514615159e+01
1.178062436274634450e+01
7.817640190446718762e+00
8.136857890256438353e+00
1.167204486311898926e+01
1.791246396432553922e+01
8.667244841319218907e+00
6.076507779746498805e+00
1.688803298257900920e+01
1.204779266504070279e+01
1.311058116710494836e+01
1.669848676668040710e+01
1.236077446474206631e+01
1.117038385124011413e+01
1.215301555949299761e+01
1.134007028277388685e+01
1.381976597885341995e+01
1.445030398768713376e+01
6.770275002573075795e+00
1.296408962885714899e+01
1.386575534383213970e+01
1.335116235624909109e+01
9.507891862878782518e+00
9.166995688475081394e+00
1.058513485680245481e+01
1.377362305878664728e+01
4.068428945128219176e+00
8.740387444736633427e+00
1.349345229721172146e+01
1.178062436274634450e+01
1.281592373849173683e+01
1.325545386523797831e+01
1.034176589165282145e+01
1.172646028567007725e+01
1.178062436274634450e+01
1.471226436021925466e+01
1.409345127989185542e+01
1.445030398768713376e+01
1.139607097042601680e+01
8.058239062071395509e+00
1.418350619798065715e+01
1.296408962885714899e+01
1.547155565579009817e+01
1.178062436274634450e+01
1.178062436274634450e+01
1.471226436021925466e+01
1.492705330360461602e+01
1.251433034574463399e+01
7.225151993843566878e+00
1.603728119216292924e+01
1.409345127989185542e+01
8.368283871884004910e+00
2.763953195770683990e+00
6.282549314314217703e+00
1.409345127989185542e+01
1.094004191971426110e+01
1.505445578434700415e+01
1.492705330360461602e+01
4.787307364817191768e+00
1.236077446474206631e+01
1.058513485680245481e+01
1.449429283826230197e+01
8.136857890256438353e+00
7.312732791431452384e+00
1.501210842680413826e+01
1.718695942796624365e+01
1.296408962885714899e+01
1.627371578051287671e+01
2.985410660720923204e+00
1.105581278308273596e+01
9.166995688475081394e+00
9.166995688475081394e+00
