5.046265044040320724e+00
7.817640190446718762e+00
4.652426491681278087e+00
1.377362305878664728e+01
1.534761596392107741e+01
1.404820733880128181e+01
1.530607971465162365e+01
9.440697438826296306e+00
8.444016491289504600e+00
1.650676414605009157e+01
1.404820733880128181e+01
1.700074635581867355e+01
1.484151074652385738e+01
9.166995688475081394e+00
1.034176589165282145e+01
9.836981518731869656e+00
1.812445316531431061e+01
1.688803298257900920e+01
1.301310337505149661e+01
1.094004191971426110e+01
1.681247093473193388e+01
1.251433034574463399e+01
1.002925341359354938e+01
1.335116235624909109e+01
1.986716534556201808e+01
1.070474469691662733e+01
1.225733520300188317e+01
1.344618962205996482e+01
6.282549314314217703e+00
6.955796338302048021e+00
1.161737456321036532e+01
1.840330728156092377e+01
7.978845608028653835e+00
1.808929415419343556e+01
1.194164264288369282e+01
1.306193320280393344e+01
1.769793569896924623e+01
1.225733520300188317e+01
1.128379167095512514e+01
1.256509862862843541e+01
1.128379167095512514e+01
1.413855043925722121e+01
1.513879513212096128e+01
1.281592373849173683e+01
1.386575534383213970e+01
1.595769121605730811e+00
1.368087033328175828e+01
9.373021315815206478e+00
8.593479713983121826e+00
1.058513485680245481e+01
1.381976597885341995e+01
8.444016491289504600e+00
1.427299292922216978e+01
1.178062436274634450e+01
1.291488987023529766e+01
1.325545386523797831e+01
1.028002345391383443e+01
1.172646028567007725e+01
1.178062436274634450e+01
1.427299292922216978e+01
1.479855404066383784e+01
1.440618081907316395e+01
1.128379167095512514e+01
6.076507779746498805e+00
1.445030398768713376e+01
1.358748446131948917e+01
1.583755632390385770e+01
1.188821220645068522e+01
1.178062436274634450e+01
1.571650316319191809e+01
1.488434347843123184e+01
1.256509862862843541e+01
1.692568750643268771e+01
4.068428945128219176e+00
1.436192209445157708e+01
7.046725639945927711e+00
1.513879513212096128e+01
1.094004191971426110e+01
1.611647812414279102e+01
1.522266721510391640e+01
1.286550196516137312e+01
1.058513485680245481e+01
1.534761596392107741e+01
6.675581178124545545e+00
4.222008245644752300e+00
1.526443044094783019e+01
1.762584604821509515e+01
1.325545386523797831e+01
1.662206308517478703e+01
1.178062436274634450e+01
8.667244841319218907e+00
8.740387444736633427e+00
