8.593479713983121826e+00
8.593479713983121826e+00
1.296408962885714899e+01
1.466892917224166482e+01
1.368087033328175828e+01
9.836981518731869656e+00
9.236181543108379799e+00
1.440618081907316395e+01
7.898654169668588132e+00
1.555363345008750464e+01
1.311058116710494836e+01
6.180387232371033157e+00
1.571650316319191809e+01
1.427299292922216978e+01
1.002925341359354938e+01
1.082303275961201905e+01
1.015541250385961369e+01
1.696325844612841038e+01
1.538904010394216471e+01
6.579524642479540830e+00
1.330339418036568588e+01
1.117038385124011413e+01
1.538904010394216471e+01
1.178062436274634450e+01
1.028002345391383443e+01
1.291488987023529766e+01
1.798340469329240676e+01
7.399277020331918919e+00
7.046725639945927711e+00
1.058513485680245481e+01
1.315904928495908166e+01
1.156244577056221523e+01
8.740387444736633427e+00
9.097283682934460103e+00
1.156244577056221523e+01
5.527906391541367981e+00
1.714987856615383066e+01
7.399277020331918919e+00
8.884866446580955923e+00
1.575695754970980111e+01
1.178062436274634450e+01
1.271618740744904485e+01
1.615593100600235843e+01
1.215301555949299761e+01
1.117038385124011413e+01
1.199483507827737583e+01
1.139607097042601680e+01
5.411516379806009525e+00
1.286550196516137312e+01
1.386575534383213970e+01
6.076507779746498805e+00
7.569397566060480642e+00
1.296408962885714899e+01
1.354055000514615159e+01
1.306193320280393344e+01
9.304852983362556174e+00
9.640875829802336483e+00
9.965574970333758387e+00
6.180387232371033157e+00
6.955796338302048021e+00
1.377362305878664728e+01
9.097283682934460103e+00
1.296408962885714899e+01
1.167204486311898926e+01
1.306193320280393344e+01
1.199483507827737583e+01
1.034176589165282145e+01
1.172646028567007725e+01
1.178062436274634450e+01
1.436192209445157708e+01
1.377362305878664728e+01
1.404820733880128181e+01
1.161737456321036532e+01
8.812923024107547576e+00
1.377362305878664728e+01
1.276615297284584649e+01
1.530607971465162365e+01
1.178062436274634450e+01
1.178062436274634450e+01
5.753627391751591880e+00
1.413855043925722121e+01
1.404820733880128181e+01
1.256509862862843541e+01
8.740387444736633427e+00
1.543035303761632804e+01
1.296408962885714899e+01
7.046725639945927711e+00
9.236181543108379799e+00
7.898654169668588132e+00
1.301310337505149661e+01
1.117038385124011413e+01
1.471226436021925466e+01
6.482044814428574497e+00
1.409345127989185542e+01
7.653039857325811823e+00
1.156244577056221523e+01
1.058513485680245481e+01
1.409345127989185542e+01
8.593479713983121826e+00
8.667244841319218907e+00
1.427299292922216978e+01
1.615593100600235843e+01
1.296408962885714899e+01
7.136496464611084889e+00
1.575695754970980111e+01
1.058513485680245481e+01
9.373021315815206478e+00
9.373021315815206478e+00
