8.136857890256438353e+00
7.312732791431452384e+00
1.296408962885714899e+01
1.492705330360461602e+01
1.386575534383213970e+01
1.475547227809780537e+01
1.015541250385961369e+01
9.166995688475081394e+00
6.383076486422923246e+00
1.631278838364701755e+01
1.339876023397903637e+01
1.654528640181426269e+01
1.449429283826230197e+01
9.836981518731869656e+00
1.064510777218481152e+01
9.965574970333758387e+00
1.751715531361111644e+01
1.595769121605730767e+01
3.742410318509555189e+00
1.325545386523797831e+01
1.117038385124011413e+01
1.623454913941802857e+01
1.215301555949299761e+01
1.034176589165282145e+01
1.330339418036568588e+01
1.881384047546846006e+01
4.787307364817191768e+00
4.513516668382050234e+00
1.058513485680245481e+01
1.349345229721172146e+01
1.178062436274634450e+01
7.817640190446718762e+00
8.214724333230154940e+00
1.167204486311898926e+01
1.787688803255549530e+01
8.740387444736633427e+00
6.180387232371033157e+00
1.681247093473193388e+01
1.199483507827737583e+01
1.306193320280393344e+01
1.662206308517478703e+01
1.236077446474206631e+01
1.117038385124011413e+01
1.215301555949299761e+01
1.134007028277388685e+01
1.372732503515539548e+01
1.431752655671925822e+01
6.863662517577697741e+00
1.296408962885714899e+01
1.381976597885341995e+01
1.335116235624909109e+01
9.507891862878782518e+00
9.236181543108379799e+00
1.058513485680245481e+01
1.377362305878664728e+01
4.513516668382050234e+00
8.740387444736633427e+00
1.344618962205996482e+01
1.178062436274634450e+01
1.281592373849173683e+01
1.325545386523797831e+01
1.034176589165282145e+01
1.172646028567007725e+01
1.178062436274634450e+01
1.471226436021925466e+01
1.400281721259029588e+01
1.445030398768713376e+01
1.139607097042601680e+01
8.136857890256438353e+00
1.413855043925722121e+01
1.296408962885714899e+01
1.547155565579009817e+01
1.178062436274634450e+01
1.178062436274634450e+01
1.462546558286290477e+01
1.488434347843123184e+01
1.251433034574463399e+01
7.225151993843566878e+00
1.607692842495848140e+01
1.395727947504383337e+01
8.444016491289504600e+00
6.579524642479540830e+00
3.908820095223359381e+00
1.391159267660409604e+01
1.094004191971426110e+01
1.505445578434700415e+01
1.479855404066383784e+01
5.641895835477562571e+00
1.220528683538465842e+01
1.058513485680245481e+01
1.449429283826230197e+01
8.136857890256438353e+00
7.569397566060480642e+00
1.496964127403822076e+01
1.711271735549580697e+01
1.296408962885714899e+01
1.619528777809902209e+01
4.222008245644752300e+00
1.099807968464679142e+01
9.236181543108379799e+00
9.166995688475081394e+00
