8.136857890256438353e+00
7.817640190446718762e+00
1.296408962885714899e+01
1.484151074652385738e+01
1.377362305878664728e+01
9.965574970333758387e+00
9.236181543108379799e+00
1.453814859003845150e+01
7.136496464611084889e+00
1.587770228520368221e+01
1.335116235624909109e+01
1.603728119216292924e+01
2.985410660720923204e+00
1.436192209445157708e+01
9.965574970333758387e+00
1.070474469691662733e+01
9.965574970333758387e+00
1.726088217525477830e+01
1.555363345008750464e+01
5.527906391541367981e+00
1.325545386523797831e+01
1.117038385124011413e+01
1.599753570059363028e+01
1.178062436274634450e+01
1.034176589165282145e+01
1.325545386523797831e+01
1.847236308621675960e+01
6.282549314314217703e+00
5.753627391751591880e+00
1.058513485680245481e+01
1.344618962205996482e+01
1.183454054540639433e+01
8.136857890256438353e+00
8.667244841319218907e+00
1.156244577056221523e+01
1.769793569896924623e+01
7.046725639945927711e+00
8.812923024107547576e+00
1.635176762293251684e+01
1.178062436274634450e+01
1.281592373849173683e+01
1.658371917462410394e+01
1.220528683538465842e+01
1.117038385124011413e+01
1.215301555949299761e+01
1.139607097042601680e+01
1.358748446131948917e+01
1.422831991532699902e+01
7.136496464611084889e+00
2.985410660720923204e+00
1.296408962885714899e+01
1.372732503515539548e+01
1.325545386523797831e+01
9.373021315815206478e+00
9.373021315815206478e+00
1.034176589165282145e+01
1.377362305878664728e+01
5.970821321441846408e+00
2.763953195770683990e+00
8.740387444736633427e+00
1.325545386523797831e+01
1.178062436274634450e+01
1.251433034574463399e+01
1.311058116710494836e+01
1.034176589165282145e+01
1.172646028567007725e+01
1.178062436274634450e+01
1.466892917224166482e+01
1.386575534383213970e+01
1.436192209445157708e+01
1.150725478350318376e+01
8.444016491289504600e+00
1.400281721259029588e+01
1.296408962885714899e+01
1.538904010394216471e+01
1.178062436274634450e+01
1.178062436274634450e+01
1.436192209445157708e+01
1.466892917224166482e+01
1.246335526484300615e+01
7.817640190446718762e+00
1.595769121605730767e+01
1.325545386523797831e+01
8.956231982162769611e+00
5.641895835477562571e+00
7.225151993843566878e+00
1.363425735166143049e+01
1.105581278308273596e+01
1.496964127403822076e+01
4.222008245644752300e+00
1.427299292922216978e+01
6.770275002573075795e+00
1.178062436274634450e+01
1.058513485680245481e+01
1.431752655671925822e+01
8.136857890256438353e+00
8.136857890256438353e+00
1.445030398768713376e+01
1.669848676668040710e+01
1.296408962885714899e+01
6.180387232371033157e+00
1.595769121605730767e+01
1.070474469691662733e+01
9.373021315815206478e+00
9.373021315815206478e+00
