8.136857890256438353e+00
7.225151993843566878e+00
1.301310337505149661e+01
1.496964127403822076e+01
1.395727947504383337e+01
1.488434347843123184e+01
9.965574970333758387e+00
9.166995688475081394e+00
5.753627391751591880e+00
1.631278838364701755e+01
1.363425735166143049e+01
1.669848676668040710e+01
1.458187244392064308e+01
9.706684619910241452e+00
1.076405121554611632e+01
9.965574970333758387e+00
1.762584604821509515e+01
1.619528777809902209e+01
1.325545386523797831e+01
1.117038385124011413e+01
1.646815177937675045e+01
1.225733520300188317e+01
1.046415791390898242e+01
1.330339418036568588e+01
1.894870844187845549e+01
3.568248232305542444e+00
1.954410047611679691e+00
1.058513485680245481e+01
1.354055000514615159e+01
1.188821220645068522e+01
7.735777827895049086e+00
8.136857890256438353e+00
1.167204486311898926e+01
1.794796937867891984e+01
8.593479713983121826e+00
5.970821321441846408e+00
1.700074635581867355e+01
1.204779266504070279e+01
1.311058116710494836e+01
1.681247093473193388e+01
1.236077446474206631e+01
1.117038385124011413e+01
1.225733520300188317e+01
1.134007028277388685e+01
1.381976597885341995e+01
1.445030398768713376e+01
6.383076486422923246e+00
1.296408962885714899e+01
1.386575534383213970e+01
1.339876023397903637e+01
9.373021315815206478e+00
9.166995688475081394e+00
1.058513485680245481e+01
1.377362305878664728e+01
8.740387444736633427e+00
2.256758334191025117e+00
1.363425735166143049e+01
1.178062436274634450e+01
1.281592373849173683e+01
1.325545386523797831e+01
1.034176589165282145e+01
1.172646028567007725e+01
1.178062436274634450e+01
1.471226436021925466e+01
1.413855043925722121e+01
1.440618081907316395e+01
1.134007028277388685e+01
7.817640190446718762e+00
1.418350619798065715e+01
1.306193320280393344e+01
1.547155565579009817e+01
1.178062436274634450e+01
1.178062436274634450e+01
1.471226436021925466e+01
1.496964127403822076e+01
1.251433034574463399e+01
7.225151993843566878e+00
1.619528777809902209e+01
1.418350619798065715e+01
8.368283871884004910e+00
6.180387232371033157e+00
1.427299292922216978e+01
1.094004191971426110e+01
1.505445578434700415e+01
1.492705330360461602e+01
4.370193722368316713e+00
1.241217083805063837e+01
1.058513485680245481e+01
1.453814859003845150e+01
7.898654169668588132e+00
7.136496464611084889e+00
1.505445578434700415e+01
1.718695942796624365e+01
1.296408962885714899e+01
1.627371578051287671e+01
1.128379167095512514e+01
9.166995688475081394e+00
9.097283682934460103e+00
