8.136857890256438353e+00
7.484820637019110379e+00
1.296408962885714899e+01
1.492705330360461602e+01
1.381976597885341995e+01
1.466892917224166482e+01
1.015541250385961369e+01
9.236181543108379799e+00
6.579524642479540830e+00
1.623454913941802857e+01
1.335116235624909109e+01
1.646815177937675045e+01
1.440618081907316395e+01
9.901487006738307173e+00
1.064510777218481152e+01
9.965574970333758387e+00
1.744431859350498826e+01
1.571650316319191809e+01
4.222008245644752300e+00
1.325545386523797831e+01
1.117038385124011413e+01
1.615593100600235843e+01
1.210051848659980855e+01
1.034176589165282145e+01
1.325545386523797831e+01
1.864388360059940553e+01
5.170882945826410726e+00
4.918490759365934828e+00
1.058513485680245481e+01
1.349345229721172146e+01
1.178062436274634450e+01
7.898654169668588132e+00
8.444016491289504600e+00
1.161737456321036532e+01
1.787688803255549530e+01
6.675581178124545545e+00
8.740387444736633427e+00
1.673656774376800982e+01
1.199483507827737583e+01
1.306193320280393344e+01
1.662206308517478703e+01
1.236077446474206631e+01
1.117038385124011413e+01
1.215301555949299761e+01
1.134007028277388685e+01
1.372732503515539548e+01
1.440618081907316395e+01
7.046725639945927711e+00
1.296408962885714899e+01
1.381976597885341995e+01
1.335116235624909109e+01
9.507891862878782518e+00
9.236181543108379799e+00
1.058513485680245481e+01
1.377362305878664728e+01
5.046265044040320724e+00
8.740387444736633427e+00
1.339876023397903637e+01
1.178062436274634450e+01
1.281592373849173683e+01
1.320733953636073110e+01
1.034176589165282145e+01
1.172646028567007725e+01
1.178062436274634450e+01
1.471226436021925466e+01
1.395727947504383337e+01
1.445030398768713376e+01
1.139607097042601680e+01
8.136857890256438353e+00
1.409345127989185542e+01
1.296408962885714899e+01
1.543035303761632804e+01
1.178062436274634450e+01
1.178062436274634450e+01
1.453814859003845150e+01
1.484151074652385738e+01
1.246335526484300615e+01
7.484820637019110379e+00
1.611647812414279102e+01
1.372732503515539548e+01
4.513516668382050234e+00
8.667244841319218907e+00
6.863662517577697741e+00
1.391159267660409604e+01
1.094004191971426110e+01
1.501210842680413826e+01
1.458187244392064308e+01
5.753627391751591880e+00
1.210051848659980855e+01
1.058513485680245481e+01
1.445030398768713376e+01
8.136857890256438353e+00
7.735777827895049086e+00
1.488434347843123184e+01
1.703815178355965898e+01
1.296408962885714899e+01
1.607692842495848140e+01
4.787307364817191768e+00
1.088169461344923583e+01
9.304852983362556174e+00
9.304852983362556174e+00
