9.027033336764100468e+00
8.740387444736633427e+00
1.271618740744904485e+01
1.449429283826230197e+01
1.335116235624909109e+01
9.901487006738307173e+00
9.640875829802336483e+00
1.422831991532699902e+01
8.444016491289504600e+00
1.505445578434700415e+01
1.306193320280393344e+01
7.898654169668588132e+00
1.505445578434700415e+01
1.418350619798065715e+01
1.028002345391383443e+01
1.088169461344923583e+01
1.009253008808064145e+01
1.631278838364701755e+01
1.505445578434700415e+01
8.136857890256438353e+00
1.335116235624909109e+01
1.117038385124011413e+01
1.496964127403822076e+01
1.178062436274634450e+01
5.411516379806009525e+00
1.040314189572019821e+01
1.215301555949299761e+01
1.733448968263843781e+01
8.136857890256438353e+00
8.214724333230154940e+00
1.058513485680245481e+01
1.296408962885714899e+01
1.117038385124011413e+01
9.097283682934460103e+00
9.373021315815206478e+00
1.156244577056221523e+01
7.225151993843566878e+00
1.635176762293251684e+01
7.569397566060480642e+00
9.373021315815206478e+00
1.530607971465162365e+01
1.178062436274634450e+01
1.266602473693425601e+01
1.571650316319191809e+01
1.194164264288369282e+01
1.058513485680245481e+01
1.172646028567007725e+01
1.161737456321036532e+01
7.399277020331918919e+00
1.358748446131948917e+01
7.225151993843566878e+00
1.225733520300188317e+01
8.136857890256438353e+00
1.296408962885714899e+01
1.335116235624909109e+01
1.271618740744904485e+01
9.373021315815206478e+00
9.965574970333758387e+00
9.965574970333758387e+00
7.735777827895049086e+00
8.058239062071395509e+00
1.377362305878664728e+01
9.166995688475081394e+00
1.271618740744904485e+01
1.167204486311898926e+01
1.306193320280393344e+01
1.046415791390898242e+01
1.172646028567007725e+01
1.167204486311898926e+01
1.178062436274634450e+01
1.427299292922216978e+01
1.354055000514615159e+01
1.386575534383213970e+01
1.167204486311898926e+01
9.373021315815206478e+00
1.339876023397903637e+01
1.256509862862843541e+01
1.518078909665319287e+01
1.178062436274634450e+01
1.178062436274634450e+01
7.312732791431452384e+00
1.386575534383213970e+01
1.236077446474206631e+01
1.354055000514615159e+01
9.097283682934460103e+00
1.475547227809780537e+01
1.266602473693425601e+01
7.978845608028653835e+00
9.373021315815206478e+00
8.812923024107547576e+00
1.296408962885714899e+01
1.070474469691662733e+01
4.513516668382050234e+00
7.978845608028653835e+00
1.400281721259029588e+01
1.368087033328175828e+01
8.812923024107547576e+00
1.117038385124011413e+01
1.058513485680245481e+01
6.482044814428574497e+00
1.296408962885714899e+01
9.236181543108379799e+00
9.097283682934460103e+00
1.386575534383213970e+01
1.599753570059363028e+01
1.281592373849173683e+01
8.136857890256438353e+00
1.551264883747923129e+01
9.373021315815206478e+00
9.373021315815206478e+00
1.009253008808064145e+01
