4.513516668382050234e+00
9.440697438826296306e+00
8.812923024107547576e+00
1.236077446474206631e+01
1.400281721259029588e+01
1.335116235624909109e+01
9.901487006738307173e+00
9.965574970333758387e+00
1.404820733880128181e+01
8.444016491289504600e+00
1.488434347843123184e+01
1.281592373849173683e+01
8.593479713983121826e+00
1.479855404066383784e+01
1.391159267660409604e+01
1.046415791390898242e+01
1.105581278308273596e+01
1.002925341359354938e+01
1.591774699517169012e+01
1.445030398768713376e+01
8.444016491289504600e+00
1.335116235624909109e+01
1.111324596323282954e+01
6.863662517577697741e+00
1.475547227809780537e+01
1.178062436274634450e+01
1.058513485680245481e+01
1.117038385124011413e+01
1.246335526484300615e+01
8.136857890256438353e+00
8.740387444736633427e+00
1.058513485680245481e+01
1.122723095552866468e+01
4.513516668382050234e+00
1.276615297284584649e+01
1.117038385124011413e+01
9.304852983362556174e+00
9.373021315815206478e+00
1.150725478350318376e+01
8.136857890256438353e+00
8.058239062071395509e+00
1.555363345008750464e+01
9.373021315815206478e+00
1.484151074652385738e+01
1.178062436274634450e+01
1.236077446474206631e+01
3.568248232305542444e+00
1.458187244392064308e+01
1.128379167095512514e+01
1.058513485680245481e+01
1.161737456321036532e+01
1.161737456321036532e+01
8.136857890256438353e+00
8.058239062071395509e+00
1.306193320280393344e+01
1.178062436274634450e+01
8.444016491289504600e+00
4.787307364817191768e+00
1.276615297284584649e+01
1.325545386523797831e+01
1.236077446474206631e+01
3.191538243211461623e+00
9.373021315815206478e+00
9.706684619910241452e+00
9.965574970333758387e+00
8.519075891779829490e+00
8.291859587312051971e+00
1.325545386523797831e+01
9.373021315815206478e+00
1.236077446474206631e+01
1.128379167095512514e+01
1.311058116710494836e+01
1.058513485680245481e+01
1.117038385124011413e+01
1.122723095552866468e+01
3.908820095223359381e+00
1.178062436274634450e+01
1.368087033328175828e+01
1.315904928495908166e+01
1.358748446131948917e+01
1.167204486311898926e+01
9.373021315815206478e+00
1.315904928495908166e+01
6.076507779746498805e+00
1.236077446474206631e+01
1.496964127403822076e+01
1.178062436274634450e+01
1.178062436274634450e+01
7.653039857325811823e+00
1.354055000514615159e+01
1.236077446474206631e+01
1.325545386523797831e+01
9.373021315815206478e+00
1.436192209445157708e+01
1.236077446474206631e+01
8.740387444736633427e+00
9.706684619910241452e+00
9.097283682934460103e+00
1.281592373849173683e+01
6.863662517577697741e+00
1.058513485680245481e+01
8.214724333230154940e+00
1.372732503515539548e+01
1.311058116710494836e+01
9.373021315815206478e+00
1.117038385124011413e+01
1.058513485680245481e+01
7.653039857325811823e+00
1.266602473693425601e+01
9.373021315815206478e+00
9.373021315815206478e+00
1.315904928495908166e+01
1.555363345008750464e+01
1.256509862862843541e+01
8.593479713983121826e+00
1.530607971465162365e+01
9.373021315815206478e+00
9.373021315815206478e+00
1.002925341359354938e+01
5.641895835477562571e+00
