8.444016491289504600e+00
8.136857890256438353e+00
1.296408962885714899e+01
1.479855404066383784e+01
1.368087033328175828e+01
9.836981518731869656e+00
9.236181543108379799e+00
1.445030398768713376e+01
7.399277020331918919e+00
1.563528038089343752e+01
1.335116235624909109e+01
1.583755632390385770e+01
5.292567428401227403e+00
1.431752655671925822e+01
9.965574970333758387e+00
1.076405121554611632e+01
1.009253008808064145e+01
1.711271735549580697e+01
1.543035303761632804e+01
6.383076486422923246e+00
1.325545386523797831e+01
1.117038385124011413e+01
1.575695754970980111e+01
1.178062436274634450e+01
1.034176589165282145e+01
1.306193320280393344e+01
1.819456736586892021e+01
6.863662517577697741e+00
6.579524642479540830e+00
1.058513485680245481e+01
1.330339418036568588e+01
1.172646028567007725e+01
8.519075891779829490e+00
8.812923024107547576e+00
1.156244577056221523e+01
1.751715531361111644e+01
4.068428945128219176e+00
7.312732791431452384e+00
8.740387444736633427e+00
1.611647812414279102e+01
1.178062436274634450e+01
1.276615297284584649e+01
1.642944866646030988e+01
1.215301555949299761e+01
1.117038385124011413e+01
1.210051848659980855e+01
1.139607097042601680e+01
2.763953195770683990e+00
1.330339418036568588e+01
1.395727947504383337e+01
5.170882945826410726e+00
7.569397566060480642e+00
1.296408962885714899e+01
1.358748446131948917e+01
1.311058116710494836e+01
9.236181543108379799e+00
9.574614729634383536e+00
9.965574970333758387e+00
6.770275002573075795e+00
5.046265044040320724e+00
1.377362305878664728e+01
8.812923024107547576e+00
1.306193320280393344e+01
1.178062436274634450e+01
1.311058116710494836e+01
1.230916348999737586e+01
1.034176589165282145e+01
1.172646028567007725e+01
1.178062436274634450e+01
1.449429283826230197e+01
1.381976597885341995e+01
1.427299292922216978e+01
1.161737456321036532e+01
8.519075891779829490e+00
1.381976597885341995e+01
1.291488987023529766e+01
1.538904010394216471e+01
1.178062436274634450e+01
1.178062436274634450e+01
4.513516668382050234e+00
1.427299292922216978e+01
1.431752655671925822e+01
1.256509862862843541e+01
8.291859587312051971e+00
1.571650316319191809e+01
1.296408962885714899e+01
6.383076486422923246e+00
9.166995688475081394e+00
7.653039857325811823e+00
1.335116235624909109e+01
1.117038385124011413e+01
1.488434347843123184e+01
5.863230142835038627e+00
1.422831991532699902e+01
7.136496464611084889e+00
1.178062436274634450e+01
1.058513485680245481e+01
1.422831991532699902e+01
8.368283871884004910e+00
8.444016491289504600e+00
1.431752655671925822e+01
1.627371578051287671e+01
1.296408962885714899e+01
6.482044814428574497e+00
1.591774699517169012e+01
1.058513485680245481e+01
9.373021315815206478e+00
9.373021315815206478e+00
