8.136857890256438353e+00
7.046725639945927711e+00
1.311058116710494836e+01
1.496964127403822076e+01
1.395727947504383337e+01
1.501210842680413826e+01
9.901487006738307173e+00
9.097283682934460103e+00
5.753627391751591880e+00
1.627371578051287671e+01
1.368087033328175828e+01
1.669848676668040710e+01
1.466892917224166482e+01
9.706684619910241452e+00
1.076405121554611632e+01
9.965574970333758387e+00
1.776973289316191185e+01
1.646815177937675045e+01
1.325545386523797831e+01
1.111324596323282954e+01
1.650676414605009157e+01
1.225733520300188317e+01
1.046415791390898242e+01
1.330339418036568588e+01
1.908262324195121096e+01
1.058513485680245481e+01
1.354055000514615159e+01
1.210051848659980855e+01
7.653039857325811823e+00
8.136857890256438353e+00
1.167204486311898926e+01
1.805406667352820094e+01
8.444016491289504600e+00
5.753627391751591880e+00
1.703815178355965898e+01
1.210051848659980855e+01
1.301310337505149661e+01
1.696325844612841038e+01
1.236077446474206631e+01
1.117038385124011413e+01
1.225733520300188317e+01
1.128379167095512514e+01
1.381976597885341995e+01
1.466892917224166482e+01
6.282549314314217703e+00
1.296408962885714899e+01
1.386575534383213970e+01
1.344618962205996482e+01
9.373021315815206478e+00
9.097283682934460103e+00
1.058513485680245481e+01
1.377362305878664728e+01
8.812923024107547576e+00
1.381976597885341995e+01
1.178062436274634450e+01
1.291488987023529766e+01
1.325545386523797831e+01
1.034176589165282145e+01
1.172646028567007725e+01
1.178062436274634450e+01
1.475547227809780537e+01
1.413855043925722121e+01
1.440618081907316395e+01
1.134007028277388685e+01
7.569397566060480642e+00
1.418350619798065715e+01
1.325545386523797831e+01
1.547155565579009817e+01
1.178062436274634450e+01
1.178062436274634450e+01
1.479855404066383784e+01
1.496964127403822076e+01
1.251433034574463399e+01
6.770275002573075795e+00
1.635176762293251684e+01
1.422831991532699902e+01
8.291859587312051971e+00
5.863230142835038627e+00
1.436192209445157708e+01
1.094004191971426110e+01
1.518078909665319287e+01
1.501210842680413826e+01
1.251433034574463399e+01
3.568248232305542444e+00
1.058513485680245481e+01
1.475547227809780537e+01
7.898654169668588132e+00
6.955796338302048021e+00
1.513879513212096128e+01
1.722396045987370883e+01
1.296408962885714899e+01
1.639065416446577927e+01
1.150725478350318376e+01
9.166995688475081394e+00
9.027033336764100468e+00
