4.787307364817191768e+00
9.440697438826296306e+00
8.884866446580955923e+00
1.236077446474206631e+01
1.381976597885341995e+01
1.325545386523797831e+01
9.901487006738307173e+00
9.965574970333758387e+00
1.404820733880128181e+01
8.444016491289504600e+00
1.488434347843123184e+01
1.281592373849173683e+01
8.812923024107547576e+00
1.475547227809780537e+01
1.386575534383213970e+01
1.046415791390898242e+01
1.111324596323282954e+01
1.002925341359354938e+01
1.579730833933717626e+01
1.436192209445157708e+01
8.444016491289504600e+00
1.335116235624909109e+01
1.111324596323282954e+01
6.955796338302048021e+00
1.466892917224166482e+01
1.178062436274634450e+01
1.058513485680245481e+01
1.117038385124011413e+01
1.241217083805063837e+01
8.214724333230154940e+00
8.740387444736633427e+00
1.058513485680245481e+01
1.122723095552866468e+01
4.918490759365934828e+00
1.276615297284584649e+01
1.117038385124011413e+01
9.373021315815206478e+00
9.373021315815206478e+00
1.156244577056221523e+01
8.136857890256438353e+00
8.136857890256438353e+00
1.555363345008750464e+01
9.373021315815206478e+00
1.458187244392064308e+01
1.178062436274634450e+01
1.236077446474206631e+01
4.513516668382050234e+00
1.445030398768713376e+01
1.117038385124011413e+01
1.058513485680245481e+01
1.161737456321036532e+01
1.161737456321036532e+01
8.136857890256438353e+00
8.214724333230154940e+00
1.296408962885714899e+01
1.178062436274634450e+01
8.519075891779829490e+00
5.170882945826410726e+00
1.276615297284584649e+01
1.325545386523797831e+01
1.236077446474206631e+01
4.068428945128219176e+00
9.373021315815206478e+00
9.507891862878782518e+00
9.965574970333758387e+00
8.740387444736633427e+00
8.368283871884004910e+00
1.301310337505149661e+01
9.373021315815206478e+00
1.236077446474206631e+01
1.122723095552866468e+01
1.311058116710494836e+01
1.058513485680245481e+01
1.117038385124011413e+01
1.117038385124011413e+01
4.370193722368316713e+00
1.178062436274634450e+01
1.363425735166143049e+01
1.315904928495908166e+01
1.349345229721172146e+01
1.167204486311898926e+01
9.373021315815206478e+00
1.315904928495908166e+01
6.282549314314217703e+00
1.236077446474206631e+01
1.475547227809780537e+01
1.178062436274634450e+01
1.178062436274634450e+01
7.817640190446718762e+00
1.354055000514615159e+01
1.236077446474206631e+01
1.315904928495908166e+01
9.373021315815206478e+00
1.128379167095512559e+00
1.427299292922216978e+01
1.236077446474206631e+01
8.812923024107547576e+00
9.507891862878782518e+00
9.097283682934460103e+00
1.276615297284584649e+01
6.863662517577697741e+00
1.058513485680245481e+01
8.444016491289504600e+00
1.368087033328175828e+01
1.301310337505149661e+01
9.373021315815206478e+00
1.117038385124011413e+01
1.058513485680245481e+01
7.817640190446718762e+00
1.256509862862843541e+01
9.373021315815206478e+00
9.373021315815206478e+00
1.306193320280393344e+01
1.534761596392107741e+01
1.251433034574463399e+01
8.667244841319218907e+00
1.530607971465162365e+01
9.373021315815206478e+00
9.373021315815206478e+00
1.002925341359354938e+01
6.076507779746498805e+00
