9.574614729634383536e+00
8.368283871884004910e+00
1.178062436274634450e+01
1.261566261010080048e+01
9.965574970333758387e+00
9.965574970333758387e+00
1.271618740744904485e+01
1.286550196516137312e+01
5.970821321441846408e+00
5.641895835477562571e+00
8.444016491289504600e+00
1.449429283826230197e+01
1.178062436274634450e+01
9.373021315815206478e+00
1.427299292922216978e+01
1.251433034574463399e+01
1.046415791390898242e+01
1.088169461344923583e+01
6.076507779746498805e+00
9.965574970333758387e+00
5.170882945826410726e+00
1.496964127403822076e+01
1.372732503515539548e+01
9.027033336764100468e+00
3.908820095223359381e+00
1.311058116710494836e+01
1.099807968464679142e+01
7.735777827895049086e+00
1.436192209445157708e+01
1.156244577056221523e+01
1.058513485680245481e+01
1.058513485680245481e+01
1.178062436274634450e+01
8.136857890256438353e+00
8.593479713983121826e+00
1.058513485680245481e+01
1.117038385124011413e+01
6.955796338302048021e+00
5.970821321441846408e+00
1.246335526484300615e+01
1.094004191971426110e+01
9.373021315815206478e+00
9.373021315815206478e+00
1.070474469691662733e+01
8.667244841319218907e+00
8.136857890256438353e+00
1.484151074652385738e+01
9.373021315815206478e+00
1.418350619798065715e+01
1.150725478350318376e+01
7.399277020331918919e+00
1.236077446474206631e+01
1.296408962885714899e+01
1.058513485680245481e+01
1.058513485680245481e+01
1.172646028567007725e+01
1.064510777218481152e+01
8.136857890256438353e+00
8.740387444736633427e+00
1.161737456321036532e+01
1.261566261010080048e+01
8.136857890256438353e+00
7.225151993843566878e+00
1.251433034574463399e+01
1.281592373849173683e+01
6.383076486422923246e+00
1.178062436274634450e+01
6.863662517577697741e+00
9.373021315815206478e+00
9.507891862878782518e+00
9.965574970333758387e+00
9.166995688475081394e+00
8.444016491289504600e+00
1.241217083805063837e+01
9.373021315815206478e+00
1.199483507827737583e+01
1.122723095552866468e+01
1.271618740744904485e+01
1.046415791390898242e+01
1.058513485680245481e+01
1.117038385124011413e+01
7.225151993843566878e+00
1.178062436274634450e+01
1.330339418036568588e+01
1.315904928495908166e+01
1.315904928495908166e+01
1.070474469691662733e+01
9.836981518731869656e+00
7.817640190446718762e+00
1.225733520300188317e+01
1.236077446474206631e+01
1.330339418036568588e+01
1.178062436274634450e+01
1.178062436274634450e+01
8.444016491289504600e+00
1.344618962205996482e+01
1.215301555949299761e+01
1.296408962885714899e+01
7.225151993843566878e+00
4.068428945128219176e+00
9.166995688475081394e+00
1.363425735166143049e+01
1.230916348999737586e+01
8.956231982162769611e+00
9.373021315815206478e+00
9.304852983362556174e+00
1.261566261010080048e+01
7.898654169668588132e+00
1.058513485680245481e+01
9.166995688475081394e+00
1.311058116710494836e+01
1.281592373849173683e+01
9.373021315815206478e+00
1.117038385124011413e+01
1.058513485680245481e+01
8.291859587312051971e+00
1.225733520300188317e+01
9.507891862878782518e+00
9.304852983362556174e+00
1.241217083805063837e+01
1.427299292922216978e+01
1.210051848659980855e+01
8.740387444736633427e+00
1.391159267660409604e+01
7.978845608028653835e+00
9.373021315815206478e+00
9.373021315815206478e+00
6.863662517577697741e+00
1.021790793990058255e+01
