9.373021315815206478e+00
9.097283682934460103e+00
1.225733520300188317e+01
1.358748446131948917e+01
1.315904928495908166e+01
9.965574970333758387e+00
9.965574970333758387e+00
1.381976597885341995e+01
8.519075891779829490e+00
1.488434347843123184e+01
1.251433034574463399e+01
8.956231982162769611e+00
1.458187244392064308e+01
1.358748446131948917e+01
1.046415791390898242e+01
1.111324596323282954e+01
9.965574970333758387e+00
1.559451034962034477e+01
8.884866446580955923e+00
1.418350619798065715e+01
1.335116235624909109e+01
1.111324596323282954e+01
7.225151993843566878e+00
1.445030398768713376e+01
1.178062436274634450e+01
1.058513485680245481e+01
1.105581278308273596e+01
1.230916348999737586e+01
8.291859587312051971e+00
8.884866446580955923e+00
1.058513485680245481e+01
1.117038385124011413e+01
5.863230142835038627e+00
1.266602473693425601e+01
1.117038385124011413e+01
9.373021315815206478e+00
9.373021315815206478e+00
1.145179781116143225e+01
8.136857890256438353e+00
8.136857890256438353e+00
1.530607971465162365e+01
9.373021315815206478e+00
1.449429283826230197e+01
1.167204486311898926e+01
5.753627391751591880e+00
1.236077446474206631e+01
1.395727947504383337e+01
1.099807968464679142e+01
1.058513485680245481e+01
1.128379167095512514e+01
1.161737456321036532e+01
8.136857890256438353e+00
8.291859587312051971e+00
1.178062436274634450e+01
1.276615297284584649e+01
8.291859587312051971e+00
5.970821321441846408e+00
1.276615297284584649e+01
1.315904928495908166e+01
3.191538243211461623e+00
1.220528683538465842e+01
5.641895835477562571e+00
9.373021315815206478e+00
9.507891862878782518e+00
9.965574970333758387e+00
8.956231982162769611e+00
8.368283871884004910e+00
1.286550196516137312e+01
9.373021315815206478e+00
1.236077446474206631e+01
1.117038385124011413e+01
1.296408962885714899e+01
1.058513485680245481e+01
1.094004191971426110e+01
1.117038385124011413e+01
5.753627391751591880e+00
1.178062436274634450e+01
1.354055000514615159e+01
1.315904928495908166e+01
1.330339418036568588e+01
1.161737456321036532e+01
9.440697438826296306e+00
6.863662517577697741e+00
1.301310337505149661e+01
1.236077446474206631e+01
1.436192209445157708e+01
1.178062436274634450e+01
1.178062436274634450e+01
8.136857890256438353e+00
1.354055000514615159e+01
1.236077446474206631e+01
1.311058116710494836e+01
9.373021315815206478e+00
5.170882945826410726e+00
1.413855043925722121e+01
1.236077446474206631e+01
8.812923024107547576e+00
9.373021315815206478e+00
9.304852983362556174e+00
1.276615297284584649e+01
7.225151993843566878e+00
1.058513485680245481e+01
8.812923024107547576e+00
1.339876023397903637e+01
1.301310337505149661e+01
9.373021315815206478e+00
1.117038385124011413e+01
1.058513485680245481e+01
8.136857890256438353e+00
1.236077446474206631e+01
9.373021315815206478e+00
9.373021315815206478e+00
1.286550196516137312e+01
1.496964127403822076e+01
1.236077446474206631e+01
8.740387444736633427e+00
1.475547227809780537e+01
6.863662517577697741e+00
9.373021315815206478e+00
9.373021315815206478e+00
1.009253008808064145e+01
4.652426491681278087e+00
