8.444016491289504600e+00
8.291859587312051971e+00
1.296408962885714899e+01
1.475547227809780537e+01
1.368087033328175828e+01
9.836981518731869656e+00
9.236181543108379799e+00
1.440618081907316395e+01
7.653039857325811823e+00
1.555363345008750464e+01
1.325545386523797831e+01
1.579730833933717626e+01
5.527906391541367981e+00
1.431752655671925822e+01
1.002925341359354938e+01
1.076405121554611632e+01
1.009253008808064145e+01
1.711271735549580697e+01
1.543035303761632804e+01
6.383076486422923246e+00
1.325545386523797831e+01
1.117038385124011413e+01
1.571650316319191809e+01
1.178062436274634450e+01
1.034176589165282145e+01
1.296408962885714899e+01
1.812445316531431061e+01
7.046725639945927711e+00
6.863662517577697741e+00
1.058513485680245481e+01
1.325545386523797831e+01
1.167204486311898926e+01
8.593479713983121826e+00
9.027033336764100468e+00
2.523132522020160362e+00
1.156244577056221523e+01
1.733448968263843781e+01
4.918490759365934828e+00
7.312732791431452384e+00
8.740387444736633427e+00
1.599753570059363028e+01
1.178062436274634450e+01
1.271618740744904485e+01
1.642944866646030988e+01
1.215301555949299761e+01
1.117038385124011413e+01
1.210051848659980855e+01
1.139607097042601680e+01
4.068428945128219176e+00
1.320733953636073110e+01
1.395727947504383337e+01
5.292567428401227403e+00
7.399277020331918919e+00
1.296408962885714899e+01
1.354055000514615159e+01
1.311058116710494836e+01
9.236181543108379799e+00
9.640875829802336483e+00
9.965574970333758387e+00
5.753627391751591880e+00
6.955796338302048021e+00
1.377362305878664728e+01
8.884866446580955923e+00
1.296408962885714899e+01
1.178062436274634450e+01
1.311058116710494836e+01
1.215301555949299761e+01
1.034176589165282145e+01
1.172646028567007725e+01
1.178062436274634450e+01
1.449429283826230197e+01
1.386575534383213970e+01
1.427299292922216978e+01
1.161737456321036532e+01
8.812923024107547576e+00
1.377362305878664728e+01
1.281592373849173683e+01
1.538904010394216471e+01
1.178062436274634450e+01
1.178062436274634450e+01
5.170882945826410726e+00
1.413855043925722121e+01
1.427299292922216978e+01
1.256509862862843541e+01
8.593479713983121826e+00
1.563528038089343752e+01
1.296408962885714899e+01
6.675581178124545545e+00
9.166995688475081394e+00
7.735777827895049086e+00
1.335116235624909109e+01
1.117038385124011413e+01
1.479855404066383784e+01
6.076507779746498805e+00
1.413855043925722121e+01
7.484820637019110379e+00
1.178062436274634450e+01
1.058513485680245481e+01
1.422831991532699902e+01
8.444016491289504600e+00
8.444016491289504600e+00
1.431752655671925822e+01
1.623454913941802857e+01
1.296408962885714899e+01
6.770275002573075795e+00
1.587770228520368221e+01
1.058513485680245481e+01
9.373021315815206478e+00
9.373021315815206478e+00
