9.574614729634383536e+00
8.368283871884004910e+00
1.194164264288369282e+01
1.281592373849173683e+01
1.266602473693425601e+01
9.965574970333758387e+00
9.965574970333758387e+00
1.311058116710494836e+01
5.292567428401227403e+00
5.170882945826410726e+00
8.444016491289504600e+00
1.449429283826230197e+01
1.188821220645068522e+01
9.373021315815206478e+00
1.427299292922216978e+01
1.286550196516137312e+01
1.046415791390898242e+01
1.094004191971426110e+01
5.753627391751591880e+00
9.965574970333758387e+00
1.505445578434700415e+01
4.652426491681278087e+00
1.381976597885341995e+01
8.956231982162769611e+00
2.256758334191025117e+00
1.311058116710494836e+01
1.105581278308273596e+01
7.735777827895049086e+00
1.436192209445157708e+01
1.161737456321036532e+01
1.058513485680245481e+01
1.058513485680245481e+01
1.183454054540639433e+01
8.136857890256438353e+00
8.519075891779829490e+00
1.058513485680245481e+01
1.117038385124011413e+01
6.955796338302048021e+00
5.753627391751591880e+00
1.246335526484300615e+01
1.099807968464679142e+01
9.373021315815206478e+00
9.373021315815206478e+00
1.070474469691662733e+01
8.593479713983121826e+00
8.136857890256438353e+00
1.484151074652385738e+01
9.373021315815206478e+00
1.422831991532699902e+01
1.150725478350318376e+01
7.046725639945927711e+00
1.236077446474206631e+01
1.315904928495908166e+01
1.058513485680245481e+01
1.058513485680245481e+01
1.172646028567007725e+01
1.070474469691662733e+01
8.136857890256438353e+00
8.740387444736633427e+00
1.167204486311898926e+01
1.266602473693425601e+01
8.136857890256438353e+00
7.046725639945927711e+00
1.251433034574463399e+01
1.286550196516137312e+01
6.076507779746498805e+00
1.183454054540639433e+01
6.863662517577697741e+00
9.373021315815206478e+00
9.440697438826296306e+00
9.965574970333758387e+00
9.166995688475081394e+00
8.444016491289504600e+00
1.256509862862843541e+01
9.373021315815206478e+00
1.204779266504070279e+01
1.117038385124011413e+01
1.286550196516137312e+01
1.046415791390898242e+01
1.058513485680245481e+01
1.117038385124011413e+01
6.955796338302048021e+00
1.178062436274634450e+01
1.330339418036568588e+01
1.311058116710494836e+01
1.315904928495908166e+01
1.082303275961201905e+01
9.836981518731869656e+00
7.569397566060480642e+00
1.230916348999737586e+01
1.236077446474206631e+01
1.335116235624909109e+01
1.178062436274634450e+01
1.178062436274634450e+01
8.368283871884004910e+00
1.344618962205996482e+01
1.215301555949299761e+01
1.301310337505149661e+01
6.863662517577697741e+00
9.236181543108379799e+00
2.763953195770683990e+00
1.377362305878664728e+01
1.236077446474206631e+01
8.812923024107547576e+00
9.373021315815206478e+00
9.304852983362556174e+00
1.266602473693425601e+01
7.735777827895049086e+00
1.058513485680245481e+01
9.027033336764100468e+00
1.315904928495908166e+01
1.281592373849173683e+01
9.373021315815206478e+00
1.117038385124011413e+01
1.058513485680245481e+01
8.136857890256438353e+00
1.230916348999737586e+01
9.507891862878782518e+00
9.304852983362556174e+00
1.251433034574463399e+01
1.436192209445157708e+01
1.210051848659980855e+01
8.740387444736633427e+00
1.413855043925722121e+01
7.978845608028653835e+00
9.373021315815206478e+00
9.373021315815206478e+00
6.675581178124545545e+00
1.015541250385961369e+01
