8.667244841319218907e+00
8.593479713983121826e+00
1.296408962885714899e+01
1.466892917224166482e+01
1.368087033328175828e+01
9.836981518731869656e+00
9.304852983362556174e+00
1.436192209445157708e+01
8.058239062071395509e+00
1.555363345008750464e+01
1.311058116710494836e+01
6.383076486422923246e+00
1.571650316319191809e+01
1.427299292922216978e+01
1.002925341359354938e+01
1.082303275961201905e+01
1.028002345391383443e+01
1.692568750643268771e+01
1.530607971465162365e+01
7.046725639945927711e+00
1.330339418036568588e+01
1.117038385124011413e+01
1.530607971465162365e+01
1.178062436274634450e+01
1.028002345391383443e+01
1.286550196516137312e+01
1.787688803255549530e+01
7.653039857325811823e+00
7.225151993843566878e+00
1.058513485680245481e+01
1.306193320280393344e+01
1.156244577056221523e+01
8.740387444736633427e+00
9.097283682934460103e+00
1.156244577056221523e+01
5.970821321441846408e+00
1.703815178355965898e+01
8.956231982162769611e+00
7.484820637019110379e+00
1.559451034962034477e+01
1.178062436274634450e+01
1.266602473693425601e+01
1.611647812414279102e+01
1.215301555949299761e+01
1.117038385124011413e+01
1.199483507827737583e+01
1.145179781116143225e+01
5.753627391751591880e+00
1.281592373849173683e+01
1.368087033328175828e+01
6.180387232371033157e+00
7.653039857325811823e+00
1.296408962885714899e+01
1.349345229721172146e+01
1.301310337505149661e+01
9.304852983362556174e+00
9.706684619910241452e+00
9.965574970333758387e+00
6.675581178124545545e+00
7.312732791431452384e+00
1.377362305878664728e+01
9.097283682934460103e+00
1.296408962885714899e+01
1.167204486311898926e+01
1.306193320280393344e+01
1.188821220645068522e+01
1.034176589165282145e+01
1.172646028567007725e+01
1.178062436274634450e+01
1.436192209445157708e+01
1.377362305878664728e+01
1.404820733880128181e+01
1.161737456321036532e+01
8.812923024107547576e+00
1.368087033328175828e+01
1.276615297284584649e+01
1.530607971465162365e+01
1.178062436274634450e+01
1.178062436274634450e+01
5.970821321441846408e+00
1.413855043925722121e+01
1.400281721259029588e+01
1.256509862862843541e+01
8.740387444736633427e+00
1.530607971465162365e+01
1.296408962885714899e+01
7.136496464611084889e+00
9.236181543108379799e+00
8.058239062071395509e+00
1.296408962885714899e+01
1.117038385124011413e+01
1.466892917224166482e+01
6.579524642479540830e+00
1.404820733880128181e+01
7.817640190446718762e+00
1.156244577056221523e+01
1.058513485680245481e+01
1.395727947504383337e+01
8.884866446580955923e+00
8.740387444736633427e+00
1.418350619798065715e+01
1.615593100600235843e+01
1.296408962885714899e+01
7.312732791431452384e+00
1.567594437773643001e+01
1.046415791390898242e+01
9.373021315815206478e+00
9.373021315815206478e+00
