8.136857890256438353e+00
7.484820637019110379e+00
1.296408962885714899e+01
1.488434347843123184e+01
1.377362305878664728e+01
1.462546558286290477e+01
1.015541250385961369e+01
9.236181543108379799e+00
6.579524642479540830e+00
1.611647812414279102e+01
1.335116235624909109e+01
1.642944866646030988e+01
1.440618081907316395e+01
9.965574970333758387e+00
1.064510777218481152e+01
9.965574970333758387e+00
1.740778594902202769e+01
1.563528038089343752e+01
4.652426491681278087e+00
1.325545386523797831e+01
1.117038385124011413e+01
1.603728119216292924e+01
1.204779266504070279e+01
1.034176589165282145e+01
1.325545386523797831e+01
1.864388360059940553e+01
5.753627391751591880e+00
5.527906391541367981e+00
1.058513485680245481e+01
1.344618962205996482e+01
1.178062436274634450e+01
8.058239062071395509e+00
8.444016491289504600e+00
1.161737456321036532e+01
1.787688803255549530e+01
6.955796338302048021e+00
8.740387444736633427e+00
1.658371917462410394e+01
1.194164264288369282e+01
1.301310337505149661e+01
1.662206308517478703e+01
1.230916348999737586e+01
1.117038385124011413e+01
1.215301555949299761e+01
1.139607097042601680e+01
1.368087033328175828e+01
1.436192209445157708e+01
7.136496464611084889e+00
1.296408962885714899e+01
1.381976597885341995e+01
1.330339418036568588e+01
9.440697438826296306e+00
9.236181543108379799e+00
1.058513485680245481e+01
1.377362305878664728e+01
5.641895835477562571e+00
8.740387444736633427e+00
1.339876023397903637e+01
1.178062436274634450e+01
1.281592373849173683e+01
1.311058116710494836e+01
1.034176589165282145e+01
1.172646028567007725e+01
1.178062436274634450e+01
1.471226436021925466e+01
1.391159267660409604e+01
1.445030398768713376e+01
1.139607097042601680e+01
8.291859587312051971e+00
1.404820733880128181e+01
1.296408962885714899e+01
1.543035303761632804e+01
1.178062436274634450e+01
1.178062436274634450e+01
1.445030398768713376e+01
1.479855404066383784e+01
1.246335526484300615e+01
7.569397566060480642e+00
1.611647812414279102e+01
1.363425735166143049e+01
8.740387444736633427e+00
5.046265044040320724e+00
6.863662517577697741e+00
1.377362305878664728e+01
1.094004191971426110e+01
1.496964127403822076e+01
2.256758334191025117e+00
1.449429283826230197e+01
6.076507779746498805e+00
1.194164264288369282e+01
1.058513485680245481e+01
1.436192209445157708e+01
8.136857890256438353e+00
7.978845608028653835e+00
1.453814859003845150e+01
1.696325844612841038e+01
1.296408962885714899e+01
1.595769121605730767e+01
5.292567428401227403e+00
1.070474469691662733e+01
9.304852983362556174e+00
9.373021315815206478e+00
