9.304852983362556174e+00
8.291859587312051971e+00
1.105581278308273596e+01
1.210051848659980855e+01
9.965574970333758387e+00
9.965574970333758387e+00
1.210051848659980855e+01
6.770275002573075795e+00
1.241217083805063837e+01
6.383076486422923246e+00
8.593479713983121826e+00
1.409345127989185542e+01
1.117038385124011413e+01
5.753627391751591880e+00
9.373021315815206478e+00
1.395727947504383337e+01
1.178062436274634450e+01
1.015541250385961369e+01
6.482044814428574497e+00
1.076405121554611632e+01
6.579524642479540830e+00
9.965574970333758387e+00
1.484151074652385738e+01
6.076507779746498805e+00
8.740387444736633427e+00
1.335116235624909109e+01
1.296408962885714899e+01
1.094004191971426110e+01
8.136857890256438353e+00
1.339876023397903637e+01
1.134007028277388685e+01
1.058513485680245481e+01
1.058513485680245481e+01
1.178062436274634450e+01
8.291859587312051971e+00
8.740387444736633427e+00
5.292567428401227403e+00
7.484820637019110379e+00
1.058513485680245481e+01
1.117038385124011413e+01
7.136496464611084889e+00
1.236077446474206631e+01
1.058513485680245481e+01
9.373021315815206478e+00
9.373021315815206478e+00
1.058513485680245481e+01
8.593479713983121826e+00
8.136857890256438353e+00
1.453814859003845150e+01
9.373021315815206478e+00
1.395727947504383337e+01
1.111324596323282954e+01
7.978845608028653835e+00
1.230916348999737586e+01
1.271618740744904485e+01
1.058513485680245481e+01
1.058513485680245481e+01
1.188821220645068522e+01
1.058513485680245481e+01
8.291859587312051971e+00
8.740387444736633427e+00
5.170882945826410726e+00
1.070474469691662733e+01
1.215301555949299761e+01
8.136857890256438353e+00
7.569397566060480642e+00
1.230916348999737586e+01
1.236077446474206631e+01
6.863662517577697741e+00
1.178062436274634450e+01
7.225151993843566878e+00
5.292567428401227403e+00
9.373021315815206478e+00
9.027033336764100468e+00
9.965574970333758387e+00
9.166995688475081394e+00
8.740387444736633427e+00
2.985410660720923204e+00
1.204779266504070279e+01
9.373021315815206478e+00
1.183454054540639433e+01
1.088169461344923583e+01
1.034176589165282145e+01
1.194164264288369282e+01
1.040314189572019821e+01
1.117038385124011413e+01
7.225151993843566878e+00
3.385137501286537898e+00
1.178062436274634450e+01
1.215301555949299761e+01
1.315904928495908166e+01
1.296408962885714899e+01
1.058513485680245481e+01
9.836981518731869656e+00
5.527906391541367981e+00
8.058239062071395509e+00
1.178062436274634450e+01
1.236077446474206631e+01
1.246335526484300615e+01
1.178062436274634450e+01
4.918490759365934828e+00
1.178062436274634450e+01
8.519075891779829490e+00
1.315904928495908166e+01
7.817640190446718762e+00
1.178062436274634450e+01
6.076507779746498805e+00
1.271618740744904485e+01
8.884866446580955923e+00
1.296408962885714899e+01
1.215301555949299761e+01
9.373021315815206478e+00
9.574614729634383536e+00
9.304852983362556174e+00
1.225733520300188317e+01
8.136857890256438353e+00
1.058513485680245481e+01
9.236181543108379799e+00
1.291488987023529766e+01
1.204779266504070279e+01
9.574614729634383536e+00
1.117038385124011413e+01
8.519075891779829490e+00
1.058513485680245481e+01
1.210051848659980855e+01
9.373021315815206478e+00
9.640875829802336483e+00
1.178062436274634450e+01
1.413855043925722121e+01
5.641895835477562571e+00
4.370193722368316713e+00
1.134007028277388685e+01
8.740387444736633427e+00
1.372732503515539548e+01
8.136857890256438353e+00
7.484820637019110379e+00
9.373021315815206478e+00
9.507891862878782518e+00
1.021790793990058255e+01
