9.027033336764100468e+00
8.740387444736633427e+00
1.266602473693425601e+01
1.436192209445157708e+01
1.335116235624909109e+01
9.901487006738307173e+00
9.772050238058398008e+00
1.422831991532699902e+01
8.444016491289504600e+00
1.496964127403822076e+01
1.296408962885714899e+01
8.136857890256438353e+00
1.492705330360461602e+01
1.409345127989185542e+01
1.040314189572019821e+01
1.105581278308273596e+01
1.009253008808064145e+01
1.623454913941802857e+01
1.488434347843123184e+01
8.136857890256438353e+00
1.339876023397903637e+01
1.117038385124011413e+01
1.492705330360461602e+01
1.178062436274634450e+01
6.383076486422923246e+00
1.046415791390898242e+01
1.194164264288369282e+01
1.722396045987370883e+01
8.136857890256438353e+00
8.291859587312051971e+00
1.058513485680245481e+01
1.291488987023529766e+01
1.117038385124011413e+01
9.166995688475081394e+00
9.373021315815206478e+00
1.150725478350318376e+01
7.817640190446718762e+00
1.619528777809902209e+01
7.653039857325811823e+00
9.373021315815206478e+00
1.509668435477122017e+01
1.178062436274634450e+01
1.261566261010080048e+01
1.555363345008750464e+01
1.194164264288369282e+01
1.058513485680245481e+01
1.172646028567007725e+01
1.161737456321036532e+01
7.653039857325811823e+00
7.569397566060480642e+00
1.339876023397903637e+01
1.215301555949299761e+01
8.136857890256438353e+00
1.296408962885714899e+01
1.335116235624909109e+01
1.266602473693425601e+01
9.373021315815206478e+00
9.965574970333758387e+00
9.965574970333758387e+00
7.978845608028653835e+00
8.368283871884004910e+00
1.372732503515539548e+01
9.236181543108379799e+00
1.261566261010080048e+01
1.156244577056221523e+01
1.311058116710494836e+01
1.046415791390898242e+01
1.172646028567007725e+01
1.156244577056221523e+01
1.178062436274634450e+01
1.409345127989185542e+01
1.354055000514615159e+01
1.372732503515539548e+01
1.167204486311898926e+01
9.373021315815206478e+00
1.335116235624909109e+01
1.236077446474206631e+01
4.068428945128219176e+00
1.513879513212096128e+01
1.178062436274634450e+01
1.178062436274634450e+01
7.569397566060480642e+00
1.377362305878664728e+01
1.236077446474206631e+01
1.349345229721172146e+01
9.166995688475081394e+00
1.466892917224166482e+01
1.256509862862843541e+01
8.136857890256438353e+00
9.373021315815206478e+00
8.812923024107547576e+00
1.296408962885714899e+01
1.058513485680245481e+01
5.527906391541367981e+00
8.058239062071395509e+00
1.395727947504383337e+01
1.344618962205996482e+01
8.956231982162769611e+00
1.117038385124011413e+01
1.058513485680245481e+01
6.955796338302048021e+00
1.296408962885714899e+01
9.373021315815206478e+00
9.166995688475081394e+00
1.386575534383213970e+01
1.595769121605730767e+01
1.271618740744904485e+01
8.444016491289504600e+00
1.547155565579009817e+01
9.373021315815206478e+00
9.373021315815206478e+00
1.009253008808064145e+01
