9.440697438826296306e+00
8.444016491289504600e+00
1.150725478350318376e+01
1.261566261010080048e+01
9.965574970333758387e+00
9.965574970333758387e+00
1.261566261010080048e+01
6.180387232371033157e+00
1.276615297284584649e+01
6.076507779746498805e+00
8.444016491289504600e+00
1.440618081907316395e+01
1.150725478350318376e+01
3.385137501286537898e+00
9.373021315815206478e+00
1.413855043925722121e+01
1.236077446474206631e+01
1.046415791390898242e+01
1.082303275961201905e+01
6.076507779746498805e+00
9.965574970333758387e+00
5.641895835477562571e+00
1.492705330360461602e+01
1.372732503515539548e+01
8.956231982162769611e+00
4.513516668382050234e+00
1.311058116710494836e+01
1.099807968464679142e+01
7.978845608028653835e+00
1.418350619798065715e+01
1.150725478350318376e+01
1.058513485680245481e+01
1.058513485680245481e+01
1.178062436274634450e+01
8.214724333230154940e+00
8.519075891779829490e+00
1.058513485680245481e+01
1.117038385124011413e+01
7.225151993843566878e+00
6.076507779746498805e+00
1.236077446474206631e+01
1.076405121554611632e+01
9.373021315815206478e+00
9.373021315815206478e+00
1.070474469691662733e+01
8.593479713983121826e+00
8.136857890256438353e+00
1.475547227809780537e+01
9.373021315815206478e+00
1.409345127989185542e+01
1.150725478350318376e+01
7.569397566060480642e+00
1.236077446474206631e+01
1.286550196516137312e+01
1.058513485680245481e+01
1.058513485680245481e+01
1.178062436274634450e+01
1.058513485680245481e+01
8.136857890256438353e+00
8.740387444736633427e+00
1.139607097042601680e+01
1.251433034574463399e+01
8.136857890256438353e+00
7.225151993843566878e+00
1.251433034574463399e+01
1.281592373849173683e+01
6.675581178124545545e+00
1.178062436274634450e+01
6.863662517577697741e+00
9.373021315815206478e+00
9.507891862878782518e+00
9.965574970333758387e+00
9.166995688475081394e+00
8.444016491289504600e+00
1.225733520300188317e+01
9.373021315815206478e+00
1.194164264288369282e+01
1.117038385124011413e+01
1.246335526484300615e+01
1.040314189572019821e+01
1.058513485680245481e+01
1.117038385124011413e+01
7.225151993843566878e+00
1.178062436274634450e+01
1.325545386523797831e+01
1.315904928495908166e+01
1.306193320280393344e+01
1.064510777218481152e+01
9.836981518731869656e+00
7.817640190446718762e+00
1.220528683538465842e+01
1.236077446474206631e+01
1.315904928495908166e+01
1.178062436274634450e+01
1.178062436274634450e+01
8.444016491289504600e+00
1.330339418036568588e+01
1.204779266504070279e+01
1.291488987023529766e+01
7.399277020331918919e+00
4.652426491681278087e+00
8.956231982162769611e+00
1.363425735166143049e+01
1.220528683538465842e+01
9.027033336764100468e+00
9.373021315815206478e+00
9.304852983362556174e+00
1.256509862862843541e+01
7.898654169668588132e+00
1.058513485680245481e+01
9.166995688475081394e+00
1.306193320280393344e+01
1.261566261010080048e+01
9.373021315815206478e+00
1.117038385124011413e+01
1.058513485680245481e+01
8.444016491289504600e+00
1.225733520300188317e+01
9.640875829802336483e+00
9.373021315815206478e+00
1.225733520300188317e+01
1.427299292922216978e+01
1.204779266504070279e+01
8.740387444736633427e+00
2.256758334191025117e+00
1.386575534383213970e+01
8.136857890256438353e+00
9.373021315815206478e+00
9.373021315815206478e+00
7.136496464611084889e+00
1.021790793990058255e+01
