7.898654169668588132e+00
5.170882945826410726e+00
1.372732503515539548e+01
1.534761596392107741e+01
1.404820733880128181e+01
1.530607971465162365e+01
9.640875829802336483e+00
8.593479713983121826e+00
1.650676414605009157e+01
1.400281721259029588e+01
1.700074635581867355e+01
1.484151074652385738e+01
9.166995688475081394e+00
1.046415791390898242e+01
9.836981518731869656e+00
1.812445316531431061e+01
1.685029431422315938e+01
1.301310337505149661e+01
1.094004191971426110e+01
1.681247093473193388e+01
1.251433034574463399e+01
1.021790793990058255e+01
1.344618962205996482e+01
1.977080019204318972e+01
1.070474469691662733e+01
1.225733520300188317e+01
1.349345229721172146e+01
6.863662517577697741e+00
6.955796338302048021e+00
1.167204486311898926e+01
1.840330728156092377e+01
8.136857890256438353e+00
1.794796937867891984e+01
1.204779266504070279e+01
1.306193320280393344e+01
1.758969042850511855e+01
1.225733520300188317e+01
1.128379167095512514e+01
1.246335526484300615e+01
1.128379167095512514e+01
1.413855043925722121e+01
1.518078909665319287e+01
1.286550196516137312e+01
1.386575534383213970e+01
3.568248232305542444e+00
1.368087033328175828e+01
9.373021315815206478e+00
8.740387444736633427e+00
1.058513485680245481e+01
1.381976597885341995e+01
8.593479713983121826e+00
1.427299292922216978e+01
1.178062436274634450e+01
1.291488987023529766e+01
1.325545386523797831e+01
1.028002345391383443e+01
1.172646028567007725e+01
1.178062436274634450e+01
1.427299292922216978e+01
1.479855404066383784e+01
1.440618081907316395e+01
1.128379167095512514e+01
6.579524642479540830e+00
1.445030398768713376e+01
1.354055000514615159e+01
1.583755632390385770e+01
1.178062436274634450e+01
1.178062436274634450e+01
1.563528038089343752e+01
1.488434347843123184e+01
1.256509862862843541e+01
4.918490759365934828e+00
1.688803298257900920e+01
1.436192209445157708e+01
7.484820637019110379e+00
1.509668435477122017e+01
1.094004191971426110e+01
1.595769121605730767e+01
1.522266721510391640e+01
1.276615297284584649e+01
1.058513485680245481e+01
1.530607971465162365e+01
6.955796338302048021e+00
4.787307364817191768e+00
1.526443044094783019e+01
1.762584604821509515e+01
1.325545386523797831e+01
1.658371917462410394e+01
1.178062436274634450e+01
8.593479713983121826e+00
8.740387444736633427e+00
