9.304852983362556174e+00
8.884866446580955923e+00
1.220528683538465842e+01
1.320733953636073110e+01
1.301310337505149661e+01
9.965574970333758387e+00
9.965574970333758387e+00
1.354055000514615159e+01
8.593479713983121826e+00
2.523132522020160362e+00
1.484151074652385738e+01
1.220528683538465842e+01
9.166995688475081394e+00
1.453814859003845150e+01
1.354055000514615159e+01
1.046415791390898242e+01
1.105581278308273596e+01
4.222008245644752300e+00
9.965574970333758387e+00
1.530607971465162365e+01
1.381976597885341995e+01
8.740387444736633427e+00
1.335116235624909109e+01
1.111324596323282954e+01
7.484820637019110379e+00
1.440618081907316395e+01
1.178062436274634450e+01
1.058513485680245481e+01
1.082303275961201905e+01
1.225733520300188317e+01
8.136857890256438353e+00
8.444016491289504600e+00
1.058513485680245481e+01
1.117038385124011413e+01
6.180387232371033157e+00
3.908820095223359381e+00
1.266602473693425601e+01
1.117038385124011413e+01
9.373021315815206478e+00
9.373021315815206478e+00
1.099807968464679142e+01
8.136857890256438353e+00
8.136857890256438353e+00
1.513879513212096128e+01
9.373021315815206478e+00
1.427299292922216978e+01
1.167204486311898926e+01
6.383076486422923246e+00
1.236077446474206631e+01
1.372732503515539548e+01
1.076405121554611632e+01
1.058513485680245481e+01
1.111324596323282954e+01
1.167204486311898926e+01
8.136857890256438353e+00
8.519075891779829490e+00
1.178062436274634450e+01
1.276615297284584649e+01
8.291859587312051971e+00
6.282549314314217703e+00
1.271618740744904485e+01
1.315904928495908166e+01
4.918490759365934828e+00
1.210051848659980855e+01
5.753627391751591880e+00
9.373021315815206478e+00
9.507891862878782518e+00
9.965574970333758387e+00
9.027033336764100468e+00
8.291859587312051971e+00
1.276615297284584649e+01
9.373021315815206478e+00
1.236077446474206631e+01
1.117038385124011413e+01
1.291488987023529766e+01
1.046415791390898242e+01
1.076405121554611632e+01
1.117038385124011413e+01
6.282549314314217703e+00
1.178062436274634450e+01
1.344618962205996482e+01
1.306193320280393344e+01
1.330339418036568588e+01
1.122723095552866468e+01
9.640875829802336483e+00
7.136496464611084889e+00
1.296408962885714899e+01
1.236077446474206631e+01
1.404820733880128181e+01
1.178062436274634450e+01
1.178062436274634450e+01
8.136857890256438353e+00
1.354055000514615159e+01
1.236077446474206631e+01
1.306193320280393344e+01
9.373021315815206478e+00
5.753627391751591880e+00
1.386575534383213970e+01
1.236077446474206631e+01
8.812923024107547576e+00
9.373021315815206478e+00
9.304852983362556174e+00
1.271618740744904485e+01
7.484820637019110379e+00
1.058513485680245481e+01
8.812923024107547576e+00
1.335116235624909109e+01
1.296408962885714899e+01
9.373021315815206478e+00
1.117038385124011413e+01
1.058513485680245481e+01
8.136857890256438353e+00
1.236077446474206631e+01
9.373021315815206478e+00
9.373021315815206478e+00
1.276615297284584649e+01
1.466892917224166482e+01
1.225733520300188317e+01
8.740387444736633427e+00
1.453814859003845150e+01
7.225151993843566878e+00
9.373021315815206478e+00
9.373021315815206478e+00
1.009253008808064145e+01
5.527906391541367981e+00
