8.136857890256438353e+00
8.136857890256438353e+00
1.296408962885714899e+01
1.484151074652385738e+01
1.372732503515539548e+01
9.965574970333758387e+00
9.236181543108379799e+00
1.453814859003845150e+01
7.225151993843566878e+00
1.567594437773643001e+01
1.335116235624909109e+01
1.599753570059363028e+01
4.068428945128219176e+00
1.431752655671925822e+01
9.965574970333758387e+00
1.070474469691662733e+01
9.965574970333758387e+00
1.726088217525477830e+01
1.555363345008750464e+01
5.970821321441846408e+00
1.325545386523797831e+01
1.117038385124011413e+01
1.599753570059363028e+01
1.178062436274634450e+01
1.034176589165282145e+01
1.320733953636073110e+01
1.847236308621675960e+01
6.383076486422923246e+00
6.076507779746498805e+00
1.058513485680245481e+01
1.339876023397903637e+01
1.178062436274634450e+01
8.291859587312051971e+00
8.667244841319218907e+00
1.156244577056221523e+01
1.769793569896924623e+01
7.225151993843566878e+00
8.956231982162769611e+00
1.627371578051287671e+01
1.178062436274634450e+01
1.276615297284584649e+01
1.658371917462410394e+01
1.220528683538465842e+01
1.117038385124011413e+01
1.210051848659980855e+01
1.139607097042601680e+01
1.358748446131948917e+01
1.413855043925722121e+01
4.068428945128219176e+00
7.225151993843566878e+00
1.296408962885714899e+01
1.377362305878664728e+01
1.325545386523797831e+01
9.304852983362556174e+00
9.574614729634383536e+00
1.034176589165282145e+01
4.222008245644752300e+00
1.377362305878664728e+01
6.180387232371033157e+00
8.740387444736633427e+00
1.315904928495908166e+01
1.178062436274634450e+01
1.311058116710494836e+01
1.236077446474206631e+01
1.034176589165282145e+01
1.172646028567007725e+01
1.178062436274634450e+01
1.458187244392064308e+01
1.381976597885341995e+01
1.436192209445157708e+01
1.150725478350318376e+01
8.444016491289504600e+00
1.404820733880128181e+01
1.296408962885714899e+01
1.538904010394216471e+01
1.178062436274634450e+01
1.178062436274634450e+01
1.436192209445157708e+01
2.763953195770683990e+00
1.449429283826230197e+01
1.246335526484300615e+01
8.214724333230154940e+00
1.583755632390385770e+01
1.306193320280393344e+01
9.027033336764100468e+00
6.076507779746498805e+00
7.312732791431452384e+00
1.358748446131948917e+01
1.111324596323282954e+01
1.496964127403822076e+01
4.787307364817191768e+00
1.427299292922216978e+01
6.955796338302048021e+00
1.178062436274634450e+01
1.058513485680245481e+01
1.422831991532699902e+01
8.136857890256438353e+00
8.136857890256438353e+00
1.445030398768713376e+01
1.654528640181426269e+01
1.296408962885714899e+01
6.383076486422923246e+00
1.595769121605730767e+01
1.070474469691662733e+01
9.373021315815206478e+00
9.373021315815206478e+00
