9.373021315815206478e+00
8.136857890256438353e+00
1.028002345391383443e+01
1.117038385124011413e+01
9.965574970333758387e+00
9.965574970333758387e+00
1.178062436274634450e+01
7.312732791431452384e+00
1.070474469691662733e+01
6.770275002573075795e+00
8.593479713983121826e+00
6.383076486422923246e+00
5.292567428401227403e+00
1.335116235624909109e+01
6.863662517577697741e+00
1.070474469691662733e+01
6.482044814428574497e+00
9.373021315815206478e+00
1.286550196516137312e+01
1.064510777218481152e+01
6.863662517577697741e+00
9.097283682934460103e+00
1.070474469691662733e+01
7.569397566060480642e+00
9.965574970333758387e+00
1.440618081907316395e+01
6.076507779746498805e+00
7.046725639945927711e+00
8.884866446580955923e+00
1.296408962885714899e+01
1.172646028567007725e+01
1.058513485680245481e+01
8.136857890256438353e+00
3.742410318509555189e+00
1.296408962885714899e+01
1.117038385124011413e+01
1.058513485680245481e+01
1.058513485680245481e+01
1.117038385124011413e+01
8.593479713983121826e+00
8.740387444736633427e+00
7.225151993843566878e+00
7.653039857325811823e+00
1.058513485680245481e+01
1.099807968464679142e+01
8.136857890256438353e+00
1.236077446474206631e+01
9.965574970333758387e+00
9.574614729634383536e+00
9.304852983362556174e+00
1.040314189572019821e+01
8.812923024107547576e+00
8.136857890256438353e+00
9.640875829802336483e+00
1.381976597885341995e+01
5.753627391751591880e+00
1.320733953636073110e+01
1.028002345391383443e+01
8.136857890256438353e+00
1.204779266504070279e+01
1.210051848659980855e+01
1.040314189572019821e+01
1.034176589165282145e+01
1.052482020710848865e+01
1.117038385124011413e+01
8.812923024107547576e+00
6.863662517577697741e+00
8.956231982162769611e+00
9.965574970333758387e+00
1.167204486311898926e+01
8.444016491289504600e+00
7.978845608028653835e+00
1.070474469691662733e+01
1.161737456321036532e+01
7.653039857325811823e+00
1.167204486311898926e+01
7.569397566060480642e+00
7.225151993843566878e+00
5.753627391751591880e+00
9.373021315815206478e+00
8.884866446580955923e+00
9.965574970333758387e+00
9.236181543108379799e+00
8.740387444736633427e+00
6.076507779746498805e+00
1.178062436274634450e+01
9.373021315815206478e+00
1.122723095552866468e+01
1.009253008808064145e+01
1.021790793990058255e+01
1.058513485680245481e+01
9.965574970333758387e+00
1.117038385124011413e+01
7.653039857325811823e+00
6.675581178124545545e+00
5.170882945826410726e+00
1.178062436274634450e+01
1.058513485680245481e+01
1.291488987023529766e+01
1.276615297284584649e+01
9.965574970333758387e+00
9.901487006738307173e+00
6.955796338302048021e+00
8.136857890256438353e+00
1.150725478350318376e+01
1.215301555949299761e+01
1.117038385124011413e+01
1.178062436274634450e+01
6.863662517577697741e+00
1.161737456321036532e+01
8.136857890256438353e+00
1.291488987023529766e+01
7.569397566060480642e+00
8.136857890256438353e+00
1.178062436274634450e+01
1.178062436274634450e+01
9.166995688475081394e+00
1.204779266504070279e+01
1.178062436274634450e+01
6.282549314314217703e+00
9.373021315815206478e+00
9.166995688475081394e+00
8.593479713983121826e+00
1.178062436274634450e+01
8.291859587312051971e+00
6.180387232371033157e+00
1.070474469691662733e+01
8.740387444736633427e+00
1.215301555949299761e+01
8.884866446580955923e+00
6.076507779746498805e+00
1.145179781116143225e+01
1.058513485680245481e+01
6.282549314314217703e+00
4.513516668382050234e+00
1.034176589165282145e+01
8.368283871884004910e+00
9.236181543108379799e+00
8.593479713983121826e+00
1.009253008808064145e+01
1.117038385124011413e+01
1.335116235624909109e+01
7.225151993843566878e+00
6.770275002573075795e+00
1.058513485680245481e+01
9.027033336764100468e+00
4.513516668382050234e+00
1.301310337505149661e+01
8.136857890256438353e+00
8.136857890256438353e+00
9.373021315815206478e+00
9.640875829802336483e+00
1.009253008808064145e+01
2.763953195770683990e+00
