8.740387444736633427e+00
8.740387444736633427e+00
1.276615297284584649e+01
1.458187244392064308e+01
1.358748446131948917e+01
9.836981518731869656e+00
9.574614729634383536e+00
1.422831991532699902e+01
8.136857890256438353e+00
1.530607971465162365e+01
1.306193320280393344e+01
7.399277020331918919e+00
1.518078909665319287e+01
1.422831991532699902e+01
1.021790793990058255e+01
1.082303275961201905e+01
1.015541250385961369e+01
1.646815177937675045e+01
1.513879513212096128e+01
8.136857890256438353e+00
1.330339418036568588e+01
1.117038385124011413e+01
1.501210842680413826e+01
1.178062436274634450e+01
3.908820095223359381e+00
1.034176589165282145e+01
1.261566261010080048e+01
1.758969042850511855e+01
7.978845608028653835e+00
7.735777827895049086e+00
1.058513485680245481e+01
1.296408962885714899e+01
1.128379167095512514e+01
8.812923024107547576e+00
9.236181543108379799e+00
1.156244577056221523e+01
6.863662517577697741e+00
1.666031874701878124e+01
9.236181543108379799e+00
7.399277020331918919e+00
4.918490759365934828e+00
1.538904010394216471e+01
1.178062436274634450e+01
1.251433034574463399e+01
1.579730833933717626e+01
1.204779266504070279e+01
1.064510777218481152e+01
1.188821220645068522e+01
1.161737456321036532e+01
6.955796338302048021e+00
1.246335526484300615e+01
1.358748446131948917e+01
7.136496464611084889e+00
8.136857890256438353e+00
1.296408962885714899e+01
1.335116235624909109e+01
1.281592373849173683e+01
9.373021315815206478e+00
9.901487006738307173e+00
9.965574970333758387e+00
7.399277020331918919e+00
7.817640190446718762e+00
1.372732503515539548e+01
9.097283682934460103e+00
1.281592373849173683e+01
1.167204486311898926e+01
1.306193320280393344e+01
1.046415791390898242e+01
1.172646028567007725e+01
1.178062436274634450e+01
1.178062436274634450e+01
1.431752655671925822e+01
1.354055000514615159e+01
1.400281721259029588e+01
1.167204486311898926e+01
9.373021315815206478e+00
1.354055000514615159e+01
1.266602473693425601e+01
1.530607971465162365e+01
1.178062436274634450e+01
1.178062436274634450e+01
7.225151993843566878e+00
1.386575534383213970e+01
1.358748446131948917e+01
1.236077446474206631e+01
9.097283682934460103e+00
1.505445578434700415e+01
1.276615297284584649e+01
7.817640190446718762e+00
9.373021315815206478e+00
8.444016491289504600e+00
1.296408962885714899e+01
1.105581278308273596e+01
7.653039857325811823e+00
1.431752655671925822e+01
1.386575534383213970e+01
8.519075891779829490e+00
1.122723095552866468e+01
1.058513485680245481e+01
5.753627391751591880e+00
1.320733953636073110e+01
9.097283682934460103e+00
9.027033336764100468e+00
1.400281721259029588e+01
1.599753570059363028e+01
1.286550196516137312e+01
8.136857890256438353e+00
1.551264883747923129e+01
1.015541250385961369e+01
9.373021315815206478e+00
9.373021315815206478e+00
