9.166995688475081394e+00
8.740387444736633427e+00
1.256509862862843541e+01
1.413855043925722121e+01
1.335116235624909109e+01
9.901487006738307173e+00
9.901487006738307173e+00
1.409345127989185542e+01
8.444016491289504600e+00
1.496964127403822076e+01
1.291488987023529766e+01
8.136857890256438353e+00
1.488434347843123184e+01
1.404820733880128181e+01
1.046415791390898242e+01
1.105581278308273596e+01
1.009253008808064145e+01
1.619528777809902209e+01
1.471226436021925466e+01
8.136857890256438353e+00
1.349345229721172146e+01
1.117038385124011413e+01
1.479855404066383784e+01
1.178062436274634450e+01
6.383076486422923246e+00
1.046415791390898242e+01
1.145179781116143225e+01
1.703815178355965898e+01
7.978845608028653835e+00
8.667244841319218907e+00
1.058513485680245481e+01
1.276615297284584649e+01
1.117038385124011413e+01
9.236181543108379799e+00
9.373021315815206478e+00
1.150725478350318376e+01
8.058239062071395509e+00
1.591774699517169012e+01
7.817640190446718762e+00
9.373021315815206478e+00
1.505445578434700415e+01
1.178062436274634450e+01
1.256509862862843541e+01
1.534761596392107741e+01
1.188821220645068522e+01
1.058513485680245481e+01
1.172646028567007725e+01
1.161737456321036532e+01
7.978845608028653835e+00
7.735777827895049086e+00
1.330339418036568588e+01
1.194164264288369282e+01
8.291859587312051971e+00
1.281592373849173683e+01
1.330339418036568588e+01
1.256509862862843541e+01
9.373021315815206478e+00
1.002925341359354938e+01
9.965574970333758387e+00
8.593479713983121826e+00
8.136857890256438353e+00
1.363425735166143049e+01
9.373021315815206478e+00
1.256509862862843541e+01
1.156244577056221523e+01
1.311058116710494836e+01
1.058513485680245481e+01
1.172646028567007725e+01
1.145179781116143225e+01
1.178062436274634450e+01
1.395727947504383337e+01
1.344618962205996482e+01
1.377362305878664728e+01
1.167204486311898926e+01
9.373021315815206478e+00
1.330339418036568588e+01
5.170882945826410726e+00
1.236077446474206631e+01
1.505445578434700415e+01
1.178062436274634450e+01
1.178062436274634450e+01
7.569397566060480642e+00
1.377362305878664728e+01
1.236077446474206631e+01
1.344618962205996482e+01
9.166995688475081394e+00
1.458187244392064308e+01
1.236077446474206631e+01
8.136857890256438353e+00
9.440697438826296306e+00
8.812923024107547576e+00
1.296408962885714899e+01
1.058513485680245481e+01
5.863230142835038627e+00
8.291859587312051971e+00
1.381976597885341995e+01
1.315904928495908166e+01
9.027033336764100468e+00
1.117038385124011413e+01
1.058513485680245481e+01
7.136496464611084889e+00
1.281592373849173683e+01
9.373021315815206478e+00
9.166995688475081394e+00
1.349345229721172146e+01
1.583755632390385770e+01
1.261566261010080048e+01
8.444016491289504600e+00
1.547155565579009817e+01
9.373021315815206478e+00
9.373021315815206478e+00
1.002925341359354938e+01
4.068428945128219176e+00
