9.304852983362556174e+00
8.444016491289504600e+00
1.139607097042601680e+01
1.241217083805063837e+01
9.965574970333758387e+00
9.965574970333758387e+00
1.236077446474206631e+01
6.482044814428574497e+00
1.261566261010080048e+01
6.383076486422923246e+00
8.519075891779829490e+00
1.431752655671925822e+01
1.122723095552866468e+01
4.652426491681278087e+00
9.373021315815206478e+00
1.400281721259029588e+01
1.210051848659980855e+01
1.040314189572019821e+01
1.082303275961201905e+01
6.383076486422923246e+00
9.965574970333758387e+00
6.180387232371033157e+00
1.492705330360461602e+01
1.354055000514615159e+01
5.527906391541367981e+00
8.884866446580955923e+00
1.306193320280393344e+01
1.099807968464679142e+01
7.978845608028653835e+00
1.377362305878664728e+01
1.145179781116143225e+01
1.058513485680245481e+01
1.058513485680245481e+01
1.178062436274634450e+01
8.291859587312051971e+00
8.593479713983121826e+00
4.222008245644752300e+00
1.058513485680245481e+01
1.117038385124011413e+01
7.225151993843566878e+00
6.579524642479540830e+00
1.236077446474206631e+01
1.058513485680245481e+01
9.373021315815206478e+00
9.373021315815206478e+00
1.058513485680245481e+01
8.593479713983121826e+00
8.136857890256438353e+00
1.466892917224166482e+01
9.373021315815206478e+00
1.400281721259029588e+01
1.134007028277388685e+01
7.735777827895049086e+00
1.236077446474206631e+01
1.276615297284584649e+01
1.058513485680245481e+01
1.058513485680245481e+01
1.194164264288369282e+01
1.058513485680245481e+01
8.136857890256438353e+00
8.740387444736633427e+00
4.370193722368316713e+00
1.076405121554611632e+01
1.236077446474206631e+01
8.136857890256438353e+00
7.225151993843566878e+00
1.256509862862843541e+01
1.251433034574463399e+01
6.863662517577697741e+00
1.178062436274634450e+01
7.136496464611084889e+00
4.370193722368316713e+00
9.373021315815206478e+00
9.373021315815206478e+00
9.965574970333758387e+00
9.166995688475081394e+00
8.593479713983121826e+00
1.220528683538465842e+01
9.373021315815206478e+00
1.194164264288369282e+01
1.111324596323282954e+01
1.040314189572019821e+01
1.220528683538465842e+01
1.046415791390898242e+01
1.117038385124011413e+01
7.225151993843566878e+00
1.178062436274634450e+01
1.266602473693425601e+01
1.311058116710494836e+01
1.296408962885714899e+01
1.058513485680245481e+01
9.836981518731869656e+00
4.513516668382050234e+00
7.898654169668588132e+00
1.204779266504070279e+01
1.236077446474206631e+01
1.261566261010080048e+01
1.178062436274634450e+01
3.568248232305542444e+00
1.178062436274634450e+01
8.593479713983121826e+00
1.315904928495908166e+01
1.194164264288369282e+01
5.641895835477562571e+00
1.286550196516137312e+01
7.399277020331918919e+00
8.956231982162769611e+00
1.325545386523797831e+01
1.215301555949299761e+01
9.236181543108379799e+00
9.440697438826296306e+00
9.373021315815206478e+00
1.256509862862843541e+01
8.136857890256438353e+00
1.058513485680245481e+01
9.236181543108379799e+00
1.296408962885714899e+01
1.241217083805063837e+01
9.373021315815206478e+00
1.117038385124011413e+01
1.058513485680245481e+01
8.444016491289504600e+00
1.215301555949299761e+01
9.574614729634383536e+00
9.574614729634383536e+00
1.183454054540639433e+01
1.418350619798065715e+01
1.199483507827737583e+01
4.652426491681278087e+00
8.740387444736633427e+00
1.381976597885341995e+01
8.136857890256438353e+00
7.399277020331918919e+00
9.373021315815206478e+00
9.373021315815206478e+00
1.021790793990058255e+01
