4.222008245644752300e+00
7.735777827895049086e+00
1.386575534383213970e+01
2.256758334191025117e+00
1.551264883747923129e+01
1.409345127989185542e+01
1.538904010394216471e+01
9.373021315815206478e+00
8.136857890256438353e+00
1.650676414605009157e+01
1.409345127989185542e+01
1.703815178355965898e+01
1.484151074652385738e+01
9.097283682934460103e+00
9.965574970333758387e+00
9.772050238058398008e+00
1.819456736586892021e+01
1.696325844612841038e+01
1.301310337505149661e+01
1.094004191971426110e+01
1.681247093473193388e+01
1.261566261010080048e+01
9.901487006738307173e+00
1.335116235624909109e+01
2.005850682718709876e+01
1.070474469691662733e+01
1.225733520300188317e+01
1.344618962205996482e+01
5.970821321441846408e+00
6.383076486422923246e+00
1.161737456321036532e+01
1.857546544836034741e+01
7.569397566060480642e+00
1.829923496393627147e+01
1.194164264288369282e+01
1.306193320280393344e+01
1.773387063078969206e+01
1.225733520300188317e+01
1.117038385124011413e+01
1.261566261010080048e+01
1.122723095552866468e+01
1.413855043925722121e+01
1.522266721510391640e+01
1.281592373849173683e+01
1.404820733880128181e+01
1.368087033328175828e+01
9.373021315815206478e+00
8.444016491289504600e+00
1.058513485680245481e+01
1.386575534383213970e+01
8.214724333230154940e+00
1.458187244392064308e+01
1.178062436274634450e+01
1.291488987023529766e+01
1.335116235624909109e+01
1.028002345391383443e+01
1.172646028567007725e+01
1.178062436274634450e+01
1.427299292922216978e+01
1.479855404066383784e+01
1.445030398768713376e+01
1.128379167095512514e+01
5.753627391751591880e+00
1.458187244392064308e+01
1.358748446131948917e+01
1.583755632390385770e+01
1.204779266504070279e+01
1.178062436274634450e+01
1.591774699517169012e+01
1.488434347843123184e+01
1.256509862862843541e+01
1.692568750643268771e+01
1.431752655671925822e+01
6.770275002573075795e+00
1.522266721510391640e+01
1.094004191971426110e+01
1.631278838364701755e+01
1.522266721510391640e+01
1.291488987023529766e+01
1.058513485680245481e+01
1.555363345008750464e+01
6.180387232371033157e+00
1.526443044094783019e+01
1.776973289316191185e+01
1.335116235624909109e+01
1.673656774376800982e+01
1.178062436274634450e+01
8.667244841319218907e+00
8.593479713983121826e+00
