9.440697438826296306e+00
8.136857890256438353e+00
1.021790793990058255e+01
1.117038385124011413e+01
9.965574970333758387e+00
9.965574970333758387e+00
1.178062436274634450e+01
7.399277020331918919e+00
1.070474469691662733e+01
6.955796338302048021e+00
8.593479713983121826e+00
6.383076486422923246e+00
5.753627391751591880e+00
1.335116235624909109e+01
6.863662517577697741e+00
1.064510777218481152e+01
6.579524642479540830e+00
9.373021315815206478e+00
1.286550196516137312e+01
1.058513485680245481e+01
7.225151993843566878e+00
9.166995688475081394e+00
1.070474469691662733e+01
7.569397566060480642e+00
9.965574970333758387e+00
1.427299292922216978e+01
6.482044814428574497e+00
7.225151993843566878e+00
8.884866446580955923e+00
1.296408962885714899e+01
1.139607097042601680e+01
1.058513485680245481e+01
8.136857890256438353e+00
4.370193722368316713e+00
1.296408962885714899e+01
1.117038385124011413e+01
1.058513485680245481e+01
1.058513485680245481e+01
1.117038385124011413e+01
8.593479713983121826e+00
8.740387444736633427e+00
7.484820637019110379e+00
7.653039857325811823e+00
1.070474469691662733e+01
1.088169461344923583e+01
8.136857890256438353e+00
1.236077446474206631e+01
9.965574970333758387e+00
9.706684619910241452e+00
9.236181543108379799e+00
1.040314189572019821e+01
8.812923024107547576e+00
8.136857890256438353e+00
9.640875829802336483e+00
1.372732503515539548e+01
6.076507779746498805e+00
1.301310337505149661e+01
1.028002345391383443e+01
8.214724333230154940e+00
1.204779266504070279e+01
1.188821220645068522e+01
1.034176589165282145e+01
1.034176589165282145e+01
1.052482020710848865e+01
1.111324596323282954e+01
8.884866446580955923e+00
7.136496464611084889e+00
9.027033336764100468e+00
9.965574970333758387e+00
1.167204486311898926e+01
8.444016491289504600e+00
7.978845608028653835e+00
1.070474469691662733e+01
1.145179781116143225e+01
7.817640190446718762e+00
1.167204486311898926e+01
7.653039857325811823e+00
7.225151993843566878e+00
5.753627391751591880e+00
9.440697438826296306e+00
8.884866446580955923e+00
9.965574970333758387e+00
9.236181543108379799e+00
8.740387444736633427e+00
6.180387232371033157e+00
1.178062436274634450e+01
9.373021315815206478e+00
1.117038385124011413e+01
1.009253008808064145e+01
1.028002345391383443e+01
1.070474469691662733e+01
1.002925341359354938e+01
1.117038385124011413e+01
7.653039857325811823e+00
6.955796338302048021e+00
5.292567428401227403e+00
1.178062436274634450e+01
1.058513485680245481e+01
1.291488987023529766e+01
1.271618740744904485e+01
9.965574970333758387e+00
9.965574970333758387e+00
7.136496464611084889e+00
8.136857890256438353e+00
1.134007028277388685e+01
1.215301555949299761e+01
1.117038385124011413e+01
1.178062436274634450e+01
6.863662517577697741e+00
1.161737456321036532e+01
8.136857890256438353e+00
1.286550196516137312e+01
7.569397566060480642e+00
8.136857890256438353e+00
1.178062436274634450e+01
1.178062436274634450e+01
9.166995688475081394e+00
1.194164264288369282e+01
1.178062436274634450e+01
6.675581178124545545e+00
9.373021315815206478e+00
9.097283682934460103e+00
8.593479713983121826e+00
1.167204486311898926e+01
6.482044814428574497e+00
8.291859587312051971e+00
1.058513485680245481e+01
8.884866446580955923e+00
1.210051848659980855e+01
8.812923024107547576e+00
6.180387232371033157e+00
1.145179781116143225e+01
1.058513485680245481e+01
6.383076486422923246e+00
5.046265044040320724e+00
1.021790793990058255e+01
8.368283871884004910e+00
8.740387444736633427e+00
8.593479713983121826e+00
9.965574970333758387e+00
2.763953195770683990e+00
1.094004191971426110e+01
1.320733953636073110e+01
7.399277020331918919e+00
3.908820095223359381e+00
7.046725639945927711e+00
1.058513485680245481e+01
9.027033336764100468e+00
4.918490759365934828e+00
1.291488987023529766e+01
8.291859587312051971e+00
8.214724333230154940e+00
9.440697438826296306e+00
9.640875829802336483e+00
1.002925341359354938e+01
3.908820095223359381e+00
