9.304852983362556174e+00
8.136857890256438353e+00
1.046415791390898242e+01
1.117038385124011413e+01
9.965574970333758387e+00
9.965574970333758387e+00
1.178062436274634450e+01
7.225151993843566878e+00
1.070474469691662733e+01
6.863662517577697741e+00
8.593479713983121826e+00
6.180387232371033157e+00
5.170882945826410726e+00
1.335116235624909109e+01
6.863662517577697741e+00
1.070474469691662733e+01
6.282549314314217703e+00
9.373021315815206478e+00
1.306193320280393344e+01
1.070474469691662733e+01
9.166995688475081394e+00
6.863662517577697741e+00
1.070474469691662733e+01
7.569397566060480642e+00
9.965574970333758387e+00
1.440618081907316395e+01
5.970821321441846408e+00
6.863662517577697741e+00
8.884866446580955923e+00
1.296408962885714899e+01
1.188821220645068522e+01
1.058513485680245481e+01
8.136857890256438353e+00
1.296408962885714899e+01
1.117038385124011413e+01
1.058513485680245481e+01
1.058513485680245481e+01
1.128379167095512514e+01
8.444016491289504600e+00
8.740387444736633427e+00
7.136496464611084889e+00
7.569397566060480642e+00
1.058513485680245481e+01
1.099807968464679142e+01
8.058239062071395509e+00
1.236077446474206631e+01
9.965574970333758387e+00
9.507891862878782518e+00
9.373021315815206478e+00
1.046415791390898242e+01
8.812923024107547576e+00
8.136857890256438353e+00
9.507891862878782518e+00
1.381976597885341995e+01
5.753627391751591880e+00
1.325545386523797831e+01
1.028002345391383443e+01
8.136857890256438353e+00
1.204779266504070279e+01
1.210051848659980855e+01
1.046415791390898242e+01
1.040314189572019821e+01
1.058513485680245481e+01
1.134007028277388685e+01
8.740387444736633427e+00
6.863662517577697741e+00
8.812923024107547576e+00
1.009253008808064145e+01
1.167204486311898926e+01
8.368283871884004910e+00
7.978845608028653835e+00
1.088169461344923583e+01
1.178062436274634450e+01
7.653039857325811823e+00
1.167204486311898926e+01
7.569397566060480642e+00
7.046725639945927711e+00
5.527906391541367981e+00
9.373021315815206478e+00
8.884866446580955923e+00
9.965574970333758387e+00
9.236181543108379799e+00
8.740387444736633427e+00
5.970821321441846408e+00
1.178062436274634450e+01
9.373021315815206478e+00
1.134007028277388685e+01
1.021790793990058255e+01
1.021790793990058255e+01
1.058513485680245481e+01
9.965574970333758387e+00
1.117038385124011413e+01
7.569397566060480642e+00
6.579524642479540830e+00
5.170882945826410726e+00
1.178062436274634450e+01
1.070474469691662733e+01
1.291488987023529766e+01
1.276615297284584649e+01
1.002925341359354938e+01
9.901487006738307173e+00
6.770275002573075795e+00
8.136857890256438353e+00
1.150725478350318376e+01
1.215301555949299761e+01
1.117038385124011413e+01
1.178062436274634450e+01
6.675581178124545545e+00
1.167204486311898926e+01
8.214724333230154940e+00
1.296408962885714899e+01
7.312732791431452384e+00
8.136857890256438353e+00
1.178062436274634450e+01
1.194164264288369282e+01
9.027033336764100468e+00
1.225733520300188317e+01
1.178062436274634450e+01
5.970821321441846408e+00
9.373021315815206478e+00
9.166995688475081394e+00
8.593479713983121826e+00
1.178062436274634450e+01
8.291859587312051971e+00
5.863230142835038627e+00
1.070474469691662733e+01
8.740387444736633427e+00
1.230916348999737586e+01
8.884866446580955923e+00
5.863230142835038627e+00
1.161737456321036532e+01
1.076405121554611632e+01
5.970821321441846408e+00
3.908820095223359381e+00
1.034176589165282145e+01
8.444016491289504600e+00
9.507891862878782518e+00
8.593479713983121826e+00
1.021790793990058255e+01
1.117038385124011413e+01
1.358748446131948917e+01
7.046725639945927711e+00
6.579524642479540830e+00
1.058513485680245481e+01
8.884866446580955923e+00
3.908820095223359381e+00
1.311058116710494836e+01
8.136857890256438353e+00
8.136857890256438353e+00
9.373021315815206478e+00
9.640875829802336483e+00
1.015541250385961369e+01
