1.009253008808064145e+01
8.136857890256438353e+00
3.191538243211461623e+00
1.296408962885714899e+01
1.311058116710494836e+01
1.009253008808064145e+01
1.261566261010080048e+01
9.965574970333758387e+00
1.172646028567007725e+01
9.373021315815206478e+00
1.368087033328175828e+01
1.354055000514615159e+01
9.373021315815206478e+00
1.058513485680245481e+01
1.204779266504070279e+01
1.058513485680245481e+01
1.178062436274634450e+01
1.236077446474206631e+01
7.817640190446718762e+00
1.413855043925722121e+01
1.194164264288369282e+01
1.178062436274634450e+01
1.296408962885714899e+01
1.339876023397903637e+01
9.304852983362556174e+00
8.058239062071395509e+00
9.965574970333758387e+00
1.335116235624909109e+01
1.046415791390898242e+01
1.445030398768713376e+01
1.064510777218481152e+01
9.965574970333758387e+00
1.296408962885714899e+01
1.167204486311898926e+01
1.194164264288369282e+01
3.908820095223359381e+00
9.965574970333758387e+00
8.884866446580955923e+00
1.281592373849173683e+01
6.579524642479540830e+00
9.373021315815206478e+00
6.383076486422923246e+00
1.058513485680245481e+01
9.373021315815206478e+00
1.236077446474206631e+01
1.215301555949299761e+01
1.058513485680245481e+01
1.145179781116143225e+01
1.358748446131948917e+01
9.965574970333758387e+00
7.484820637019110379e+00
8.368283871884004910e+00
4.787307364817191768e+00
8.593479713983121826e+00
9.965574970333758387e+00
1.082303275961201905e+01
8.740387444736633427e+00
8.740387444736633427e+00
1.236077446474206631e+01
8.740387444736633427e+00
9.965574970333758387e+00
5.170882945826410726e+00
1.271618740744904485e+01
9.574614729634383536e+00
1.530607971465162365e+01
8.136857890256438353e+00
7.484820637019110379e+00
1.296408962885714899e+01
9.836981518731869656e+00
9.373021315815206478e+00
1.377362305878664728e+01
1.194164264288369282e+01
9.965574970333758387e+00
1.241217083805063837e+01
1.320733953636073110e+01
7.312732791431452384e+00
7.569397566060480642e+00
1.178062436274634450e+01
5.046265044040320724e+00
1.595769121605730811e+00
1.064510777218481152e+01
1.330339418036568588e+01
8.136857890256438353e+00
1.058513485680245481e+01
1.225733520300188317e+01
7.735777827895049086e+00
9.373021315815206478e+00
1.040314189572019821e+01
6.383076486422923246e+00
1.418350619798065715e+01
1.178062436274634450e+01
1.099807968464679142e+01
8.444016491289504600e+00
1.105581278308273596e+01
1.534761596392107741e+01
1.111324596323282954e+01
1.070474469691662733e+01
8.136857890256438353e+00
5.970821321441846408e+00
8.368283871884004910e+00
9.965574970333758387e+00
1.210051848659980855e+01
9.304852983362556174e+00
7.225151993843566878e+00
1.178062436274634450e+01
6.863662517577697741e+00
8.136857890256438353e+00
1.076405121554611632e+01
1.105581278308273596e+01
8.136857890256438353e+00
2.763953195770683990e+00
1.354055000514615159e+01
7.225151993843566878e+00
1.368087033328175828e+01
1.210051848659980855e+01
1.040314189572019821e+01
1.058513485680245481e+01
1.156244577056221523e+01
1.256509862862843541e+01
1.286550196516137312e+01
1.058513485680245481e+01
4.652426491681278087e+00
9.965574970333758387e+00
7.225151993843566878e+00
9.507891862878782518e+00
8.740387444736633427e+00
9.836981518731869656e+00
9.507891862878782518e+00
1.178062436274634450e+01
1.296408962885714899e+01
7.399277020331918919e+00
1.271618740744904485e+01
4.787307364817191768e+00
9.373021315815206478e+00
8.444016491289504600e+00
8.740387444736633427e+00
5.863230142835038627e+00
