9.965574970333758387e+00
6.180387232371033157e+00
8.291859587312051971e+00
1.261566261010080048e+01
1.261566261010080048e+01
1.236077446474206631e+01
9.574614729634383536e+00
9.901487006738307173e+00
5.753627391751591880e+00
1.117038385124011413e+01
8.956231982162769611e+00
1.335116235624909109e+01
1.330339418036568588e+01
9.373021315815206478e+00
1.058513485680245481e+01
1.161737456321036532e+01
1.046415791390898242e+01
1.161737456321036532e+01
8.291859587312051971e+00
1.236077446474206631e+01
6.076507779746498805e+00
1.395727947504383337e+01
1.076405121554611632e+01
1.161737456321036532e+01
1.296408962885714899e+01
1.281592373849173683e+01
9.304852983362556174e+00
8.667244841319218907e+00
9.965574970333758387e+00
1.311058116710494836e+01
1.009253008808064145e+01
1.404820733880128181e+01
1.058513485680245481e+01
9.965574970333758387e+00
1.276615297284584649e+01
1.117038385124011413e+01
1.145179781116143225e+01
6.383076486422923246e+00
9.965574970333758387e+00
8.884866446580955923e+00
1.246335526484300615e+01
7.653039857325811823e+00
7.046725639945927711e+00
5.753627391751591880e+00
9.373021315815206478e+00
1.058513485680245481e+01
9.373021315815206478e+00
1.225733520300188317e+01
1.178062436274634450e+01
1.040314189572019821e+01
5.753627391751591880e+00
1.256509862862843541e+01
1.070474469691662733e+01
9.901487006738307173e+00
8.136857890256438353e+00
8.214724333230154940e+00
6.383076486422923246e+00
8.740387444736633427e+00
9.965574970333758387e+00
1.015541250385961369e+01
8.740387444736633427e+00
8.740387444736633427e+00
6.770275002573075795e+00
4.652426491681278087e+00
1.204779266504070279e+01
8.812923024107547576e+00
9.836981518731869656e+00
1.210051848659980855e+01
9.772050238058398008e+00
8.444016491289504600e+00
1.395727947504383337e+01
7.569397566060480642e+00
1.281592373849173683e+01
5.753627391751591880e+00
9.304852983362556174e+00
9.373021315815206478e+00
1.281592373849173683e+01
1.161737456321036532e+01
9.507891862878782518e+00
1.150725478350318376e+01
7.817640190446718762e+00
1.246335526484300615e+01
3.385137501286537898e+00
8.136857890256438353e+00
1.122723095552866468e+01
5.527906391541367981e+00
6.863662517577697741e+00
9.706684619910241452e+00
5.641895835477562571e+00
8.740387444736633427e+00
5.170882945826410726e+00
1.261566261010080048e+01
1.002925341359354938e+01
1.117038385124011413e+01
4.068428945128219176e+00
7.735777827895049086e+00
8.956231982162769611e+00
9.965574970333758387e+00
5.753627391751591880e+00
6.383076486422923246e+00
1.363425735166143049e+01
1.111324596323282954e+01
8.593479713983121826e+00
1.046415791390898242e+01
9.507891862878782518e+00
5.970821321441846408e+00
1.466892917224166482e+01
1.070474469691662733e+01
4.652426491681278087e+00
1.058513485680245481e+01
6.863662517577697741e+00
7.735777827895049086e+00
8.444016491289504600e+00
9.965574970333758387e+00
1.178062436274634450e+01
9.027033336764100468e+00
7.569397566060480642e+00
1.161737456321036532e+01
7.735777827895049086e+00
8.519075891779829490e+00
1.058513485680245481e+01
5.753627391751591880e+00
8.214724333230154940e+00
1.058513485680245481e+01
1.306193320280393344e+01
7.978845608028653835e+00
1.291488987023529766e+01
1.161737456321036532e+01
1.034176589165282145e+01
1.058513485680245481e+01
1.117038385124011413e+01
1.178062436274634450e+01
5.527906391541367981e+00
1.256509862862843541e+01
6.770275002573075795e+00
1.058513485680245481e+01
9.901487006738307173e+00
7.898654169668588132e+00
8.740387444736633427e+00
9.027033336764100468e+00
9.965574970333758387e+00
8.884866446580955923e+00
1.178062436274634450e+01
1.246335526484300615e+01
7.399277020331918919e+00
6.955796338302048021e+00
1.210051848659980855e+01
9.373021315815206478e+00
7.136496464611084889e+00
8.214724333230154940e+00
8.444016491289504600e+00
4.513516668382050234e+00
