1.358748446131948917e+01
6.076507779746498805e+00
1.335116235624909109e+01
1.330339418036568588e+01
1.021790793990058255e+01
9.965574970333758387e+00
1.178062436274634450e+01
7.898654169668588132e+00
1.413855043925722121e+01
1.567594437773643001e+01
9.965574970333758387e+00
1.058513485680245481e+01
1.204779266504070279e+01
1.058513485680245481e+01
1.236077446474206631e+01
1.281592373849173683e+01
1.458187244392064308e+01
1.204779266504070279e+01
1.178062436274634450e+01
1.354055000514615159e+01
1.422831991532699902e+01
9.373021315815206478e+00
9.836981518731869656e+00
1.335116235624909109e+01
1.111324596323282954e+01
1.543035303761632804e+01
1.449429283826230197e+01
1.134007028277388685e+01
9.965574970333758387e+00
1.246335526484300615e+01
1.215301555949299761e+01
9.965574970333758387e+00
8.884866446580955923e+00
1.427299292922216978e+01
9.965574970333758387e+00
1.058513485680245481e+01
1.471226436021925466e+01
9.373021315815206478e+00
1.296408962885714899e+01
1.117038385124011413e+01
1.167204486311898926e+01
1.534761596392107741e+01
9.965574970333758387e+00
5.046265044040320724e+00
7.225151993843566878e+00
1.178062436274634450e+01
9.965574970333758387e+00
6.282549314314217703e+00
8.368283871884004910e+00
1.058513485680245481e+01
1.296408962885714899e+01
8.136857890256438353e+00
1.418350619798065715e+01
9.507891862878782518e+00
1.688803298257900920e+01
6.076507779746498805e+00
1.325545386523797831e+01
9.236181543108379799e+00
8.956231982162769611e+00
1.436192209445157708e+01
1.330339418036568588e+01
1.134007028277388685e+01
1.462546558286290477e+01
1.475547227809780537e+01
1.330339418036568588e+01
1.117038385124011413e+01
1.427299292922216978e+01
1.276615297284584649e+01
9.097283682934460103e+00
3.385137501286537898e+00
1.575695754970980111e+01
1.058513485680245481e+01
1.271618740744904485e+01
1.117038385124011413e+01
8.884866446580955923e+00
1.117038385124011413e+01
1.344618962205996482e+01
1.688803298257900920e+01
1.178062436274634450e+01
6.863662517577697741e+00
9.373021315815206478e+00
1.377362305878664728e+01
8.740387444736633427e+00
1.236077446474206631e+01
1.306193320280393344e+01
4.370193722368316713e+00
1.194164264288369282e+01
8.136857890256438353e+00
1.591774699517169012e+01
1.413855043925722121e+01
1.335116235624909109e+01
1.306193320280393344e+01
1.094004191971426110e+01
1.058513485680245481e+01
1.363425735166143049e+01
1.372732503515539548e+01
1.058513485680245481e+01
9.772050238058398008e+00
9.097283682934460103e+00
8.740387444736633427e+00
1.058513485680245481e+01
9.965574970333758387e+00
1.178062436274634450e+01
1.418350619798065715e+01
1.445030398768713376e+01
8.740387444736633427e+00
8.291859587312051971e+00
7.046725639945927711e+00
