1.372732503515539548e+01
5.970821321441846408e+00
1.335116235624909109e+01
1.339876023397903637e+01
1.021790793990058255e+01
9.965574970333758387e+00
1.178062436274634450e+01
7.653039857325811823e+00
1.413855043925722121e+01
1.575695754970980111e+01
9.965574970333758387e+00
1.058513485680245481e+01
1.204779266504070279e+01
1.058513485680245481e+01
1.241217083805063837e+01
1.276615297284584649e+01
1.458187244392064308e+01
1.210051848659980855e+01
1.178062436274634450e+01
1.354055000514615159e+01
1.422831991532699902e+01
9.373021315815206478e+00
9.772050238058398008e+00
1.335116235624909109e+01
1.117038385124011413e+01
1.543035303761632804e+01
1.458187244392064308e+01
1.134007028277388685e+01
9.965574970333758387e+00
1.246335526484300615e+01
1.215301555949299761e+01
9.965574970333758387e+00
8.740387444736633427e+00
1.427299292922216978e+01
9.965574970333758387e+00
1.058513485680245481e+01
1.475547227809780537e+01
9.373021315815206478e+00
1.296408962885714899e+01
1.117038385124011413e+01
1.167204486311898926e+01
1.543035303761632804e+01
9.965574970333758387e+00
4.513516668382050234e+00
7.046725639945927711e+00
1.178062436274634450e+01
9.965574970333758387e+00
6.076507779746498805e+00
8.291859587312051971e+00
1.058513485680245481e+01
1.296408962885714899e+01
8.136857890256438353e+00
1.427299292922216978e+01
9.507891862878782518e+00
1.688803298257900920e+01
5.753627391751591880e+00
1.335116235624909109e+01
9.236181543108379799e+00
8.884866446580955923e+00
1.436192209445157708e+01
1.349345229721172146e+01
1.145179781116143225e+01
1.475547227809780537e+01
1.475547227809780537e+01
1.344618962205996482e+01
1.117038385124011413e+01
1.427299292922216978e+01
1.286550196516137312e+01
9.097283682934460103e+00
1.579730833933717626e+01
1.058513485680245481e+01
1.286550196516137312e+01
1.117038385124011413e+01
8.884866446580955923e+00
1.122723095552866468e+01
1.344618962205996482e+01
1.696325844612841038e+01
1.178062436274634450e+01
6.863662517577697741e+00
9.373021315815206478e+00
1.386575534383213970e+01
8.740387444736633427e+00
1.236077446474206631e+01
1.306193320280393344e+01
4.068428945128219176e+00
1.204779266504070279e+01
7.978845608028653835e+00
1.599753570059363028e+01
1.413855043925722121e+01
1.339876023397903637e+01
1.306193320280393344e+01
1.094004191971426110e+01
1.058513485680245481e+01
1.363425735166143049e+01
1.372732503515539548e+01
1.058513485680245481e+01
9.772050238058398008e+00
9.027033336764100468e+00
8.740387444736633427e+00
1.058513485680245481e+01
9.965574970333758387e+00
1.188821220645068522e+01
1.427299292922216978e+01
1.445030398768713376e+01
8.667244841319218907e+00
8.291859587312051971e+00
6.955796338302048021e+00
