9.965574970333758387e+00
8.291859587312051971e+00
5.170882945826410726e+00
1.286550196516137312e+01
1.286550196516137312e+01
9.772050238058398008e+00
1.236077446474206631e+01
9.965574970333758387e+00
3.742410318509555189e+00
1.161737456321036532e+01
8.956231982162769611e+00
1.354055000514615159e+01
1.344618962205996482e+01
9.373021315815206478e+00
1.058513485680245481e+01
1.178062436274634450e+01
1.058513485680245481e+01
1.178062436274634450e+01
8.058239062071395509e+00
1.236077446474206631e+01
4.222008245644752300e+00
1.418350619798065715e+01
1.150725478350318376e+01
1.178062436274634450e+01
1.296408962885714899e+01
1.296408962885714899e+01
9.304852983362556174e+00
8.291859587312051971e+00
9.965574970333758387e+00
1.335116235624909109e+01
1.021790793990058255e+01
1.422831991532699902e+01
1.058513485680245481e+01
9.965574970333758387e+00
1.286550196516137312e+01
1.139607097042601680e+01
1.188821220645068522e+01
5.411516379806009525e+00
9.965574970333758387e+00
8.884866446580955923e+00
1.276615297284584649e+01
7.136496464611084889e+00
9.373021315815206478e+00
6.675581178124545545e+00
3.908820095223359381e+00
1.058513485680245481e+01
9.373021315815206478e+00
1.236077446474206631e+01
1.194164264288369282e+01
1.058513485680245481e+01
4.652426491681278087e+00
1.325545386523797831e+01
1.105581278308273596e+01
9.965574970333758387e+00
7.653039857325811823e+00
8.214724333230154940e+00
5.641895835477562571e+00
8.593479713983121826e+00
9.965574970333758387e+00
1.046415791390898242e+01
8.740387444736633427e+00
8.740387444736633427e+00
6.180387232371033157e+00
1.220528683538465842e+01
8.740387444736633427e+00
9.901487006738307173e+00
1.236077446474206631e+01
9.640875829802336483e+00
1.501210842680413826e+01
8.136857890256438353e+00
7.569397566060480642e+00
1.296408962885714899e+01
9.440697438826296306e+00
4.222008245644752300e+00
9.373021315815206478e+00
1.344618962205996482e+01
1.178062436274634450e+01
9.772050238058398008e+00
1.215301555949299761e+01
7.653039857325811823e+00
1.271618740744904485e+01
7.978845608028653835e+00
1.178062436274634450e+01
6.180387232371033157e+00
5.170882945826410726e+00
1.021790793990058255e+01
3.385137501286537898e+00
8.444016491289504600e+00
1.286550196516137312e+01
1.058513485680245481e+01
1.161737456321036532e+01
7.817640190446718762e+00
9.440697438826296306e+00
6.675581178124545545e+00
1.028002345391383443e+01
1.391159267660409604e+01
1.167204486311898926e+01
1.058513485680245481e+01
8.519075891779829490e+00
1.058513485680245481e+01
5.046265044040320724e+00
1.509668435477122017e+01
1.082303275961201905e+01
1.058513485680245481e+01
7.735777827895049086e+00
6.282549314314217703e+00
8.444016491289504600e+00
9.965574970333758387e+00
1.183454054540639433e+01
9.304852983362556174e+00
7.484820637019110379e+00
1.178062436274634450e+01
7.225151993843566878e+00
8.136857890256438353e+00
1.070474469691662733e+01
8.136857890256438353e+00
4.787307364817191768e+00
1.070474469691662733e+01
1.320733953636073110e+01
7.735777827895049086e+00
1.330339418036568588e+01
1.178062436274634450e+01
1.034176589165282145e+01
1.058513485680245481e+01
1.145179781116143225e+01
1.220528683538465842e+01
1.271618740744904485e+01
2.256758334191025117e+00
5.753627391751591880e+00
1.058513485680245481e+01
9.965574970333758387e+00
7.484820637019110379e+00
9.236181543108379799e+00
8.740387444736633427e+00
9.965574970333758387e+00
9.236181543108379799e+00
1.178062436274634450e+01
1.271618740744904485e+01
7.399277020331918919e+00
5.970821321441846408e+00
1.236077446474206631e+01
9.373021315815206478e+00
8.368283871884004910e+00
8.667244841319218907e+00
6.482044814428574497e+00
