1.431752655671925822e+01
1.354055000514615159e+01
1.363425735166143049e+01
1.002925341359354938e+01
9.965574970333758387e+00
1.161737456321036532e+01
1.440618081907316395e+01
1.591774699517169012e+01
9.965574970333758387e+00
6.579524642479540830e+00
1.076405121554611632e+01
1.210051848659980855e+01
1.058513485680245481e+01
1.241217083805063837e+01
1.276615297284584649e+01
1.479855404066383784e+01
1.215301555949299761e+01
1.178062436274634450e+01
1.354055000514615159e+01
1.427299292922216978e+01
8.812923024107547576e+00
9.304852983362556174e+00
1.335116235624909109e+01
1.117038385124011413e+01
1.547155565579009817e+01
1.479855404066383784e+01
1.150725478350318376e+01
9.574614729634383536e+00
1.256509862862843541e+01
1.215301555949299761e+01
9.965574970333758387e+00
8.368283871884004910e+00
1.475547227809780537e+01
9.965574970333758387e+00
1.058513485680245481e+01
1.522266721510391640e+01
9.373021315815206478e+00
1.296408962885714899e+01
1.117038385124011413e+01
1.161737456321036532e+01
1.595769121605730767e+01
9.965574970333758387e+00
5.970821321441846408e+00
1.178062436274634450e+01
9.965574970333758387e+00
8.884866446580955923e+00
1.058513485680245481e+01
1.349345229721172146e+01
7.817640190446718762e+00
1.449429283826230197e+01
9.836981518731869656e+00
1.726088217525477830e+01
1.354055000514615159e+01
8.740387444736633427e+00
8.136857890256438353e+00
1.453814859003845150e+01
1.363425735166143049e+01
1.145179781116143225e+01
1.484151074652385738e+01
1.488434347843123184e+01
1.377362305878664728e+01
1.117038385124011413e+01
1.440618081907316395e+01
1.296408962885714899e+01
1.623454913941802857e+01
8.291859587312051971e+00
1.058513485680245481e+01
1.296408962885714899e+01
1.117038385124011413e+01
8.368283871884004910e+00
1.156244577056221523e+01
1.372732503515539548e+01
1.718695942796624365e+01
1.172646028567007725e+01
6.076507779746498805e+00
8.812923024107547576e+00
1.404820733880128181e+01
8.593479713983121826e+00
1.325545386523797831e+01
1.320733953636073110e+01
1.210051848659980855e+01
6.863662517577697741e+00
1.635176762293251684e+01
1.413855043925722121e+01
1.386575534383213970e+01
1.363425735166143049e+01
1.105581278308273596e+01
1.052482020710848865e+01
1.372732503515539548e+01
1.381976597885341995e+01
1.058513485680245481e+01
9.507891862878782518e+00
8.667244841319218907e+00
8.058239062071395509e+00
1.058513485680245481e+01
9.640875829802336483e+00
1.225733520300188317e+01
1.431752655671925822e+01
1.475547227809780537e+01
8.444016491289504600e+00
8.593479713983121826e+00
5.292567428401227403e+00
