1.449429283826230197e+01
1.363425735166143049e+01
1.372732503515539548e+01
9.965574970333758387e+00
9.965574970333758387e+00
1.156244577056221523e+01
1.445030398768713376e+01
1.599753570059363028e+01
9.965574970333758387e+00
6.076507779746498805e+00
1.094004191971426110e+01
1.210051848659980855e+01
1.058513485680245481e+01
1.246335526484300615e+01
1.276615297284584649e+01
1.488434347843123184e+01
1.220528683538465842e+01
1.178062436274634450e+01
1.354055000514615159e+01
1.431752655671925822e+01
8.812923024107547576e+00
9.166995688475081394e+00
1.335116235624909109e+01
1.117038385124011413e+01
1.555363345008750464e+01
1.488434347843123184e+01
1.150725478350318376e+01
9.236181543108379799e+00
1.256509862862843541e+01
1.215301555949299761e+01
9.965574970333758387e+00
7.978845608028653835e+00
1.488434347843123184e+01
9.965574970333758387e+00
1.058513485680245481e+01
1.543035303761632804e+01
9.507891862878782518e+00
1.296408962885714899e+01
1.117038385124011413e+01
1.156244577056221523e+01
1.599753570059363028e+01
1.002925341359354938e+01
5.170882945826410726e+00
1.178062436274634450e+01
9.965574970333758387e+00
8.812923024107547576e+00
1.058513485680245481e+01
1.358748446131948917e+01
7.399277020331918919e+00
1.462546558286290477e+01
9.901487006738307173e+00
1.740778594902202769e+01
1.354055000514615159e+01
8.444016491289504600e+00
8.136857890256438353e+00
1.479855404066383784e+01
1.377362305878664728e+01
1.134007028277388685e+01
1.509668435477122017e+01
1.488434347843123184e+01
1.386575534383213970e+01
1.117038385124011413e+01
1.440618081907316395e+01
1.301310337505149661e+01
1.642944866646030988e+01
8.136857890256438353e+00
1.058513485680245481e+01
1.296408962885714899e+01
1.117038385124011413e+01
8.058239062071395509e+00
1.167204486311898926e+01
1.381976597885341995e+01
1.718695942796624365e+01
1.167204486311898926e+01
5.046265044040320724e+00
1.422831991532699902e+01
8.368283871884004910e+00
8.291859587312051971e+00
1.339876023397903637e+01
1.220528683538465842e+01
1.335116235624909109e+01
5.753627391751591880e+00
1.642944866646030988e+01
1.453814859003845150e+01
1.427299292922216978e+01
1.363425735166143049e+01
1.099807968464679142e+01
1.028002345391383443e+01
1.372732503515539548e+01
1.377362305878664728e+01
1.058513485680245481e+01
9.373021315815206478e+00
8.444016491289504600e+00
7.735777827895049086e+00
1.058513485680245481e+01
9.574614729634383536e+00
1.246335526484300615e+01
1.440618081907316395e+01
1.488434347843123184e+01
8.058239062071395509e+00
8.667244841319218907e+00
3.568248232305542444e+00
