8.136857890256438353e+00
1.296408962885714899e+01
1.315904928495908166e+01
1.040314189572019821e+01
1.271618740744904485e+01
9.965574970333758387e+00
1.178062436274634450e+01
9.236181543108379799e+00
1.368087033328175828e+01
1.431752655671925822e+01
9.373021315815206478e+00
1.058513485680245481e+01
1.210051848659980855e+01
1.058513485680245481e+01
1.178062436274634450e+01
1.236077446474206631e+01
6.955796338302048021e+00
1.422831991532699902e+01
1.199483507827737583e+01
1.178062436274634450e+01
1.296408962885714899e+01
1.372732503515539548e+01
9.236181543108379799e+00
7.735777827895049086e+00
9.965574970333758387e+00
1.339876023397903637e+01
1.088169461344923583e+01
1.484151074652385738e+01
1.082303275961201905e+01
1.306193320280393344e+01
9.965574970333758387e+00
1.178062436274634450e+01
1.215301555949299761e+01
9.965574970333758387e+00
9.236181543108379799e+00
1.339876023397903637e+01
5.411516379806009525e+00
9.373021315815206478e+00
6.180387232371033157e+00
1.058513485680245481e+01
9.373021315815206478e+00
1.276615297284584649e+01
1.256509862862843541e+01
1.058513485680245481e+01
1.167204486311898926e+01
1.422831991532699902e+01
9.965574970333758387e+00
6.955796338302048021e+00
8.444016491289504600e+00
8.136857890256438353e+00
1.172646028567007725e+01
9.965574970333758387e+00
8.667244841319218907e+00
8.740387444736633427e+00
1.256509862862843541e+01
8.740387444736633427e+00
9.965574970333758387e+00
1.335116235624909109e+01
9.574614729634383536e+00
1.587770228520368221e+01
8.136857890256438353e+00
7.735777827895049086e+00
1.296408962885714899e+01
9.574614729634383536e+00
9.373021315815206478e+00
1.386575534383213970e+01
1.225733520300188317e+01
1.064510777218481152e+01
1.276615297284584649e+01
1.344618962205996482e+01
6.955796338302048021e+00
6.955796338302048021e+00
1.210051848659980855e+01
1.082303275961201905e+01
1.400281721259029588e+01
7.817640190446718762e+00
1.236077446474206631e+01
7.484820637019110379e+00
9.373021315815206478e+00
1.058513485680245481e+01
5.046265044040320724e+00
1.440618081907316395e+01
1.178062436274634450e+01
1.105581278308273596e+01
8.444016491289504600e+00
1.117038385124011413e+01
1.188821220645068522e+01
1.571650316319191809e+01
1.117038385124011413e+01
8.136857890256438353e+00
3.385137501286537898e+00
7.735777827895049086e+00
9.836981518731869656e+00
1.236077446474206631e+01
9.304852983362556174e+00
7.225151993843566878e+00
1.178062436274634450e+01
5.753627391751591880e+00
8.136857890256438353e+00
1.099807968464679142e+01
1.161737456321036532e+01
8.136857890256438353e+00
1.484151074652385738e+01
1.368087033328175828e+01
6.675581178124545545e+00
1.225733520300188317e+01
1.046415791390898242e+01
1.058513485680245481e+01
1.178062436274634450e+01
1.315904928495908166e+01
1.315904928495908166e+01
1.058513485680245481e+01
9.965574970333758387e+00
6.579524642479540830e+00
9.373021315815206478e+00
8.812923024107547576e+00
1.015541250385961369e+01
9.836981518731869656e+00
1.178062436274634450e+01
1.339876023397903637e+01
7.046725639945927711e+00
1.358748446131948917e+01
9.373021315815206478e+00
8.740387444736633427e+00
8.740387444736633427e+00
4.222008245644752300e+00
