1.559451034962034477e+01
1.377362305878664728e+01
1.386575534383213970e+01
9.772050238058398008e+00
9.965574970333758387e+00
1.156244577056221523e+01
1.475547227809780537e+01
1.611647812414279102e+01
9.836981518731869656e+00
1.070474469691662733e+01
1.210051848659980855e+01
1.058513485680245481e+01
1.256509862862843541e+01
1.271618740744904485e+01
1.492705330360461602e+01
1.256509862862843541e+01
1.178062436274634450e+01
1.349345229721172146e+01
1.462546558286290477e+01
7.817640190446718762e+00
8.593479713983121826e+00
1.325545386523797831e+01
1.587770228520368221e+01
1.161737456321036532e+01
1.496964127403822076e+01
1.156244577056221523e+01
1.276615297284584649e+01
8.740387444736633427e+00
1.215301555949299761e+01
9.901487006738307173e+00
6.955796338302048021e+00
1.526443044094783019e+01
9.965574970333758387e+00
1.058513485680245481e+01
1.583755632390385770e+01
9.373021315815206478e+00
1.339876023397903637e+01
1.122723095552866468e+01
1.156244577056221523e+01
1.603728119216292924e+01
1.046415791390898242e+01
1.167204486311898926e+01
9.836981518731869656e+00
8.136857890256438353e+00
1.413855043925722121e+01
1.058513485680245481e+01
1.484151074652385738e+01
6.076507779746498805e+00
9.640875829802336483e+00
1.794796937867891984e+01
1.381976597885341995e+01
7.484820637019110379e+00
7.484820637019110379e+00
1.492705330360461602e+01
1.372732503515539548e+01
1.139607097042601680e+01
1.543035303761632804e+01
1.492705330360461602e+01
1.377362305878664728e+01
1.117038385124011413e+01
1.453814859003845150e+01
1.339876023397903637e+01
1.696325844612841038e+01
6.770275002573075795e+00
1.046415791390898242e+01
1.315904928495908166e+01
1.117038385124011413e+01
1.178062436274634450e+01
6.180387232371033157e+00
1.431752655671925822e+01
1.812445316531431061e+01
1.145179781116143225e+01
1.422831991532699902e+01
6.675581178124545545e+00
7.046725639945927711e+00
1.368087033328175828e+01
1.251433034574463399e+01
1.344618962205996482e+01
1.685029431422315938e+01
1.505445578434700415e+01
1.518078909665319287e+01
1.381976597885341995e+01
1.094004191971426110e+01
1.009253008808064145e+01
1.381976597885341995e+01
1.372732503515539548e+01
1.028002345391383443e+01
9.166995688475081394e+00
7.735777827895049086e+00
6.383076486422923246e+00
1.058513485680245481e+01
9.166995688475081394e+00
1.286550196516137312e+01
1.471226436021925466e+01
1.518078909665319287e+01
7.046725639945927711e+00
8.136857890256438353e+00
