1.575695754970980111e+01
1.395727947504383337e+01
1.395727947504383337e+01
9.304852983362556174e+00
9.965574970333758387e+00
1.134007028277388685e+01
1.484151074652385738e+01
1.642944866646030988e+01
9.836981518731869656e+00
1.070474469691662733e+01
1.215301555949299761e+01
1.034176589165282145e+01
1.261566261010080048e+01
1.266602473693425601e+01
1.513879513212096128e+01
1.241217083805063837e+01
1.178062436274634450e+01
1.335116235624909109e+01
1.475547227809780537e+01
6.955796338302048021e+00
7.653039857325811823e+00
1.325545386523797831e+01
1.599753570059363028e+01
1.183454054540639433e+01
1.505445578434700415e+01
1.161737456321036532e+01
1.286550196516137312e+01
8.444016491289504600e+00
1.215301555949299761e+01
9.836981518731869656e+00
5.292567428401227403e+00
1.534761596392107741e+01
9.965574970333758387e+00
1.046415791390898242e+01
1.591774699517169012e+01
9.373021315815206478e+00
1.358748446131948917e+01
1.194164264288369282e+01
1.156244577056221523e+01
1.607692842495848140e+01
1.046415791390898242e+01
1.156244577056221523e+01
9.574614729634383536e+00
8.136857890256438353e+00
1.427299292922216978e+01
1.099807968464679142e+01
1.488434347843123184e+01
4.068428945128219176e+00
9.373021315815206478e+00
1.812445316531431061e+01
1.409345127989185542e+01
6.180387232371033157e+00
6.675581178124545545e+00
1.526443044094783019e+01
1.395727947504383337e+01
1.150725478350318376e+01
1.579730833933717626e+01
1.496964127403822076e+01
1.386575534383213970e+01
1.117038385124011413e+01
1.475547227809780537e+01
1.349345229721172146e+01
1.740778594902202769e+01
1.040314189572019821e+01
4.787307364817191768e+00
1.335116235624909109e+01
1.117038385124011413e+01
1.178062436274634450e+01
2.985410660720923204e+00
1.462546558286290477e+01
1.843786751347043307e+01
1.145179781116143225e+01
1.431752655671925822e+01
4.918490759365934828e+00
5.753627391751591880e+00
1.395727947504383337e+01
1.246335526484300615e+01
1.363425735166143049e+01
1.714987856615383066e+01
1.530607971465162365e+01
1.551264883747923129e+01
1.409345127989185542e+01
1.070474469691662733e+01
1.002925341359354938e+01
1.381976597885341995e+01
1.372732503515539548e+01
1.009253008808064145e+01
9.097283682934460103e+00
7.046725639945927711e+00
4.370193722368316713e+00
1.058513485680245481e+01
8.956231982162769611e+00
1.281592373849173683e+01
1.496964127403822076e+01
1.543035303761632804e+01
6.076507779746498805e+00
7.978845608028653835e+00
