1.587770228520368221e+01
1.409345127989185542e+01
1.395727947504383337e+01
9.166995688475081394e+00
9.965574970333758387e+00
1.134007028277388685e+01
1.484151074652385738e+01
1.646815177937675045e+01
9.772050238058398008e+00
1.070474469691662733e+01
1.215301555949299761e+01
1.034176589165282145e+01
1.271618740744904485e+01
1.271618740744904485e+01
1.513879513212096128e+01
1.246335526484300615e+01
1.194164264288369282e+01
1.335116235624909109e+01
1.479855404066383784e+01
6.955796338302048021e+00
7.484820637019110379e+00
1.320733953636073110e+01
1.603728119216292924e+01
1.210051848659980855e+01
1.522266721510391640e+01
1.161737456321036532e+01
1.296408962885714899e+01
8.291859587312051971e+00
1.215301555949299761e+01
9.772050238058398008e+00
4.068428945128219176e+00
1.543035303761632804e+01
9.965574970333758387e+00
1.046415791390898242e+01
1.603728119216292924e+01
9.373021315815206478e+00
1.372732503515539548e+01
1.225733520300188317e+01
1.156244577056221523e+01
1.607692842495848140e+01
1.046415791390898242e+01
1.156244577056221523e+01
9.440697438826296306e+00
7.978845608028653835e+00
1.431752655671925822e+01
1.117038385124011413e+01
1.488434347843123184e+01
9.373021315815206478e+00
1.815954410458608237e+01
1.422831991532699902e+01
5.753627391751591880e+00
6.383076486422923246e+00
1.538904010394216471e+01
1.404820733880128181e+01
1.156244577056221523e+01
1.583755632390385770e+01
1.509668435477122017e+01
1.386575534383213970e+01
1.117038385124011413e+01
1.479855404066383784e+01
1.349345229721172146e+01
1.773387063078969206e+01
1.040314189572019821e+01
1.339876023397903637e+01
3.568248232305542444e+00
1.117038385124011413e+01
1.178062436274634450e+01
1.484151074652385738e+01
1.854116169711310036e+01
1.145179781116143225e+01
1.436192209445157708e+01
3.385137501286537898e+00
5.753627391751591880e+00
1.418350619798065715e+01
1.256509862862843541e+01
1.363425735166143049e+01
1.737117647432762624e+01
1.538904010394216471e+01
1.555363345008750464e+01
1.413855043925722121e+01
1.064510777218481152e+01
1.002925341359354938e+01
1.381976597885341995e+01
1.372732503515539548e+01
1.009253008808064145e+01
8.884866446580955923e+00
6.863662517577697741e+00
1.064510777218481152e+01
8.444016491289504600e+00
1.276615297284584649e+01
1.505445578434700415e+01
1.547155565579009817e+01
5.641895835477562571e+00
7.817640190446718762e+00
