1.567594437773643001e+01
1.391159267660409604e+01
1.395727947504383337e+01
9.574614729634383536e+00
9.965574970333758387e+00
1.145179781116143225e+01
1.484151074652385738e+01
1.627371578051287671e+01
9.836981518731869656e+00
1.070474469691662733e+01
1.215301555949299761e+01
1.046415791390898242e+01
1.256509862862843541e+01
1.271618740744904485e+01
1.501210842680413826e+01
1.236077446474206631e+01
1.178062436274634450e+01
1.335116235624909109e+01
1.479855404066383784e+01
7.484820637019110379e+00
8.136857890256438353e+00
1.325545386523797831e+01
1.591774699517169012e+01
1.178062436274634450e+01
1.505445578434700415e+01
1.161737456321036532e+01
1.286550196516137312e+01
8.667244841319218907e+00
1.215301555949299761e+01
9.901487006738307173e+00
5.753627391751591880e+00
1.534761596392107741e+01
9.965574970333758387e+00
1.046415791390898242e+01
1.583755632390385770e+01
9.373021315815206478e+00
1.368087033328175828e+01
1.178062436274634450e+01
1.156244577056221523e+01
1.607692842495848140e+01
1.052482020710848865e+01
1.156244577056221523e+01
9.772050238058398008e+00
8.136857890256438353e+00
1.422831991532699902e+01
1.088169461344923583e+01
1.488434347843123184e+01
5.170882945826410726e+00
9.373021315815206478e+00
1.801877032173578996e+01
1.386575534383213970e+01
6.955796338302048021e+00
7.046725639945927711e+00
1.509668435477122017e+01
1.377362305878664728e+01
1.150725478350318376e+01
1.567594437773643001e+01
1.492705330360461602e+01
1.381976597885341995e+01
1.117038385124011413e+01
1.462546558286290477e+01
1.349345229721172146e+01
1.729772508200899850e+01
1.040314189572019821e+01
5.753627391751591880e+00
1.325545386523797831e+01
1.117038385124011413e+01
1.178062436274634450e+01
4.652426491681278087e+00
1.440618081907316395e+01
1.833399137695016279e+01
1.145179781116143225e+01
1.427299292922216978e+01
5.753627391751591880e+00
6.579524642479540830e+00
1.391159267660409604e+01
1.246335526484300615e+01
1.354055000514615159e+01
1.700074635581867355e+01
1.518078909665319287e+01
1.538904010394216471e+01
1.409345127989185542e+01
1.082303275961201905e+01
1.002925341359354938e+01
1.381976597885341995e+01
1.372732503515539548e+01
1.015541250385961369e+01
9.097283682934460103e+00
7.225151993843566878e+00
5.411516379806009525e+00
1.058513485680245481e+01
9.097283682934460103e+00
1.286550196516137312e+01
1.479855404066383784e+01
1.534761596392107741e+01
6.482044814428574497e+00
8.136857890256438353e+00
