8.136857890256438353e+00
1.296408962885714899e+01
1.315904928495908166e+01
1.040314189572019821e+01
1.271618740744904485e+01
9.965574970333758387e+00
1.178062436274634450e+01
9.373021315815206478e+00
1.368087033328175828e+01
1.413855043925722121e+01
9.373021315815206478e+00
1.058513485680245481e+01
1.210051848659980855e+01
1.058513485680245481e+01
1.178062436274634450e+01
1.236077446474206631e+01
7.312732791431452384e+00
1.418350619798065715e+01
1.199483507827737583e+01
1.178062436274634450e+01
1.296408962885714899e+01
1.363425735166143049e+01
9.304852983362556174e+00
7.898654169668588132e+00
9.965574970333758387e+00
1.335116235624909109e+01
1.070474469691662733e+01
1.462546558286290477e+01
1.070474469691662733e+01
9.965574970333758387e+00
1.296408962885714899e+01
1.178062436274634450e+01
1.215301555949299761e+01
9.965574970333758387e+00
9.373021315815206478e+00
1.325545386523797831e+01
6.180387232371033157e+00
9.373021315815206478e+00
6.383076486422923246e+00
1.058513485680245481e+01
9.373021315815206478e+00
1.256509862862843541e+01
1.246335526484300615e+01
1.058513485680245481e+01
1.150725478350318376e+01
1.395727947504383337e+01
9.965574970333758387e+00
6.955796338302048021e+00
8.444016491289504600e+00
2.763953195770683990e+00
8.136857890256438353e+00
1.139607097042601680e+01
9.965574970333758387e+00
8.740387444736633427e+00
8.740387444736633427e+00
1.246335526484300615e+01
8.740387444736633427e+00
9.965574970333758387e+00
2.985410660720923204e+00
1.296408962885714899e+01
9.507891862878782518e+00
1.563528038089343752e+01
8.136857890256438353e+00
7.399277020331918919e+00
1.296408962885714899e+01
9.772050238058398008e+00
9.373021315815206478e+00
1.381976597885341995e+01
1.210051848659980855e+01
1.040314189572019821e+01
1.266602473693425601e+01
1.339876023397903637e+01
7.225151993843566878e+00
7.046725639945927711e+00
1.183454054540639433e+01
1.595769121605730811e+00
1.076405121554611632e+01
1.386575534383213970e+01
7.978845608028653835e+00
1.230916348999737586e+01
7.484820637019110379e+00
9.373021315815206478e+00
1.052482020710848865e+01
5.863230142835038627e+00
1.431752655671925822e+01
1.178062436274634450e+01
1.105581278308273596e+01
8.444016491289504600e+00
1.117038385124011413e+01
1.172646028567007725e+01
1.563528038089343752e+01
1.105581278308273596e+01
8.136857890256438353e+00
4.652426491681278087e+00
7.978845608028653835e+00
9.836981518731869656e+00
1.225733520300188317e+01
9.304852983362556174e+00
7.312732791431452384e+00
1.178062436274634450e+01
6.675581178124545545e+00
8.136857890256438353e+00
1.099807968464679142e+01
1.150725478350318376e+01
8.136857890256438353e+00
1.445030398768713376e+01
1.368087033328175828e+01
7.225151993843566878e+00
1.220528683538465842e+01
1.040314189572019821e+01
1.058513485680245481e+01
1.178062436274634450e+01
1.286550196516137312e+01
1.296408962885714899e+01
1.058513485680245481e+01
9.965574970333758387e+00
6.863662517577697741e+00
9.373021315815206478e+00
8.884866446580955923e+00
1.009253008808064145e+01
9.836981518731869656e+00
1.178062436274634450e+01
1.330339418036568588e+01
7.136496464611084889e+00
1.325545386523797831e+01
9.373021315815206478e+00
8.740387444736633427e+00
8.740387444736633427e+00
5.292567428401227403e+00
