1.567594437773643001e+01
1.377362305878664728e+01
1.391159267660409604e+01
9.706684619910241452e+00
9.965574970333758387e+00
1.156244577056221523e+01
1.475547227809780537e+01
1.611647812414279102e+01
9.836981518731869656e+00
1.070474469691662733e+01
1.210051848659980855e+01
1.058513485680245481e+01
1.256509862862843541e+01
1.271618740744904485e+01
1.492705330360461602e+01
1.256509862862843541e+01
1.178062436274634450e+01
1.349345229721172146e+01
1.471226436021925466e+01
7.817640190446718762e+00
8.444016491289504600e+00
1.325545386523797831e+01
1.591774699517169012e+01
1.167204486311898926e+01
1.501210842680413826e+01
1.156244577056221523e+01
1.276615297284584649e+01
8.740387444736633427e+00
1.215301555949299761e+01
9.901487006738307173e+00
6.770275002573075795e+00
1.530607971465162365e+01
9.965574970333758387e+00
1.058513485680245481e+01
1.583755632390385770e+01
9.373021315815206478e+00
1.344618962205996482e+01
1.134007028277388685e+01
1.156244577056221523e+01
1.607692842495848140e+01
1.046415791390898242e+01
1.161737456321036532e+01
9.772050238058398008e+00
8.136857890256438353e+00
1.418350619798065715e+01
1.058513485680245481e+01
1.488434347843123184e+01
5.863230142835038627e+00
9.574614729634383536e+00
1.801877032173578996e+01
1.386575534383213970e+01
7.225151993843566878e+00
7.225151993843566878e+00
1.492705330360461602e+01
1.372732503515539548e+01
1.145179781116143225e+01
1.547155565579009817e+01
1.492705330360461602e+01
1.377362305878664728e+01
1.117038385124011413e+01
1.466892917224166482e+01
1.344618962205996482e+01
1.703815178355965898e+01
6.482044814428574497e+00
1.046415791390898242e+01
1.320733953636073110e+01
1.117038385124011413e+01
1.178062436274634450e+01
5.970821321441846408e+00
1.431752655671925822e+01
1.819456736586892021e+01
1.145179781116143225e+01
1.422831991532699902e+01
6.579524642479540830e+00
6.955796338302048021e+00
1.372732503515539548e+01
1.246335526484300615e+01
1.344618962205996482e+01
1.688803298257900920e+01
1.509668435477122017e+01
1.526443044094783019e+01
1.391159267660409604e+01
1.094004191971426110e+01
1.009253008808064145e+01
1.381976597885341995e+01
1.372732503515539548e+01
1.021790793990058255e+01
9.166995688475081394e+00
7.653039857325811823e+00
5.970821321441846408e+00
1.058513485680245481e+01
9.097283682934460103e+00
1.286550196516137312e+01
1.475547227809780537e+01
1.518078909665319287e+01
6.863662517577697741e+00
8.136857890256438353e+00
