1.427299292922216978e+01
3.385137501286537898e+00
1.349345229721172146e+01
1.358748446131948917e+01
1.002925341359354938e+01
9.965574970333758387e+00
1.167204486311898926e+01
1.431752655671925822e+01
1.591774699517169012e+01
9.965574970333758387e+00
6.863662517577697741e+00
1.064510777218481152e+01
1.210051848659980855e+01
1.058513485680245481e+01
1.241217083805063837e+01
1.276615297284584649e+01
1.475547227809780537e+01
1.215301555949299761e+01
1.178062436274634450e+01
1.354055000514615159e+01
1.427299292922216978e+01
8.956231982162769611e+00
9.373021315815206478e+00
1.335116235624909109e+01
1.117038385124011413e+01
1.547155565579009817e+01
1.471226436021925466e+01
1.150725478350318376e+01
9.574614729634383536e+00
1.256509862862843541e+01
1.215301555949299761e+01
9.965574970333758387e+00
8.368283871884004910e+00
1.475547227809780537e+01
9.965574970333758387e+00
1.058513485680245481e+01
1.505445578434700415e+01
9.373021315815206478e+00
1.296408962885714899e+01
1.117038385124011413e+01
1.167204486311898926e+01
1.587770228520368221e+01
9.965574970333758387e+00
6.383076486422923246e+00
1.178062436274634450e+01
1.002925341359354938e+01
8.519075891779829490e+00
1.058513485680245481e+01
1.344618962205996482e+01
7.817640190446718762e+00
1.445030398768713376e+01
9.836981518731869656e+00
1.714987856615383066e+01
2.763953195770683990e+00
1.354055000514615159e+01
8.884866446580955923e+00
8.291859587312051971e+00
1.449429283826230197e+01
1.363425735166143049e+01
1.145179781116143225e+01
1.488434347843123184e+01
1.479855404066383784e+01
1.368087033328175828e+01
1.117038385124011413e+01
1.436192209445157708e+01
1.296408962885714899e+01
1.619528777809902209e+01
8.368283871884004910e+00
1.058513485680245481e+01
1.296408962885714899e+01
1.117038385124011413e+01
8.444016491289504600e+00
1.156244577056221523e+01
1.372732503515539548e+01
1.718695942796624365e+01
1.178062436274634450e+01
6.383076486422923246e+00
8.812923024107547576e+00
1.404820733880128181e+01
8.667244841319218907e+00
1.320733953636073110e+01
1.315904928495908166e+01
1.210051848659980855e+01
6.955796338302048021e+00
1.627371578051287671e+01
1.413855043925722121e+01
1.368087033328175828e+01
1.363425735166143049e+01
1.105581278308273596e+01
1.058513485680245481e+01
1.372732503515539548e+01
1.381976597885341995e+01
1.058513485680245481e+01
9.574614729634383536e+00
8.740387444736633427e+00
8.214724333230154940e+00
1.058513485680245481e+01
9.640875829802336483e+00
1.220528683538465842e+01
1.431752655671925822e+01
1.466892917224166482e+01
8.444016491289504600e+00
8.444016491289504600e+00
5.641895835477562571e+00
