6.863662517577697741e+00
1.325545386523797831e+01
1.330339418036568588e+01
1.315904928495908166e+01
1.040314189572019821e+01
9.965574970333758387e+00
1.178062436274634450e+01
8.444016491289504600e+00
1.395727947504383337e+01
1.559451034962034477e+01
9.965574970333758387e+00
1.058513485680245481e+01
1.204779266504070279e+01
1.058513485680245481e+01
1.183454054540639433e+01
1.281592373849173683e+01
1.445030398768713376e+01
1.194164264288369282e+01
1.178062436274634450e+01
1.330339418036568588e+01
1.400281721259029588e+01
9.507891862878782518e+00
4.222008245644752300e+00
9.901487006738307173e+00
1.335116235624909109e+01
1.111324596323282954e+01
1.538904010394216471e+01
1.395727947504383337e+01
1.150725478350318376e+01
9.965574970333758387e+00
1.236077446474206631e+01
1.215301555949299761e+01
9.965574970333758387e+00
9.097283682934460103e+00
1.395727947504383337e+01
9.965574970333758387e+00
1.058513485680245481e+01
1.422831991532699902e+01
9.373021315815206478e+00
1.286550196516137312e+01
1.099807968464679142e+01
1.167204486311898926e+01
1.501210842680413826e+01
9.965574970333758387e+00
6.770275002573075795e+00
7.817640190446718762e+00
1.178062436274634450e+01
9.965574970333758387e+00
7.312732791431452384e+00
8.444016491289504600e+00
1.046415791390898242e+01
1.296408962885714899e+01
8.291859587312051971e+00
1.395727947504383337e+01
9.373021315815206478e+00
1.654528640181426269e+01
7.225151993843566878e+00
5.527906391541367981e+00
1.315904928495908166e+01
9.373021315815206478e+00
9.097283682934460103e+00
1.281592373849173683e+01
1.413855043925722121e+01
1.105581278308273596e+01
1.431752655671925822e+01
1.431752655671925822e+01
1.320733953636073110e+01
1.117038385124011413e+01
1.427299292922216978e+01
5.641895835477562571e+00
1.266602473693425601e+01
6.076507779746498805e+00
9.166995688475081394e+00
1.543035303761632804e+01
1.058513485680245481e+01
1.215301555949299761e+01
1.117038385124011413e+01
8.740387444736633427e+00
1.117038385124011413e+01
1.306193320280393344e+01
1.666031874701878124e+01
1.178062436274634450e+01
7.225151993843566878e+00
9.373021315815206478e+00
5.046265044040320724e+00
1.311058116710494836e+01
9.027033336764100468e+00
1.215301555949299761e+01
6.282549314314217703e+00
1.306193320280393344e+01
1.178062436274634450e+01
8.136857890256438353e+00
1.583755632390385770e+01
1.400281721259029588e+01
1.320733953636073110e+01
1.276615297284584649e+01
1.094004191971426110e+01
1.058513485680245481e+01
1.354055000514615159e+01
1.354055000514615159e+01
1.058513485680245481e+01
9.836981518731869656e+00
9.166995688475081394e+00
8.812923024107547576e+00
1.064510777218481152e+01
9.901487006738307173e+00
1.178062436274634450e+01
1.409345127989185542e+01
1.431752655671925822e+01
9.097283682934460103e+00
7.484820637019110379e+00
8.444016491289504600e+00
