1.595769121605730767e+01
1.418350619798065715e+01
1.395727947504383337e+01
9.166995688475081394e+00
9.901487006738307173e+00
1.134007028277388685e+01
1.479855404066383784e+01
1.654528640181426269e+01
9.706684619910241452e+00
1.070474469691662733e+01
1.215301555949299761e+01
1.028002345391383443e+01
1.276615297284584649e+01
1.271618740744904485e+01
1.530607971465162365e+01
1.246335526484300615e+01
1.210051848659980855e+01
1.335116235624909109e+01
1.488434347843123184e+01
5.753627391751591880e+00
7.046725639945927711e+00
1.315904928495908166e+01
1.611647812414279102e+01
1.236077446474206631e+01
1.543035303761632804e+01
1.167204486311898926e+01
1.311058116710494836e+01
7.978845608028653835e+00
1.220528683538465842e+01
9.772050238058398008e+00
1.543035303761632804e+01
9.901487006738307173e+00
1.046415791390898242e+01
1.607692842495848140e+01
9.373021315815206478e+00
1.377362305878664728e+01
1.236077446474206631e+01
1.150725478350318376e+01
1.615593100600235843e+01
1.046415791390898242e+01
1.161737456321036532e+01
9.373021315815206478e+00
7.484820637019110379e+00
1.462546558286290477e+01
1.128379167095512514e+01
1.488434347843123184e+01
9.507891862878782518e+00
1.829923496393627147e+01
1.431752655671925822e+01
4.222008245644752300e+00
5.292567428401227403e+00
1.571650316319191809e+01
1.404820733880128181e+01
1.156244577056221523e+01
1.603728119216292924e+01
1.518078909665319287e+01
1.381976597885341995e+01
1.117038385124011413e+01
1.492705330360461602e+01
1.349345229721172146e+01
1.801877032173578996e+01
1.040314189572019821e+01
1.368087033328175828e+01
1.117038385124011413e+01
1.178062436274634450e+01
1.479855404066383784e+01
1.867799869518773193e+01
1.134007028277388685e+01
1.440618081907316395e+01
1.427299292922216978e+01
3.742410318509555189e+00
1.256509862862843541e+01
1.363425735166143049e+01
1.579730833933717626e+01
1.744431859350498826e+01
1.559451034962034477e+01
1.418350619798065715e+01
1.058513485680245481e+01
9.965574970333758387e+00
1.381976597885341995e+01
1.381976597885341995e+01
9.901487006738307173e+00
8.812923024107547576e+00
6.383076486422923246e+00
1.088169461344923583e+01
8.593479713983121826e+00
1.281592373849173683e+01
1.522266721510391640e+01
1.563528038089343752e+01
4.370193722368316713e+00
7.484820637019110379e+00
