1.555363345008750464e+01
1.377362305878664728e+01
1.381976597885341995e+01
9.706684619910241452e+00
9.965574970333758387e+00
1.156244577056221523e+01
1.471226436021925466e+01
1.603728119216292924e+01
9.836981518731869656e+00
1.070474469691662733e+01
1.210051848659980855e+01
1.058513485680245481e+01
1.256509862862843541e+01
1.271618740744904485e+01
1.492705330360461602e+01
1.246335526484300615e+01
1.178062436274634450e+01
1.344618962205996482e+01
1.453814859003845150e+01
8.136857890256438353e+00
8.740387444736633427e+00
1.330339418036568588e+01
1.591774699517169012e+01
1.145179781116143225e+01
1.492705330360461602e+01
1.156244577056221523e+01
1.276615297284584649e+01
8.884866446580955923e+00
1.215301555949299761e+01
9.901487006738307173e+00
7.225151993843566878e+00
1.518078909665319287e+01
9.965574970333758387e+00
1.058513485680245481e+01
1.567594437773643001e+01
9.507891862878782518e+00
1.335116235624909109e+01
1.117038385124011413e+01
1.156244577056221523e+01
1.599753570059363028e+01
1.046415791390898242e+01
1.178062436274634450e+01
9.901487006738307173e+00
8.593479713983121826e+00
1.404820733880128181e+01
1.058513485680245481e+01
6.675581178124545545e+00
1.479855404066383784e+01
9.772050238058398008e+00
1.787688803255549530e+01
1.372732503515539548e+01
7.898654169668588132e+00
7.653039857325811823e+00
1.488434347843123184e+01
1.372732503515539548e+01
1.134007028277388685e+01
1.530607971465162365e+01
1.492705330360461602e+01
1.377362305878664728e+01
1.117038385124011413e+01
1.453814859003845150e+01
1.344618962205996482e+01
1.685029431422315938e+01
7.136496464611084889e+00
1.058513485680245481e+01
1.311058116710494836e+01
1.117038385124011413e+01
1.178062436274634450e+01
6.770275002573075795e+00
1.422831991532699902e+01
1.805406667352820094e+01
1.150725478350318376e+01
1.427299292922216978e+01
7.225151993843566878e+00
7.484820637019110379e+00
1.368087033328175828e+01
1.256509862862843541e+01
1.344618962205996482e+01
1.673656774376800982e+01
1.484151074652385738e+01
1.513879513212096128e+01
1.381976597885341995e+01
1.094004191971426110e+01
1.009253008808064145e+01
1.381976597885341995e+01
1.372732503515539548e+01
1.034176589165282145e+01
9.373021315815206478e+00
8.058239062071395509e+00
6.675581178124545545e+00
1.058513485680245481e+01
9.236181543108379799e+00
1.281592373849173683e+01
1.453814859003845150e+01
1.501210842680413826e+01
7.399277020331918919e+00
8.136857890256438353e+00
