8.136857890256438353e+00
1.296408962885714899e+01
1.320733953636073110e+01
1.046415791390898242e+01
1.286550196516137312e+01
9.965574970333758387e+00
1.178062436274634450e+01
9.097283682934460103e+00
1.368087033328175828e+01
1.449429283826230197e+01
9.507891862878782518e+00
1.058513485680245481e+01
1.210051848659980855e+01
1.058513485680245481e+01
1.178062436274634450e+01
1.236077446474206631e+01
6.383076486422923246e+00
1.422831991532699902e+01
1.204779266504070279e+01
1.178062436274634450e+01
1.296408962885714899e+01
1.372732503515539548e+01
9.236181543108379799e+00
7.312732791431452384e+00
9.965574970333758387e+00
1.339876023397903637e+01
1.094004191971426110e+01
1.505445578434700415e+01
1.099807968464679142e+01
1.320733953636073110e+01
9.965574970333758387e+00
1.178062436274634450e+01
1.215301555949299761e+01
9.965574970333758387e+00
9.236181543108379799e+00
1.363425735166143049e+01
4.222008245644752300e+00
9.373021315815206478e+00
5.046265044040320724e+00
1.058513485680245481e+01
9.373021315815206478e+00
1.306193320280393344e+01
1.261566261010080048e+01
1.058513485680245481e+01
1.167204486311898926e+01
1.436192209445157708e+01
9.965574970333758387e+00
6.675581178124545545e+00
8.136857890256438353e+00
8.136857890256438353e+00
1.178062436274634450e+01
9.965574970333758387e+00
8.593479713983121826e+00
8.740387444736633427e+00
1.261566261010080048e+01
8.593479713983121826e+00
9.965574970333758387e+00
1.344618962205996482e+01
9.507891862878782518e+00
1.607692842495848140e+01
8.136857890256438353e+00
7.484820637019110379e+00
1.296408962885714899e+01
9.373021315815206478e+00
9.373021315815206478e+00
1.395727947504383337e+01
1.225733520300188317e+01
1.076405121554611632e+01
1.291488987023529766e+01
1.368087033328175828e+01
6.282549314314217703e+00
6.076507779746498805e+00
1.225733520300188317e+01
1.105581278308273596e+01
1.409345127989185542e+01
7.569397566060480642e+00
1.236077446474206631e+01
7.312732791431452384e+00
9.373021315815206478e+00
1.058513485680245481e+01
1.453814859003845150e+01
4.222008245644752300e+00
1.178062436274634450e+01
1.105581278308273596e+01
8.740387444736633427e+00
1.117038385124011413e+01
1.204779266504070279e+01
1.579730833933717626e+01
1.128379167095512514e+01
8.058239062071395509e+00
7.484820637019110379e+00
9.836981518731869656e+00
1.236077446474206631e+01
9.304852983362556174e+00
6.955796338302048021e+00
1.178062436274634450e+01
5.170882945826410726e+00
7.978845608028653835e+00
1.117038385124011413e+01
1.183454054540639433e+01
8.136857890256438353e+00
1.496964127403822076e+01
1.381976597885341995e+01
6.383076486422923246e+00
1.246335526484300615e+01
1.046415791390898242e+01
1.058513485680245481e+01
1.178062436274634450e+01
1.315904928495908166e+01
1.320733953636073110e+01
1.058513485680245481e+01
9.965574970333758387e+00
6.282549314314217703e+00
9.373021315815206478e+00
8.740387444736633427e+00
1.028002345391383443e+01
9.836981518731869656e+00
1.178062436274634450e+01
1.358748446131948917e+01
6.675581178124545545e+00
1.395727947504383337e+01
9.373021315815206478e+00
8.593479713983121826e+00
8.740387444736633427e+00
