1.563528038089343752e+01
1.377362305878664728e+01
1.386575534383213970e+01
9.706684619910241452e+00
9.965574970333758387e+00
1.156244577056221523e+01
1.471226436021925466e+01
1.603728119216292924e+01
9.836981518731869656e+00
1.070474469691662733e+01
1.210051848659980855e+01
1.058513485680245481e+01
1.256509862862843541e+01
1.276615297284584649e+01
1.492705330360461602e+01
1.251433034574463399e+01
1.178062436274634450e+01
1.344618962205996482e+01
1.453814859003845150e+01
7.978845608028653835e+00
8.740387444736633427e+00
1.330339418036568588e+01
1.587770228520368221e+01
1.150725478350318376e+01
1.492705330360461602e+01
1.156244577056221523e+01
1.276615297284584649e+01
8.812923024107547576e+00
1.215301555949299761e+01
9.901487006738307173e+00
7.136496464611084889e+00
1.518078909665319287e+01
9.965574970333758387e+00
1.058513485680245481e+01
1.575695754970980111e+01
9.507891862878782518e+00
1.335116235624909109e+01
1.117038385124011413e+01
1.156244577056221523e+01
1.603728119216292924e+01
1.046415791390898242e+01
1.172646028567007725e+01
9.901487006738307173e+00
8.368283871884004910e+00
1.413855043925722121e+01
1.058513485680245481e+01
1.479855404066383784e+01
6.482044814428574497e+00
9.772050238058398008e+00
1.787688803255549530e+01
1.381976597885341995e+01
7.653039857325811823e+00
7.569397566060480642e+00
1.488434347843123184e+01
1.372732503515539548e+01
1.134007028277388685e+01
1.538904010394216471e+01
1.492705330360461602e+01
1.377362305878664728e+01
1.117038385124011413e+01
1.453814859003845150e+01
1.344618962205996482e+01
1.685029431422315938e+01
6.955796338302048021e+00
1.052482020710848865e+01
1.315904928495908166e+01
1.117038385124011413e+01
1.178062436274634450e+01
6.579524642479540830e+00
1.427299292922216978e+01
1.812445316531431061e+01
1.150725478350318376e+01
1.422831991532699902e+01
7.225151993843566878e+00
7.312732791431452384e+00
1.368087033328175828e+01
1.256509862862843541e+01
1.344618962205996482e+01
1.673656774376800982e+01
1.488434347843123184e+01
1.513879513212096128e+01
1.381976597885341995e+01
1.094004191971426110e+01
1.009253008808064145e+01
1.381976597885341995e+01
1.372732503515539548e+01
1.034176589165282145e+01
9.236181543108379799e+00
7.978845608028653835e+00
6.579524642479540830e+00
1.058513485680245481e+01
9.236181543108379799e+00
1.286550196516137312e+01
1.462546558286290477e+01
1.501210842680413826e+01
7.225151993843566878e+00
8.136857890256438353e+00
