6.675581178124545545e+00
1.354055000514615159e+01
1.335116235624909109e+01
1.330339418036568588e+01
1.028002345391383443e+01
9.965574970333758387e+00
1.178062436274634450e+01
7.978845608028653835e+00
1.413855043925722121e+01
1.567594437773643001e+01
9.965574970333758387e+00
1.058513485680245481e+01
1.204779266504070279e+01
1.058513485680245481e+01
1.236077446474206631e+01
1.281592373849173683e+01
1.449429283826230197e+01
1.204779266504070279e+01
1.178062436274634450e+01
1.354055000514615159e+01
1.422831991532699902e+01
9.373021315815206478e+00
9.901487006738307173e+00
1.335116235624909109e+01
1.111324596323282954e+01
1.543035303761632804e+01
1.440618081907316395e+01
1.134007028277388685e+01
9.965574970333758387e+00
1.246335526484300615e+01
1.215301555949299761e+01
9.965574970333758387e+00
8.884866446580955923e+00
1.422831991532699902e+01
9.965574970333758387e+00
1.058513485680245481e+01
1.466892917224166482e+01
9.373021315815206478e+00
1.296408962885714899e+01
1.117038385124011413e+01
1.167204486311898926e+01
1.534761596392107741e+01
9.965574970333758387e+00
5.641895835477562571e+00
7.399277020331918919e+00
1.178062436274634450e+01
9.965574970333758387e+00
6.482044814428574497e+00
8.593479713983121826e+00
1.058513485680245481e+01
1.296408962885714899e+01
8.136857890256438353e+00
1.404820733880128181e+01
9.507891862878782518e+00
1.677456227108388731e+01
6.383076486422923246e+00
1.325545386523797831e+01
9.373021315815206478e+00
1.595769121605730811e+00
9.027033336764100468e+00
1.436192209445157708e+01
1.320733953636073110e+01
1.128379167095512514e+01
1.453814859003845150e+01
1.466892917224166482e+01
1.325545386523797831e+01
1.117038385124011413e+01
1.427299292922216978e+01
2.763953195770683990e+00
1.276615297284584649e+01
9.097283682934460103e+00
4.222008245644752300e+00
1.567594437773643001e+01
1.058513485680245481e+01
1.256509862862843541e+01
1.117038385124011413e+01
8.884866446580955923e+00
1.117038385124011413e+01
1.335116235624909109e+01
1.688803298257900920e+01
1.178062436274634450e+01
6.863662517577697741e+00
9.373021315815206478e+00
1.368087033328175828e+01
8.740387444736633427e+00
1.236077446474206631e+01
1.306193320280393344e+01
5.046265044040320724e+00
1.183454054540639433e+01
8.136857890256438353e+00
1.591774699517169012e+01
1.413855043925722121e+01
1.335116235624909109e+01
1.296408962885714899e+01
1.094004191971426110e+01
1.058513485680245481e+01
1.363425735166143049e+01
1.368087033328175828e+01
1.058513485680245481e+01
9.836981518731869656e+00
9.097283682934460103e+00
8.740387444736633427e+00
1.064510777218481152e+01
9.965574970333758387e+00
1.178062436274634450e+01
1.418350619798065715e+01
1.436192209445157708e+01
8.884866446580955923e+00
8.136857890256438353e+00
7.225151993843566878e+00
