1.404820733880128181e+01
5.170882945826410726e+00
1.335116235624909109e+01
1.344618962205996482e+01
1.002925341359354938e+01
9.965574970333758387e+00
1.178062436274634450e+01
1.422831991532699902e+01
1.583755632390385770e+01
9.965574970333758387e+00
7.225151993843566878e+00
1.058513485680245481e+01
1.204779266504070279e+01
1.058513485680245481e+01
1.230916348999737586e+01
1.276615297284584649e+01
1.471226436021925466e+01
1.215301555949299761e+01
1.178062436274634450e+01
1.354055000514615159e+01
1.427299292922216978e+01
9.236181543108379799e+00
9.706684619910241452e+00
1.335116235624909109e+01
1.117038385124011413e+01
1.543035303761632804e+01
1.466892917224166482e+01
1.139607097042601680e+01
9.640875829802336483e+00
1.251433034574463399e+01
1.215301555949299761e+01
9.965574970333758387e+00
8.667244841319218907e+00
1.453814859003845150e+01
9.965574970333758387e+00
1.058513485680245481e+01
1.488434347843123184e+01
9.373021315815206478e+00
1.296408962885714899e+01
1.117038385124011413e+01
1.167204486311898926e+01
1.559451034962034477e+01
9.965574970333758387e+00
6.863662517577697741e+00
1.178062436274634450e+01
1.009253008808064145e+01
4.652426491681278087e+00
8.368283871884004910e+00
1.058513485680245481e+01
1.325545386523797831e+01
8.136857890256438353e+00
1.449429283826230197e+01
9.507891862878782518e+00
1.700074635581867355e+01
5.046265044040320724e+00
1.335116235624909109e+01
9.166995688475081394e+00
8.444016491289504600e+00
1.445030398768713376e+01
1.358748446131948917e+01
1.145179781116143225e+01
1.484151074652385738e+01
1.479855404066383784e+01
1.354055000514615159e+01
1.117038385124011413e+01
1.427299292922216978e+01
1.296408962885714899e+01
8.667244841319218907e+00
1.607692842495848140e+01
1.058513485680245481e+01
1.296408962885714899e+01
1.117038385124011413e+01
8.812923024107547576e+00
1.150725478350318376e+01
1.363425735166143049e+01
1.711271735549580697e+01
1.178062436274634450e+01
6.579524642479540830e+00
9.027033336764100468e+00
1.404820733880128181e+01
8.740387444736633427e+00
1.291488987023529766e+01
1.311058116710494836e+01
1.210051848659980855e+01
7.653039857325811823e+00
1.611647812414279102e+01
1.413855043925722121e+01
1.344618962205996482e+01
1.349345229721172146e+01
1.105581278308273596e+01
1.058513485680245481e+01
1.368087033328175828e+01
1.368087033328175828e+01
1.058513485680245481e+01
9.772050238058398008e+00
8.740387444736633427e+00
8.593479713983121826e+00
1.058513485680245481e+01
9.836981518731869656e+00
1.210051848659980855e+01
1.427299292922216978e+01
1.449429283826230197e+01
8.667244841319218907e+00
8.444016491289504600e+00
6.383076486422923246e+00
