7.225151993843566878e+00
1.306193320280393344e+01
1.335116235624909109e+01
1.306193320280393344e+01
1.046415791390898242e+01
9.965574970333758387e+00
1.178062436274634450e+01
8.444016491289504600e+00
1.386575534383213970e+01
1.543035303761632804e+01
9.836981518731869656e+00
1.058513485680245481e+01
1.204779266504070279e+01
1.058513485680245481e+01
1.178062436274634450e+01
1.276615297284584649e+01
1.440618081907316395e+01
1.194164264288369282e+01
1.178062436274634450e+01
1.325545386523797831e+01
1.400281721259029588e+01
9.440697438826296306e+00
5.411516379806009525e+00
9.901487006738307173e+00
1.335116235624909109e+01
1.111324596323282954e+01
1.538904010394216471e+01
1.368087033328175828e+01
1.150725478350318376e+01
9.965574970333758387e+00
1.225733520300188317e+01
1.215301555949299761e+01
9.965574970333758387e+00
9.097283682934460103e+00
1.381976597885341995e+01
9.706684619910241452e+00
1.058513485680245481e+01
1.413855043925722121e+01
9.373021315815206478e+00
1.286550196516137312e+01
1.082303275961201905e+01
1.167204486311898926e+01
1.479855404066383784e+01
9.965574970333758387e+00
3.908820095223359381e+00
6.955796338302048021e+00
7.898654169668588132e+00
1.178062436274634450e+01
9.965574970333758387e+00
7.399277020331918919e+00
8.593479713983121826e+00
1.028002345391383443e+01
1.291488987023529766e+01
8.291859587312051971e+00
1.381976597885341995e+01
9.373021315815206478e+00
1.646815177937675045e+01
7.225151993843566878e+00
5.753627391751591880e+00
1.296408962885714899e+01
9.373021315815206478e+00
9.166995688475081394e+00
1.276615297284584649e+01
1.413855043925722121e+01
1.099807968464679142e+01
1.413855043925722121e+01
1.431752655671925822e+01
1.320733953636073110e+01
1.117038385124011413e+01
1.422831991532699902e+01
5.753627391751591880e+00
1.256509862862843541e+01
6.482044814428574497e+00
9.236181543108379799e+00
1.538904010394216471e+01
1.058513485680245481e+01
1.199483507827737583e+01
1.117038385124011413e+01
8.740387444736633427e+00
1.117038385124011413e+01
1.291488987023529766e+01
1.654528640181426269e+01
1.178062436274634450e+01
7.312732791431452384e+00
9.373021315815206478e+00
6.282549314314217703e+00
1.301310337505149661e+01
9.027033336764100468e+00
1.204779266504070279e+01
6.770275002573075795e+00
1.301310337505149661e+01
1.167204486311898926e+01
8.136857890256438353e+00
1.571650316319191809e+01
1.395727947504383337e+01
1.311058116710494836e+01
1.246335526484300615e+01
1.088169461344923583e+01
1.058513485680245481e+01
1.339876023397903637e+01
1.344618962205996482e+01
1.064510777218481152e+01
9.901487006738307173e+00
9.304852983362556174e+00
8.956231982162769611e+00
1.046415791390898242e+01
9.901487006738307173e+00
1.178062436274634450e+01
1.395727947504383337e+01
3.908820095223359381e+00
1.427299292922216978e+01
9.097283682934460103e+00
7.735777827895049086e+00
8.519075891779829490e+00
