8.058239062071395509e+00
1.296408962885714899e+01
1.320733953636073110e+01
1.046415791390898242e+01
1.286550196516137312e+01
9.965574970333758387e+00
1.178062436274634450e+01
9.097283682934460103e+00
1.372732503515539548e+01
1.462546558286290477e+01
9.507891862878782518e+00
1.058513485680245481e+01
1.210051848659980855e+01
1.058513485680245481e+01
1.178062436274634450e+01
1.236077446474206631e+01
6.282549314314217703e+00
1.427299292922216978e+01
1.199483507827737583e+01
1.178062436274634450e+01
1.296408962885714899e+01
1.368087033328175828e+01
9.236181543108379799e+00
7.136496464611084889e+00
9.965574970333758387e+00
1.344618962205996482e+01
1.094004191971426110e+01
1.505445578434700415e+01
1.105581278308273596e+01
1.325545386523797831e+01
1.009253008808064145e+01
1.178062436274634450e+01
1.225733520300188317e+01
9.965574970333758387e+00
9.236181543108379799e+00
1.354055000514615159e+01
3.568248232305542444e+00
9.373021315815206478e+00
5.046265044040320724e+00
1.058513485680245481e+01
9.373021315815206478e+00
1.315904928495908166e+01
1.266602473693425601e+01
1.058513485680245481e+01
1.167204486311898926e+01
1.440618081907316395e+01
9.965574970333758387e+00
6.482044814428574497e+00
7.978845608028653835e+00
8.136857890256438353e+00
1.178062436274634450e+01
9.965574970333758387e+00
8.444016491289504600e+00
8.740387444736633427e+00
1.266602473693425601e+01
8.593479713983121826e+00
9.965574970333758387e+00
1.344618962205996482e+01
9.507891862878782518e+00
1.607692842495848140e+01
8.136857890256438353e+00
7.484820637019110379e+00
1.296408962885714899e+01
9.373021315815206478e+00
9.373021315815206478e+00
1.395727947504383337e+01
1.230916348999737586e+01
1.076405121554611632e+01
1.296408962885714899e+01
1.368087033328175828e+01
6.180387232371033157e+00
5.753627391751591880e+00
1.225733520300188317e+01
1.105581278308273596e+01
1.413855043925722121e+01
7.399277020331918919e+00
1.236077446474206631e+01
7.225151993843566878e+00
9.373021315815206478e+00
1.058513485680245481e+01
1.458187244392064308e+01
2.985410660720923204e+00
1.178062436274634450e+01
1.111324596323282954e+01
8.740387444736633427e+00
1.117038385124011413e+01
1.215301555949299761e+01
1.583755632390385770e+01
1.128379167095512514e+01
7.978845608028653835e+00
7.484820637019110379e+00
9.836981518731869656e+00
1.246335526484300615e+01
9.304852983362556174e+00
6.675581178124545545e+00
1.178062436274634450e+01
4.787307364817191768e+00
7.735777827895049086e+00
1.117038385124011413e+01
1.194164264288369282e+01
8.136857890256438353e+00
1.505445578434700415e+01
1.381976597885341995e+01
6.076507779746498805e+00
1.251433034574463399e+01
1.046415791390898242e+01
1.058513485680245481e+01
1.178062436274634450e+01
1.320733953636073110e+01
1.325545386523797831e+01
1.058513485680245481e+01
9.965574970333758387e+00
5.753627391751591880e+00
9.373021315815206478e+00
8.740387444736633427e+00
1.028002345391383443e+01
9.836981518731869656e+00
1.178062436274634450e+01
1.368087033328175828e+01
6.282549314314217703e+00
1.409345127989185542e+01
9.373021315815206478e+00
8.593479713983121826e+00
8.740387444736633427e+00
