6.863662517577697741e+00
1.349345229721172146e+01
1.335116235624909109e+01
1.330339418036568588e+01
1.028002345391383443e+01
9.965574970333758387e+00
1.178062436274634450e+01
7.978845608028653835e+00
1.404820733880128181e+01
1.563528038089343752e+01
9.965574970333758387e+00
1.058513485680245481e+01
1.204779266504070279e+01
1.058513485680245481e+01
1.225733520300188317e+01
1.281592373849173683e+01
1.445030398768713376e+01
1.199483507827737583e+01
1.178062436274634450e+01
1.344618962205996482e+01
1.413855043925722121e+01
9.373021315815206478e+00
9.901487006738307173e+00
1.335116235624909109e+01
1.111324596323282954e+01
1.538904010394216471e+01
1.431752655671925822e+01
1.134007028277388685e+01
9.965574970333758387e+00
1.246335526484300615e+01
1.215301555949299761e+01
9.965574970333758387e+00
9.027033336764100468e+00
1.422831991532699902e+01
9.965574970333758387e+00
1.058513485680245481e+01
1.458187244392064308e+01
9.373021315815206478e+00
1.296408962885714899e+01
1.117038385124011413e+01
1.167204486311898926e+01
1.526443044094783019e+01
9.965574970333758387e+00
5.753627391751591880e+00
7.399277020331918919e+00
1.178062436274634450e+01
9.965574970333758387e+00
6.863662517577697741e+00
8.444016491289504600e+00
1.058513485680245481e+01
1.296408962885714899e+01
8.136857890256438353e+00
1.404820733880128181e+01
9.440697438826296306e+00
1.673656774376800982e+01
6.579524642479540830e+00
3.742410318509555189e+00
1.325545386523797831e+01
9.373021315815206478e+00
9.027033336764100468e+00
1.427299292922216978e+01
1.311058116710494836e+01
1.122723095552866468e+01
1.436192209445157708e+01
1.462546558286290477e+01
1.325545386523797831e+01
1.117038385124011413e+01
1.427299292922216978e+01
3.908820095223359381e+00
1.276615297284584649e+01
4.787307364817191768e+00
9.097283682934460103e+00
1.551264883747923129e+01
1.058513485680245481e+01
1.241217083805063837e+01
1.117038385124011413e+01
8.884866446580955923e+00
1.117038385124011413e+01
1.325545386523797831e+01
1.681247093473193388e+01
1.178062436274634450e+01
6.863662517577697741e+00
9.373021315815206478e+00
1.344618962205996482e+01
3.191538243211461623e+00
8.740387444736633427e+00
1.236077446474206631e+01
1.306193320280393344e+01
5.527906391541367981e+00
1.178062436274634450e+01
8.136857890256438353e+00
1.591774699517169012e+01
1.409345127989185542e+01
1.335116235624909109e+01
1.296408962885714899e+01
1.094004191971426110e+01
1.058513485680245481e+01
1.363425735166143049e+01
1.368087033328175828e+01
1.058513485680245481e+01
9.836981518731869656e+00
9.097283682934460103e+00
8.740387444736633427e+00
1.070474469691662733e+01
9.901487006738307173e+00
1.178062436274634450e+01
1.413855043925722121e+01
1.431752655671925822e+01
9.027033336764100468e+00
8.214724333230154940e+00
7.225151993843566878e+00
