1.449429283826230197e+01
1.368087033328175828e+01
1.372732503515539548e+01
9.965574970333758387e+00
9.965574970333758387e+00
1.156244577056221523e+01
1.445030398768713376e+01
1.599753570059363028e+01
9.965574970333758387e+00
5.641895835477562571e+00
1.094004191971426110e+01
1.210051848659980855e+01
1.058513485680245481e+01
1.246335526484300615e+01
1.276615297284584649e+01
1.488434347843123184e+01
1.225733520300188317e+01
1.178062436274634450e+01
1.354055000514615159e+01
1.436192209445157708e+01
8.740387444736633427e+00
9.097283682934460103e+00
1.335116235624909109e+01
1.559451034962034477e+01
1.117038385124011413e+01
1.488434347843123184e+01
1.156244577056221523e+01
9.166995688475081394e+00
1.256509862862843541e+01
1.215301555949299761e+01
9.965574970333758387e+00
7.978845608028653835e+00
1.496964127403822076e+01
9.965574970333758387e+00
1.058513485680245481e+01
1.551264883747923129e+01
9.507891862878782518e+00
1.296408962885714899e+01
1.117038385124011413e+01
1.156244577056221523e+01
1.595769121605730767e+01
1.002925341359354938e+01
5.170882945826410726e+00
1.178062436274634450e+01
9.965574970333758387e+00
8.740387444736633427e+00
1.058513485680245481e+01
1.368087033328175828e+01
7.399277020331918919e+00
1.471226436021925466e+01
9.901487006738307173e+00
1.748077488947326685e+01
1.354055000514615159e+01
8.444016491289504600e+00
8.136857890256438353e+00
1.471226436021925466e+01
1.381976597885341995e+01
1.134007028277388685e+01
1.513879513212096128e+01
1.488434347843123184e+01
1.386575534383213970e+01
1.117038385124011413e+01
1.440618081907316395e+01
1.315904928495908166e+01
1.642944866646030988e+01
8.058239062071395509e+00
1.058513485680245481e+01
1.296408962885714899e+01
1.117038385124011413e+01
7.978845608028653835e+00
1.167204486311898926e+01
1.391159267660409604e+01
1.722396045987370883e+01
1.167204486311898926e+01
4.370193722368316713e+00
1.422831991532699902e+01
8.136857890256438353e+00
8.291859587312051971e+00
1.339876023397903637e+01
1.230916348999737586e+01
1.339876023397903637e+01
5.411516379806009525e+00
1.646815177937675045e+01
1.462546558286290477e+01
1.431752655671925822e+01
1.363425735166143049e+01
1.099807968464679142e+01
1.028002345391383443e+01
1.372732503515539548e+01
1.377362305878664728e+01
1.058513485680245481e+01
9.373021315815206478e+00
8.444016491289504600e+00
7.569397566060480642e+00
1.058513485680245481e+01
9.440697438826296306e+00
1.271618740744904485e+01
1.445030398768713376e+01
1.488434347843123184e+01
7.978845608028653835e+00
8.593479713983121826e+00
