6.863662517577697741e+00
1.339876023397903637e+01
1.335116235624909109e+01
1.325545386523797831e+01
1.028002345391383443e+01
9.965574970333758387e+00
1.178062436274634450e+01
8.214724333230154940e+00
1.404820733880128181e+01
1.563528038089343752e+01
9.965574970333758387e+00
1.058513485680245481e+01
1.204779266504070279e+01
1.058513485680245481e+01
1.210051848659980855e+01
1.281592373849173683e+01
1.445030398768713376e+01
1.194164264288369282e+01
1.178062436274634450e+01
1.335116235624909109e+01
1.409345127989185542e+01
9.373021315815206478e+00
9.901487006738307173e+00
1.335116235624909109e+01
1.111324596323282954e+01
1.538904010394216471e+01
1.427299292922216978e+01
1.134007028277388685e+01
9.965574970333758387e+00
1.236077446474206631e+01
1.215301555949299761e+01
9.965574970333758387e+00
9.027033336764100468e+00
1.409345127989185542e+01
9.965574970333758387e+00
1.058513485680245481e+01
1.436192209445157708e+01
9.373021315815206478e+00
1.296408962885714899e+01
1.117038385124011413e+01
1.167204486311898926e+01
1.501210842680413826e+01
9.965574970333758387e+00
5.970821321441846408e+00
7.399277020331918919e+00
1.178062436274634450e+01
9.965574970333758387e+00
6.863662517577697741e+00
8.444016491289504600e+00
1.058513485680245481e+01
1.296408962885714899e+01
8.291859587312051971e+00
1.404820733880128181e+01
9.373021315815206478e+00
1.666031874701878124e+01
6.675581178124545545e+00
4.513516668382050234e+00
1.320733953636073110e+01
9.373021315815206478e+00
9.027033336764100468e+00
1.427299292922216978e+01
1.301310337505149661e+01
1.105581278308273596e+01
1.431752655671925822e+01
1.462546558286290477e+01
1.325545386523797831e+01
1.117038385124011413e+01
1.427299292922216978e+01
4.513516668382050234e+00
1.271618740744904485e+01
5.292567428401227403e+00
9.097283682934460103e+00
1.547155565579009817e+01
1.058513485680245481e+01
1.225733520300188317e+01
1.117038385124011413e+01
8.812923024107547576e+00
1.117038385124011413e+01
1.320733953636073110e+01
1.681247093473193388e+01
1.178062436274634450e+01
7.136496464611084889e+00
9.373021315815206478e+00
1.325545386523797831e+01
4.222008245644752300e+00
8.740387444736633427e+00
1.236077446474206631e+01
5.970821321441846408e+00
1.306193320280393344e+01
1.178062436274634450e+01
8.136857890256438353e+00
1.587770228520368221e+01
1.409345127989185542e+01
1.325545386523797831e+01
1.296408962885714899e+01
1.094004191971426110e+01
1.058513485680245481e+01
1.363425735166143049e+01
1.358748446131948917e+01
1.058513485680245481e+01
9.836981518731869656e+00
9.097283682934460103e+00
8.740387444736633427e+00
1.070474469691662733e+01
9.901487006738307173e+00
1.178062436274634450e+01
1.409345127989185542e+01
1.431752655671925822e+01
9.027033336764100468e+00
7.484820637019110379e+00
8.291859587312051971e+00
