7.225151993843566878e+00
1.296408962885714899e+01
1.330339418036568588e+01
1.046415791390898242e+01
1.296408962885714899e+01
1.002925341359354938e+01
1.178062436274634450e+01
8.667244841319218907e+00
1.386575534383213970e+01
1.530607971465162365e+01
9.836981518731869656e+00
1.058513485680245481e+01
1.204779266504070279e+01
1.058513485680245481e+01
1.178062436274634450e+01
1.276615297284584649e+01
1.440618081907316395e+01
1.194164264288369282e+01
1.178062436274634450e+01
1.325545386523797831e+01
1.400281721259029588e+01
9.440697438826296306e+00
5.753627391751591880e+00
9.901487006738307173e+00
1.335116235624909109e+01
1.117038385124011413e+01
1.538904010394216471e+01
1.150725478350318376e+01
1.354055000514615159e+01
9.965574970333758387e+00
1.225733520300188317e+01
1.215301555949299761e+01
9.965574970333758387e+00
9.166995688475081394e+00
1.377362305878664728e+01
9.574614729634383536e+00
1.058513485680245481e+01
1.409345127989185542e+01
9.373021315815206478e+00
1.281592373849173683e+01
1.070474469691662733e+01
1.167204486311898926e+01
1.475547227809780537e+01
9.965574970333758387e+00
4.513516668382050234e+00
6.955796338302048021e+00
8.058239062071395509e+00
1.178062436274634450e+01
9.965574970333758387e+00
7.653039857325811823e+00
8.593479713983121826e+00
1.015541250385961369e+01
1.286550196516137312e+01
8.214724333230154940e+00
1.381976597885341995e+01
9.373021315815206478e+00
1.639065416446577927e+01
7.399277020331918919e+00
5.970821321441846408e+00
1.296408962885714899e+01
9.373021315815206478e+00
9.166995688475081394e+00
1.271618740744904485e+01
1.413855043925722121e+01
1.099807968464679142e+01
1.409345127989185542e+01
1.431752655671925822e+01
1.315904928495908166e+01
1.117038385124011413e+01
1.422831991532699902e+01
6.383076486422923246e+00
1.256509862862843541e+01
6.579524642479540830e+00
9.236181543108379799e+00
1.534761596392107741e+01
1.058513485680245481e+01
1.188821220645068522e+01
1.117038385124011413e+01
8.740387444736633427e+00
1.117038385124011413e+01
1.271618740744904485e+01
1.642944866646030988e+01
1.178062436274634450e+01
7.484820637019110379e+00
9.373021315815206478e+00
6.383076486422923246e+00
1.296408962885714899e+01
9.027033336764100468e+00
3.191538243211461623e+00
1.194164264288369282e+01
6.955796338302048021e+00
1.271618740744904485e+01
1.167204486311898926e+01
8.136857890256438353e+00
1.571650316319191809e+01
1.395727947504383337e+01
2.763953195770683990e+00
1.311058116710494836e+01
1.225733520300188317e+01
1.076405121554611632e+01
1.058513485680245481e+01
1.339876023397903637e+01
1.344618962205996482e+01
1.058513485680245481e+01
9.901487006738307173e+00
9.373021315815206478e+00
8.812923024107547576e+00
1.595769121605730811e+00
1.040314189572019821e+01
9.836981518731869656e+00
1.178062436274634450e+01
1.391159267660409604e+01
4.222008245644752300e+00
1.427299292922216978e+01
9.166995688475081394e+00
7.817640190446718762e+00
8.593479713983121826e+00
