2.256758334191025117e+00
9.965574970333758387e+00
6.863662517577697741e+00
8.444016491289504600e+00
1.261566261010080048e+01
1.220528683538465842e+01
1.215301555949299761e+01
6.863662517577697741e+00
9.574614729634383536e+00
9.836981518731869656e+00
1.094004191971426110e+01
8.884866446580955923e+00
1.291488987023529766e+01
1.286550196516137312e+01
9.373021315815206478e+00
1.058513485680245481e+01
1.134007028277388685e+01
1.028002345391383443e+01
3.568248232305542444e+00
3.568248232305542444e+00
1.156244577056221523e+01
8.291859587312051971e+00
1.204779266504070279e+01
6.863662517577697741e+00
1.339876023397903637e+01
1.058513485680245481e+01
1.150725478350318376e+01
1.276615297284584649e+01
4.787307364817191768e+00
1.256509862862843541e+01
9.373021315815206478e+00
8.812923024107547576e+00
9.965574970333758387e+00
1.301310337505149661e+01
1.009253008808064145e+01
1.368087033328175828e+01
1.058513485680245481e+01
9.965574970333758387e+00
1.256509862862843541e+01
1.117038385124011413e+01
1.134007028277388685e+01
6.863662517577697741e+00
9.965574970333758387e+00
8.884866446580955923e+00
1.225733520300188317e+01
8.136857890256438353e+00
6.863662517577697741e+00
7.312732791431452384e+00
9.373021315815206478e+00
5.170882945826410726e+00
1.058513485680245481e+01
9.373021315815206478e+00
1.194164264288369282e+01
1.134007028277388685e+01
9.965574970333758387e+00
6.579524642479540830e+00
1.236077446474206631e+01
9.965574970333758387e+00
9.507891862878782518e+00
8.136857890256438353e+00
8.136857890256438353e+00
6.675581178124545545e+00
8.740387444736633427e+00
9.965574970333758387e+00
8.812923024107547576e+00
3.191538243211461623e+00
9.901487006738307173e+00
8.740387444736633427e+00
7.046725639945927711e+00
6.076507779746498805e+00
1.111324596323282954e+01
8.884866446580955923e+00
9.836981518731869656e+00
1.172646028567007725e+01
9.640875829802336483e+00
5.292567428401227403e+00
8.740387444736633427e+00
1.286550196516137312e+01
7.569397566060480642e+00
1.261566261010080048e+01
6.955796338302048021e+00
9.304852983362556174e+00
9.373021315815206478e+00
4.787307364817191768e+00
1.111324596323282954e+01
9.373021315815206478e+00
1.204779266504070279e+01
1.117038385124011413e+01
7.978845608028653835e+00
1.204779266504070279e+01
5.170882945826410726e+00
8.136857890256438353e+00
6.180387232371033157e+00
1.070474469691662733e+01
7.225151993843566878e+00
9.373021315815206478e+00
6.383076486422923246e+00
6.076507779746498805e+00
8.593479713983121826e+00
1.230916348999737586e+01
9.440697438826296306e+00
5.970821321441846408e+00
1.082303275961201905e+01
7.735777827895049086e+00
8.667244841319218907e+00
9.965574970333758387e+00
6.579524642479540830e+00
6.770275002573075795e+00
1.344618962205996482e+01
1.076405121554611632e+01
8.740387444736633427e+00
1.034176589165282145e+01
9.507891862878782518e+00
6.863662517577697741e+00
1.427299292922216978e+01
1.040314189572019821e+01
5.970821321441846408e+00
1.040314189572019821e+01
7.136496464611084889e+00
5.046265044040320724e+00
7.735777827895049086e+00
8.291859587312051971e+00
9.836981518731869656e+00
1.178062436274634450e+01
9.027033336764100468e+00
7.735777827895049086e+00
1.145179781116143225e+01
8.136857890256438353e+00
8.740387444736633427e+00
1.058513485680245481e+01
6.955796338302048021e+00
8.136857890256438353e+00
1.058513485680245481e+01
1.271618740744904485e+01
8.136857890256438353e+00
1.251433034574463399e+01
1.117038385124011413e+01
1.034176589165282145e+01
1.058513485680245481e+01
1.117038385124011413e+01
1.178062436274634450e+01
6.482044814428574497e+00
1.236077446474206631e+01
6.863662517577697741e+00
1.058513485680245481e+01
9.373021315815206478e+00
8.136857890256438353e+00
8.740387444736633427e+00
9.027033336764100468e+00
9.965574970333758387e+00
8.740387444736633427e+00
1.178062436274634450e+01
1.236077446474206631e+01
7.569397566060480642e+00
7.484820637019110379e+00
4.513516668382050234e+00
1.161737456321036532e+01
8.884866446580955923e+00
7.484820637019110379e+00
8.368283871884004910e+00
8.444016491289504600e+00
1.046415791390898242e+01
5.753627391751591880e+00
