1.567594437773643001e+01
1.381976597885341995e+01
1.391159267660409604e+01
9.706684619910241452e+00
9.965574970333758387e+00
1.150725478350318376e+01
1.479855404066383784e+01
1.623454913941802857e+01
9.836981518731869656e+00
1.070474469691662733e+01
1.210051848659980855e+01
1.058513485680245481e+01
1.256509862862843541e+01
1.271618740744904485e+01
1.496964127403822076e+01
1.246335526484300615e+01
1.178062436274634450e+01
1.344618962205996482e+01
1.471226436021925466e+01
7.735777827895049086e+00
8.444016491289504600e+00
1.325545386523797831e+01
1.595769121605730767e+01
1.167204486311898926e+01
1.505445578434700415e+01
1.156244577056221523e+01
1.276615297284584649e+01
8.740387444736633427e+00
1.215301555949299761e+01
9.901487006738307173e+00
6.482044814428574497e+00
1.530607971465162365e+01
9.965574970333758387e+00
1.058513485680245481e+01
1.583755632390385770e+01
9.373021315815206478e+00
1.354055000514615159e+01
1.156244577056221523e+01
1.156244577056221523e+01
1.607692842495848140e+01
1.046415791390898242e+01
1.156244577056221523e+01
9.772050238058398008e+00
8.136857890256438353e+00
1.418350619798065715e+01
1.064510777218481152e+01
1.488434347843123184e+01
5.527906391541367981e+00
9.440697438826296306e+00
1.801877032173578996e+01
1.386575534383213970e+01
7.046725639945927711e+00
7.225151993843566878e+00
1.492705330360461602e+01
1.372732503515539548e+01
1.145179781116143225e+01
1.551264883747923129e+01
1.492705330360461602e+01
1.377362305878664728e+01
1.117038385124011413e+01
1.462546558286290477e+01
1.349345229721172146e+01
1.707547527140466670e+01
1.046415791390898242e+01
6.076507779746498805e+00
1.320733953636073110e+01
1.117038385124011413e+01
1.178062436274634450e+01
5.753627391751591880e+00
1.431752655671925822e+01
1.826441241104166124e+01
1.145179781116143225e+01
1.427299292922216978e+01
6.383076486422923246e+00
6.955796338302048021e+00
1.381976597885341995e+01
1.246335526484300615e+01
1.349345229721172146e+01
1.696325844612841038e+01
1.513879513212096128e+01
1.530607971465162365e+01
1.395727947504383337e+01
1.094004191971426110e+01
1.009253008808064145e+01
1.381976597885341995e+01
1.372732503515539548e+01
1.021790793990058255e+01
9.166995688475081394e+00
7.484820637019110379e+00
5.753627391751591880e+00
1.058513485680245481e+01
9.097283682934460103e+00
1.286550196516137312e+01
1.471226436021925466e+01
1.526443044094783019e+01
6.863662517577697741e+00
8.136857890256438353e+00
