1.567594437773643001e+01
1.391159267660409604e+01
1.395727947504383337e+01
9.574614729634383536e+00
9.965574970333758387e+00
1.150725478350318376e+01
1.484151074652385738e+01
1.627371578051287671e+01
9.836981518731869656e+00
1.070474469691662733e+01
1.210051848659980855e+01
1.052482020710848865e+01
1.256509862862843541e+01
1.271618740744904485e+01
1.496964127403822076e+01
1.241217083805063837e+01
1.178062436274634450e+01
1.339876023397903637e+01
1.479855404066383784e+01
7.484820637019110379e+00
8.136857890256438353e+00
1.325545386523797831e+01
1.591774699517169012e+01
1.172646028567007725e+01
1.505445578434700415e+01
1.161737456321036532e+01
1.281592373849173683e+01
8.667244841319218907e+00
1.215301555949299761e+01
9.901487006738307173e+00
6.076507779746498805e+00
1.534761596392107741e+01
9.965574970333758387e+00
1.052482020710848865e+01
1.583755632390385770e+01
9.373021315815206478e+00
1.358748446131948917e+01
1.161737456321036532e+01
1.156244577056221523e+01
1.607692842495848140e+01
1.052482020710848865e+01
1.156244577056221523e+01
9.772050238058398008e+00
8.136857890256438353e+00
1.418350619798065715e+01
1.070474469691662733e+01
1.488434347843123184e+01
5.411516379806009525e+00
9.373021315815206478e+00
1.801877032173578996e+01
1.386575534383213970e+01
6.955796338302048021e+00
7.225151993843566878e+00
1.501210842680413826e+01
1.377362305878664728e+01
1.145179781116143225e+01
1.559451034962034477e+01
1.492705330360461602e+01
1.377362305878664728e+01
1.117038385124011413e+01
1.462546558286290477e+01
1.349345229721172146e+01
1.711271735549580697e+01
1.040314189572019821e+01
5.970821321441846408e+00
1.325545386523797831e+01
1.117038385124011413e+01
1.178062436274634450e+01
5.292567428401227403e+00
1.440618081907316395e+01
1.833399137695016279e+01
1.145179781116143225e+01
1.427299292922216978e+01
5.753627391751591880e+00
6.955796338302048021e+00
1.386575534383213970e+01
1.246335526484300615e+01
1.349345229721172146e+01
1.700074635581867355e+01
1.513879513212096128e+01
1.538904010394216471e+01
1.400281721259029588e+01
1.094004191971426110e+01
1.002925341359354938e+01
1.381976597885341995e+01
1.372732503515539548e+01
1.021790793990058255e+01
9.166995688475081394e+00
7.484820637019110379e+00
5.527906391541367981e+00
1.058513485680245481e+01
9.097283682934460103e+00
1.286550196516137312e+01
1.475547227809780537e+01
1.526443044094783019e+01
6.675581178124545545e+00
8.136857890256438353e+00
