1.475547227809780537e+01
1.368087033328175828e+01
1.377362305878664728e+01
9.836981518731869656e+00
9.965574970333758387e+00
1.156244577056221523e+01
1.445030398768713376e+01
1.603728119216292924e+01
9.901487006738307173e+00
4.513516668382050234e+00
1.082303275961201905e+01
1.210051848659980855e+01
1.058513485680245481e+01
1.246335526484300615e+01
1.276615297284584649e+01
1.488434347843123184e+01
1.236077446474206631e+01
1.178062436274634450e+01
1.349345229721172146e+01
1.445030398768713376e+01
8.444016491289504600e+00
8.884866446580955923e+00
1.335116235624909109e+01
1.571650316319191809e+01
1.117038385124011413e+01
1.488434347843123184e+01
1.156244577056221523e+01
9.166995688475081394e+00
1.271618740744904485e+01
1.215301555949299761e+01
9.901487006738307173e+00
7.817640190446718762e+00
1.509668435477122017e+01
9.965574970333758387e+00
1.058513485680245481e+01
1.555363345008750464e+01
9.507891862878782518e+00
1.296408962885714899e+01
1.117038385124011413e+01
1.156244577056221523e+01
1.595769121605730767e+01
1.009253008808064145e+01
1.178062436274634450e+01
3.568248232305542444e+00
9.965574970333758387e+00
8.740387444736633427e+00
1.381976597885341995e+01
1.058513485680245481e+01
7.046725639945927711e+00
1.471226436021925466e+01
9.836981518731869656e+00
1.762584604821509515e+01
1.372732503515539548e+01
8.136857890256438353e+00
8.136857890256438353e+00
1.484151074652385738e+01
1.381976597885341995e+01
1.134007028277388685e+01
1.530607971465162365e+01
1.488434347843123184e+01
1.386575534383213970e+01
1.117038385124011413e+01
1.453814859003845150e+01
1.325545386523797831e+01
1.646815177937675045e+01
7.817640190446718762e+00
1.058513485680245481e+01
1.306193320280393344e+01
1.117038385124011413e+01
1.167204486311898926e+01
7.653039857325811823e+00
1.409345127989185542e+01
1.758969042850511855e+01
1.161737456321036532e+01
2.256758334191025117e+00
1.422831991532699902e+01
7.898654169668588132e+00
7.817640190446718762e+00
1.349345229721172146e+01
1.230916348999737586e+01
1.339876023397903637e+01
4.652426491681278087e+00
1.650676414605009157e+01
1.466892917224166482e+01
1.453814859003845150e+01
1.363425735166143049e+01
1.099807968464679142e+01
1.015541250385961369e+01
1.377362305878664728e+01
1.377362305878664728e+01
1.046415791390898242e+01
9.373021315815206478e+00
8.136857890256438353e+00
7.312732791431452384e+00
1.058513485680245481e+01
9.304852983362556174e+00
1.281592373849173683e+01
1.453814859003845150e+01
1.488434347843123184e+01
7.817640190446718762e+00
8.444016491289504600e+00
