1.009253008808064145e+01
8.291859587312051971e+00
4.222008245644752300e+00
1.296408962885714899e+01
1.306193320280393344e+01
1.002925341359354938e+01
1.256509862862843541e+01
9.965574970333758387e+00
1.167204486311898926e+01
9.236181543108379799e+00
1.363425735166143049e+01
1.354055000514615159e+01
9.373021315815206478e+00
1.058513485680245481e+01
1.204779266504070279e+01
1.058513485680245481e+01
1.178062436274634450e+01
7.978845608028653835e+00
1.236077446474206631e+01
1.413855043925722121e+01
1.188821220645068522e+01
1.178062436274634450e+01
1.296408962885714899e+01
1.325545386523797831e+01
9.304852983362556174e+00
8.214724333230154940e+00
9.965574970333758387e+00
1.335116235624909109e+01
1.028002345391383443e+01
1.440618081907316395e+01
1.064510777218481152e+01
9.965574970333758387e+00
1.296408962885714899e+01
1.150725478350318376e+01
1.194164264288369282e+01
4.652426491681278087e+00
9.965574970333758387e+00
8.884866446580955923e+00
1.276615297284584649e+01
7.046725639945927711e+00
9.373021315815206478e+00
6.383076486422923246e+00
1.058513485680245481e+01
9.373021315815206478e+00
1.236077446474206631e+01
1.210051848659980855e+01
1.058513485680245481e+01
3.568248232305542444e+00
1.139607097042601680e+01
1.354055000514615159e+01
9.965574970333758387e+00
7.653039857325811823e+00
8.291859587312051971e+00
4.918490759365934828e+00
8.593479713983121826e+00
9.965574970333758387e+00
1.058513485680245481e+01
8.740387444736633427e+00
8.740387444736633427e+00
1.230916348999737586e+01
8.740387444736633427e+00
9.901487006738307173e+00
5.527906391541367981e+00
1.256509862862843541e+01
9.574614729634383536e+00
1.518078909665319287e+01
8.136857890256438353e+00
7.569397566060480642e+00
1.296408962885714899e+01
9.640875829802336483e+00
9.373021315815206478e+00
1.363425735166143049e+01
1.183454054540639433e+01
9.901487006738307173e+00
1.225733520300188317e+01
1.311058116710494836e+01
7.569397566060480642e+00
7.653039857325811823e+00
1.178062436274634450e+01
5.753627391751591880e+00
3.568248232305542444e+00
1.058513485680245481e+01
1.311058116710494836e+01
8.368283871884004910e+00
1.058513485680245481e+01
1.210051848659980855e+01
7.817640190446718762e+00
9.373021315815206478e+00
1.040314189572019821e+01
6.383076486422923246e+00
1.409345127989185542e+01
1.178062436274634450e+01
1.094004191971426110e+01
8.444016491289504600e+00
1.099807968464679142e+01
3.742410318509555189e+00
1.518078909665319287e+01
1.111324596323282954e+01
1.064510777218481152e+01
7.735777827895049086e+00
6.076507779746498805e+00
8.444016491289504600e+00
9.965574970333758387e+00
1.199483507827737583e+01
9.304852983362556174e+00
7.399277020331918919e+00
1.178062436274634450e+01
7.046725639945927711e+00
8.136857890256438353e+00
1.076405121554611632e+01
1.094004191971426110e+01
8.136857890256438353e+00
3.908820095223359381e+00
1.339876023397903637e+01
7.312732791431452384e+00
1.349345229721172146e+01
1.210051848659980855e+01
1.040314189572019821e+01
1.058513485680245481e+01
1.156244577056221523e+01
1.241217083805063837e+01
1.286550196516137312e+01
5.046265044040320724e+00
1.058513485680245481e+01
9.965574970333758387e+00
7.225151993843566878e+00
9.507891862878782518e+00
8.740387444736633427e+00
9.901487006738307173e+00
9.373021315815206478e+00
1.178062436274634450e+01
1.286550196516137312e+01
7.399277020331918919e+00
5.292567428401227403e+00
1.246335526484300615e+01
9.373021315815206478e+00
8.444016491289504600e+00
8.740387444736633427e+00
6.180387232371033157e+00
