7.653039857325811823e+00
1.296408962885714899e+01
1.325545386523797831e+01
1.046415791390898242e+01
1.296408962885714899e+01
9.965574970333758387e+00
1.178062436274634450e+01
8.812923024107547576e+00
1.386575534383213970e+01
1.488434347843123184e+01
9.507891862878782518e+00
1.058513485680245481e+01
1.199483507827737583e+01
1.058513485680245481e+01
1.178062436274634450e+01
1.261566261010080048e+01
4.222008245644752300e+00
1.431752655671925822e+01
1.194164264288369282e+01
1.178062436274634450e+01
1.311058116710494836e+01
1.391159267660409604e+01
9.440697438826296306e+00
6.579524642479540830e+00
9.965574970333758387e+00
1.339876023397903637e+01
1.111324596323282954e+01
1.522266721510391640e+01
1.150725478350318376e+01
1.344618962205996482e+01
1.021790793990058255e+01
1.220528683538465842e+01
1.220528683538465842e+01
9.965574970333758387e+00
9.236181543108379799e+00
1.368087033328175828e+01
9.507891862878782518e+00
1.058513485680245481e+01
1.391159267660409604e+01
9.373021315815206478e+00
1.271618740744904485e+01
1.058513485680245481e+01
1.161737456321036532e+01
1.466892917224166482e+01
9.965574970333758387e+00
5.753627391751591880e+00
7.653039857325811823e+00
8.136857890256438353e+00
1.178062436274634450e+01
9.965574970333758387e+00
8.058239062071395509e+00
8.740387444736633427e+00
1.271618740744904485e+01
8.444016491289504600e+00
1.009253008808064145e+01
1.363425735166143049e+01
9.507891862878782518e+00
1.627371578051287671e+01
7.735777827895049086e+00
6.955796338302048021e+00
1.296408962885714899e+01
9.373021315815206478e+00
9.304852983362556174e+00
1.261566261010080048e+01
1.404820733880128181e+01
1.082303275961201905e+01
1.368087033328175828e+01
1.391159267660409604e+01
4.370193722368316713e+00
1.266602473693425601e+01
4.222008245644752300e+00
1.117038385124011413e+01
1.422831991532699902e+01
6.955796338302048021e+00
1.236077446474206631e+01
7.225151993843566878e+00
9.373021315815206478e+00
1.513879513212096128e+01
1.058513485680245481e+01
1.178062436274634450e+01
1.117038385124011413e+01
8.740387444736633427e+00
1.117038385124011413e+01
1.246335526484300615e+01
1.611647812414279102e+01
1.167204486311898926e+01
7.735777827895049086e+00
6.955796338302048021e+00
9.706684619910241452e+00
1.276615297284584649e+01
9.166995688475081394e+00
5.527906391541367981e+00
1.178062436274634450e+01
7.225151993843566878e+00
1.156244577056221523e+01
1.230916348999737586e+01
8.136857890256438353e+00
1.555363345008750464e+01
1.391159267660409604e+01
4.918490759365934828e+00
1.281592373849173683e+01
1.058513485680245481e+01
1.058513485680245481e+01
1.178062436274634450e+01
1.335116235624909109e+01
1.335116235624909109e+01
1.058513485680245481e+01
9.965574970333758387e+00
4.787307364817191768e+00
9.373021315815206478e+00
8.740387444736633427e+00
1.034176589165282145e+01
9.836981518731869656e+00
1.178062436274634450e+01
1.377362305878664728e+01
5.641895835477562571e+00
1.422831991532699902e+01
9.304852983362556174e+00
8.291859587312051971e+00
8.667244841319218907e+00
