9.965574970333758387e+00
6.383076486422923246e+00
8.291859587312051971e+00
1.261566261010080048e+01
1.256509862862843541e+01
1.236077446474206631e+01
9.574614729634383536e+00
9.901487006738307173e+00
5.863230142835038627e+00
1.117038385124011413e+01
8.956231982162769611e+00
1.330339418036568588e+01
1.315904928495908166e+01
9.373021315815206478e+00
1.058513485680245481e+01
1.156244577056221523e+01
1.040314189572019821e+01
1.156244577056221523e+01
8.291859587312051971e+00
1.215301555949299761e+01
6.180387232371033157e+00
1.391159267660409604e+01
1.070474469691662733e+01
1.156244577056221523e+01
1.296408962885714899e+01
1.271618740744904485e+01
9.373021315815206478e+00
8.667244841319218907e+00
9.965574970333758387e+00
1.301310337505149661e+01
1.009253008808064145e+01
1.386575534383213970e+01
1.058513485680245481e+01
9.965574970333758387e+00
1.266602473693425601e+01
1.117038385124011413e+01
1.145179781116143225e+01
6.675581178124545545e+00
9.965574970333758387e+00
8.884866446580955923e+00
1.236077446474206631e+01
7.817640190446718762e+00
7.046725639945927711e+00
5.970821321441846408e+00
9.373021315815206478e+00
3.742410318509555189e+00
1.058513485680245481e+01
9.373021315815206478e+00
1.220528683538465842e+01
1.156244577056221523e+01
1.040314189572019821e+01
5.753627391751591880e+00
1.256509862862843541e+01
1.058513485680245481e+01
9.706684619910241452e+00
8.136857890256438353e+00
8.214724333230154940e+00
6.383076486422923246e+00
8.740387444736633427e+00
9.965574970333758387e+00
8.740387444736633427e+00
1.009253008808064145e+01
8.740387444736633427e+00
6.863662517577697741e+00
5.170882945826410726e+00
1.199483507827737583e+01
9.027033336764100468e+00
9.836981518731869656e+00
1.204779266504070279e+01
9.706684619910241452e+00
3.191538243211461623e+00
8.444016491289504600e+00
1.358748446131948917e+01
7.569397566060480642e+00
1.276615297284584649e+01
5.970821321441846408e+00
9.304852983362556174e+00
9.373021315815206478e+00
1.261566261010080048e+01
1.150725478350318376e+01
9.507891862878782518e+00
1.139607097042601680e+01
7.817640190446718762e+00
1.241217083805063837e+01
4.068428945128219176e+00
8.136857890256438353e+00
1.099807968464679142e+01
5.863230142835038627e+00
6.863662517577697741e+00
9.640875829802336483e+00
5.970821321441846408e+00
8.740387444736633427e+00
5.292567428401227403e+00
1.251433034574463399e+01
9.772050238058398008e+00
1.105581278308273596e+01
4.652426491681278087e+00
7.653039857325811823e+00
8.812923024107547576e+00
9.965574970333758387e+00
5.753627391751591880e+00
6.383076486422923246e+00
1.354055000514615159e+01
1.099807968464679142e+01
8.593479713983121826e+00
1.040314189572019821e+01
9.507891862878782518e+00
6.282549314314217703e+00
1.453814859003845150e+01
1.058513485680245481e+01
4.918490759365934828e+00
1.058513485680245481e+01
6.863662517577697741e+00
7.653039857325811823e+00
3.908820095223359381e+00
8.444016491289504600e+00
9.965574970333758387e+00
1.178062436274634450e+01
9.027033336764100468e+00
7.569397566060480642e+00
1.156244577056221523e+01
7.898654169668588132e+00
8.593479713983121826e+00
1.058513485680245481e+01
5.970821321441846408e+00
8.136857890256438353e+00
1.058513485680245481e+01
1.296408962885714899e+01
8.136857890256438353e+00
1.271618740744904485e+01
1.150725478350318376e+01
1.034176589165282145e+01
1.058513485680245481e+01
1.117038385124011413e+01
1.178062436274634450e+01
5.753627391751591880e+00
1.246335526484300615e+01
6.863662517577697741e+00
1.058513485680245481e+01
9.772050238058398008e+00
8.058239062071395509e+00
8.740387444736633427e+00
9.027033336764100468e+00
9.965574970333758387e+00
8.740387444736633427e+00
1.178062436274634450e+01
1.236077446474206631e+01
7.399277020331918919e+00
6.955796338302048021e+00
1.194164264288369282e+01
9.373021315815206478e+00
7.225151993843566878e+00
8.214724333230154940e+00
8.444016491289504600e+00
4.513516668382050234e+00
