9.965574970333758387e+00
5.527906391541367981e+00
8.291859587312051971e+00
1.281592373849173683e+01
1.281592373849173683e+01
9.772050238058398008e+00
1.236077446474206631e+01
9.965574970333758387e+00
4.513516668382050234e+00
1.150725478350318376e+01
8.956231982162769611e+00
1.349345229721172146e+01
1.344618962205996482e+01
9.373021315815206478e+00
1.058513485680245481e+01
1.172646028567007725e+01
1.058513485680245481e+01
1.178062436274634450e+01
8.136857890256438353e+00
1.236077446474206631e+01
4.918490759365934828e+00
1.413855043925722121e+01
1.117038385124011413e+01
1.178062436274634450e+01
1.296408962885714899e+01
1.291488987023529766e+01
9.304852983362556174e+00
8.368283871884004910e+00
9.965574970333758387e+00
1.330339418036568588e+01
1.021790793990058255e+01
1.422831991532699902e+01
1.058513485680245481e+01
9.965574970333758387e+00
1.281592373849173683e+01
1.134007028277388685e+01
1.188821220645068522e+01
5.753627391751591880e+00
9.965574970333758387e+00
8.884866446580955923e+00
1.266602473693425601e+01
7.312732791431452384e+00
6.863662517577697741e+00
4.787307364817191768e+00
9.373021315815206478e+00
1.058513485680245481e+01
9.373021315815206478e+00
1.230916348999737586e+01
1.194164264288369282e+01
1.058513485680245481e+01
5.292567428401227403e+00
1.320733953636073110e+01
1.105581278308273596e+01
9.965574970333758387e+00
7.978845608028653835e+00
8.136857890256438353e+00
5.863230142835038627e+00
8.593479713983121826e+00
9.965574970333758387e+00
1.040314189572019821e+01
8.740387444736633427e+00
8.740387444736633427e+00
6.383076486422923246e+00
1.220528683538465842e+01
8.740387444736633427e+00
9.901487006738307173e+00
1.236077446474206631e+01
9.772050238058398008e+00
1.488434347843123184e+01
8.291859587312051971e+00
7.569397566060480642e+00
1.296408962885714899e+01
9.373021315815206478e+00
4.652426491681278087e+00
9.373021315815206478e+00
1.330339418036568588e+01
1.172646028567007725e+01
9.772050238058398008e+00
1.183454054540639433e+01
7.735777827895049086e+00
1.266602473693425601e+01
7.978845608028653835e+00
1.178062436274634450e+01
6.180387232371033157e+00
5.292567428401227403e+00
9.965574970333758387e+00
8.593479713983121826e+00
4.222008245644752300e+00
1.281592373849173683e+01
2.985410660720923204e+00
1.046415791390898242e+01
1.145179781116143225e+01
7.735777827895049086e+00
9.507891862878782518e+00
1.015541250385961369e+01
6.383076486422923246e+00
1.377362305878664728e+01
4.068428945128219176e+00
1.167204486311898926e+01
1.028002345391383443e+01
8.593479713983121826e+00
1.058513485680245481e+01
5.411516379806009525e+00
1.505445578434700415e+01
1.076405121554611632e+01
1.058513485680245481e+01
6.482044814428574497e+00
7.735777827895049086e+00
8.519075891779829490e+00
9.965574970333758387e+00
1.178062436274634450e+01
9.304852983362556174e+00
7.484820637019110379e+00
1.178062436274634450e+01
7.312732791431452384e+00
8.444016491289504600e+00
1.064510777218481152e+01
5.292567428401227403e+00
8.136857890256438353e+00
1.070474469691662733e+01
1.315904928495908166e+01
7.735777827895049086e+00
1.330339418036568588e+01
1.178062436274634450e+01
1.034176589165282145e+01
1.058513485680245481e+01
1.134007028277388685e+01
1.210051848659980855e+01
4.222008245644752300e+00
1.266602473693425601e+01
6.076507779746498805e+00
1.058513485680245481e+01
9.965574970333758387e+00
7.735777827895049086e+00
9.166995688475081394e+00
8.740387444736633427e+00
9.965574970333758387e+00
9.166995688475081394e+00
1.178062436274634450e+01
1.271618740744904485e+01
7.399277020331918919e+00
6.180387232371033157e+00
1.236077446474206631e+01
9.373021315815206478e+00
6.675581178124545545e+00
8.291859587312051971e+00
8.593479713983121826e+00
