7.312732791431452384e+00
1.296408962885714899e+01
1.325545386523797831e+01
1.046415791390898242e+01
1.296408962885714899e+01
1.009253008808064145e+01
1.178062436274634450e+01
8.812923024107547576e+00
1.386575534383213970e+01
1.522266721510391640e+01
9.836981518731869656e+00
1.058513485680245481e+01
1.204779266504070279e+01
1.058513485680245481e+01
1.178062436274634450e+01
1.276615297284584649e+01
1.436192209445157708e+01
1.194164264288369282e+01
1.178062436274634450e+01
1.320733953636073110e+01
1.400281721259029588e+01
9.440697438826296306e+00
5.863230142835038627e+00
9.901487006738307173e+00
1.335116235624909109e+01
1.117038385124011413e+01
1.534761596392107741e+01
1.150725478350318376e+01
1.354055000514615159e+01
1.021790793990058255e+01
1.220528683538465842e+01
1.215301555949299761e+01
9.965574970333758387e+00
9.236181543108379799e+00
1.377362305878664728e+01
9.574614729634383536e+00
1.058513485680245481e+01
1.400281721259029588e+01
9.373021315815206478e+00
1.276615297284584649e+01
1.064510777218481152e+01
1.161737456321036532e+01
1.471226436021925466e+01
9.965574970333758387e+00
5.046265044040320724e+00
7.046725639945927711e+00
8.136857890256438353e+00
1.178062436274634450e+01
9.965574970333758387e+00
7.898654169668588132e+00
8.667244841319218907e+00
1.286550196516137312e+01
8.291859587312051971e+00
1.009253008808064145e+01
1.377362305878664728e+01
9.373021315815206478e+00
1.631278838364701755e+01
7.569397566060480642e+00
6.383076486422923246e+00
1.296408962885714899e+01
9.373021315815206478e+00
9.166995688475081394e+00
1.266602473693425601e+01
1.413855043925722121e+01
1.094004191971426110e+01
1.386575534383213970e+01
1.404820733880128181e+01
1.306193320280393344e+01
1.117038385124011413e+01
1.422831991532699902e+01
6.383076486422923246e+00
1.246335526484300615e+01
6.863662517577697741e+00
9.304852983362556174e+00
1.522266721510391640e+01
1.058513485680245481e+01
1.178062436274634450e+01
1.117038385124011413e+01
8.740387444736633427e+00
1.117038385124011413e+01
1.256509862862843541e+01
1.631278838364701755e+01
1.178062436274634450e+01
7.653039857325811823e+00
9.507891862878782518e+00
6.579524642479540830e+00
1.276615297284584649e+01
9.027033336764100468e+00
4.513516668382050234e+00
1.194164264288369282e+01
7.046725639945927711e+00
1.167204486311898926e+01
1.256509862862843541e+01
8.058239062071395509e+00
1.563528038089343752e+01
1.395727947504383337e+01
3.908820095223359381e+00
1.286550196516137312e+01
1.210051848659980855e+01
1.070474469691662733e+01
1.058513485680245481e+01
1.339876023397903637e+01
1.339876023397903637e+01
1.058513485680245481e+01
9.965574970333758387e+00
9.373021315815206478e+00
3.742410318509555189e+00
8.740387444736633427e+00
1.040314189572019821e+01
9.836981518731869656e+00
1.178062436274634450e+01
1.386575534383213970e+01
4.918490759365934828e+00
1.422831991532699902e+01
9.166995688475081394e+00
7.817640190446718762e+00
8.593479713983121826e+00
