7.046725639945927711e+00
1.311058116710494836e+01
1.335116235624909109e+01
1.315904928495908166e+01
1.046415791390898242e+01
9.965574970333758387e+00
1.178062436274634450e+01
8.444016491289504600e+00
1.391159267660409604e+01
1.547155565579009817e+01
9.901487006738307173e+00
1.058513485680245481e+01
1.204779266504070279e+01
1.058513485680245481e+01
1.178062436274634450e+01
1.276615297284584649e+01
1.445030398768713376e+01
1.194164264288369282e+01
1.178062436274634450e+01
1.330339418036568588e+01
1.400281721259029588e+01
9.507891862878782518e+00
4.918490759365934828e+00
9.901487006738307173e+00
1.335116235624909109e+01
1.111324596323282954e+01
1.538904010394216471e+01
1.381976597885341995e+01
1.145179781116143225e+01
9.965574970333758387e+00
1.230916348999737586e+01
1.215301555949299761e+01
9.965574970333758387e+00
9.097283682934460103e+00
1.391159267660409604e+01
9.836981518731869656e+00
1.058513485680245481e+01
1.422831991532699902e+01
9.373021315815206478e+00
1.286550196516137312e+01
1.088169461344923583e+01
1.167204486311898926e+01
1.496964127403822076e+01
9.965574970333758387e+00
6.955796338302048021e+00
2.763953195770683990e+00
7.817640190446718762e+00
1.178062436274634450e+01
9.965574970333758387e+00
7.399277020331918919e+00
8.593479713983121826e+00
1.034176589165282145e+01
1.296408962885714899e+01
8.291859587312051971e+00
1.386575534383213970e+01
9.373021315815206478e+00
1.650676414605009157e+01
7.225151993843566878e+00
5.753627391751591880e+00
1.306193320280393344e+01
9.373021315815206478e+00
9.166995688475081394e+00
1.276615297284584649e+01
1.413855043925722121e+01
1.099807968464679142e+01
1.431752655671925822e+01
1.431752655671925822e+01
1.320733953636073110e+01
1.117038385124011413e+01
1.427299292922216978e+01
5.753627391751591880e+00
1.266602473693425601e+01
6.180387232371033157e+00
9.166995688475081394e+00
1.538904010394216471e+01
1.058513485680245481e+01
1.210051848659980855e+01
1.117038385124011413e+01
8.740387444736633427e+00
1.117038385124011413e+01
1.306193320280393344e+01
1.662206308517478703e+01
1.178062436274634450e+01
7.312732791431452384e+00
9.373021315815206478e+00
5.863230142835038627e+00
1.306193320280393344e+01
9.027033336764100468e+00
1.215301555949299761e+01
6.579524642479540830e+00
1.306193320280393344e+01
1.172646028567007725e+01
8.136857890256438353e+00
1.583755632390385770e+01
1.395727947504383337e+01
1.315904928495908166e+01
1.266602473693425601e+01
1.099807968464679142e+01
1.058513485680245481e+01
1.335116235624909109e+01
1.344618962205996482e+01
1.064510777218481152e+01
9.901487006738307173e+00
9.236181543108379799e+00
8.956231982162769611e+00
1.058513485680245481e+01
9.901487006738307173e+00
1.178062436274634450e+01
1.400281721259029588e+01
2.256758334191025117e+00
1.431752655671925822e+01
9.097283682934460103e+00
7.569397566060480642e+00
8.444016491289504600e+00
