1.484151074652385738e+01
1.368087033328175828e+01
1.381976597885341995e+01
9.836981518731869656e+00
9.965574970333758387e+00
1.156244577056221523e+01
1.445030398768713376e+01
1.603728119216292924e+01
9.901487006738307173e+00
1.076405121554611632e+01
3.908820095223359381e+00
1.210051848659980855e+01
1.058513485680245481e+01
1.251433034574463399e+01
1.276615297284584649e+01
1.488434347843123184e+01
1.236077446474206631e+01
1.178062436274634450e+01
1.349345229721172146e+01
1.445030398768713376e+01
8.368283871884004910e+00
8.884866446580955923e+00
1.335116235624909109e+01
1.571650316319191809e+01
1.117038385124011413e+01
1.488434347843123184e+01
1.156244577056221523e+01
9.166995688475081394e+00
1.276615297284584649e+01
1.215301555949299761e+01
9.901487006738307173e+00
7.735777827895049086e+00
1.513879513212096128e+01
9.965574970333758387e+00
1.058513485680245481e+01
1.555363345008750464e+01
9.507891862878782518e+00
1.306193320280393344e+01
1.117038385124011413e+01
1.156244577056221523e+01
1.595769121605730767e+01
1.021790793990058255e+01
1.178062436274634450e+01
9.965574970333758387e+00
1.595769121605730811e+00
8.593479713983121826e+00
1.391159267660409604e+01
1.058513485680245481e+01
6.863662517577697741e+00
1.471226436021925466e+01
9.836981518731869656e+00
1.769793569896924623e+01
1.372732503515539548e+01
8.136857890256438353e+00
8.136857890256438353e+00
1.479855404066383784e+01
1.372732503515539548e+01
1.134007028277388685e+01
1.530607971465162365e+01
1.492705330360461602e+01
1.381976597885341995e+01
1.117038385124011413e+01
1.453814859003845150e+01
1.330339418036568588e+01
1.654528640181426269e+01
7.653039857325811823e+00
1.058513485680245481e+01
1.306193320280393344e+01
1.117038385124011413e+01
1.167204486311898926e+01
7.399277020331918919e+00
1.409345127989185542e+01
1.776973289316191185e+01
1.161737456321036532e+01
1.422831991532699902e+01
7.735777827895049086e+00
7.735777827895049086e+00
1.358748446131948917e+01
1.241217083805063837e+01
1.339876023397903637e+01
1.658371917462410394e+01
1.466892917224166482e+01
3.385137501286537898e+00
1.462546558286290477e+01
1.377362305878664728e+01
1.099807968464679142e+01
1.015541250385961369e+01
1.377362305878664728e+01
1.372732503515539548e+01
1.040314189572019821e+01
9.373021315815206478e+00
8.136857890256438353e+00
7.225151993843566878e+00
1.058513485680245481e+01
9.236181543108379799e+00
1.281592373849173683e+01
1.453814859003845150e+01
1.488434347843123184e+01
7.653039857325811823e+00
8.444016491289504600e+00
