8.136857890256438353e+00
1.296408962885714899e+01
1.320733953636073110e+01
1.046415791390898242e+01
1.276615297284584649e+01
9.965574970333758387e+00
1.178062436274634450e+01
9.166995688475081394e+00
1.368087033328175828e+01
1.440618081907316395e+01
9.507891862878782518e+00
1.058513485680245481e+01
1.210051848659980855e+01
1.058513485680245481e+01
1.178062436274634450e+01
1.236077446474206631e+01
6.770275002573075795e+00
1.422831991532699902e+01
1.199483507827737583e+01
1.178062436274634450e+01
1.296408962885714899e+01
1.372732503515539548e+01
9.236181543108379799e+00
7.399277020331918919e+00
9.965574970333758387e+00
1.339876023397903637e+01
1.094004191971426110e+01
1.492705330360461602e+01
1.094004191971426110e+01
1.315904928495908166e+01
9.965574970333758387e+00
1.178062436274634450e+01
1.215301555949299761e+01
9.965574970333758387e+00
9.236181543108379799e+00
1.354055000514615159e+01
4.918490759365934828e+00
9.373021315815206478e+00
5.753627391751591880e+00
1.058513485680245481e+01
9.373021315815206478e+00
1.291488987023529766e+01
1.261566261010080048e+01
1.058513485680245481e+01
1.167204486311898926e+01
1.431752655671925822e+01
9.965574970333758387e+00
6.955796338302048021e+00
8.444016491289504600e+00
8.136857890256438353e+00
1.178062436274634450e+01
9.965574970333758387e+00
8.593479713983121826e+00
8.740387444736633427e+00
1.256509862862843541e+01
8.740387444736633427e+00
9.965574970333758387e+00
1.335116235624909109e+01
9.507891862878782518e+00
1.595769121605730767e+01
8.136857890256438353e+00
7.653039857325811823e+00
1.296408962885714899e+01
9.507891862878782518e+00
9.373021315815206478e+00
1.395727947504383337e+01
1.225733520300188317e+01
1.076405121554611632e+01
1.286550196516137312e+01
1.354055000514615159e+01
6.482044814428574497e+00
6.579524642479540830e+00
1.215301555949299761e+01
1.082303275961201905e+01
1.400281721259029588e+01
7.653039857325811823e+00
1.236077446474206631e+01
7.484820637019110379e+00
9.373021315815206478e+00
1.058513485680245481e+01
4.652426491681278087e+00
1.449429283826230197e+01
1.178062436274634450e+01
1.105581278308273596e+01
8.593479713983121826e+00
1.117038385124011413e+01
1.199483507827737583e+01
1.571650316319191809e+01
1.122723095552866468e+01
8.058239062071395509e+00
7.569397566060480642e+00
9.836981518731869656e+00
1.236077446474206631e+01
9.304852983362556174e+00
6.955796338302048021e+00
1.178062436274634450e+01
5.411516379806009525e+00
7.978845608028653835e+00
1.111324596323282954e+01
1.167204486311898926e+01
8.136857890256438353e+00
1.492705330360461602e+01
1.377362305878664728e+01
6.482044814428574497e+00
1.241217083805063837e+01
1.046415791390898242e+01
1.058513485680245481e+01
1.178062436274634450e+01
1.320733953636073110e+01
1.320733953636073110e+01
1.058513485680245481e+01
9.965574970333758387e+00
6.482044814428574497e+00
9.373021315815206478e+00
8.740387444736633427e+00
1.021790793990058255e+01
9.836981518731869656e+00
1.178062436274634450e+01
1.354055000514615159e+01
6.863662517577697741e+00
1.372732503515539548e+01
9.373021315815206478e+00
8.740387444736633427e+00
8.740387444736633427e+00
2.985410660720923204e+00
