7.653039857325811823e+00
1.296408962885714899e+01
1.320733953636073110e+01
1.046415791390898242e+01
1.291488987023529766e+01
9.965574970333758387e+00
1.178062436274634450e+01
8.812923024107547576e+00
1.381976597885341995e+01
1.479855404066383784e+01
9.507891862878782518e+00
1.058513485680245481e+01
1.199483507827737583e+01
1.058513485680245481e+01
1.178062436274634450e+01
1.256509862862843541e+01
4.918490759365934828e+00
1.431752655671925822e+01
1.199483507827737583e+01
1.178062436274634450e+01
1.306193320280393344e+01
1.391159267660409604e+01
9.304852983362556174e+00
6.863662517577697741e+00
9.965574970333758387e+00
1.339876023397903637e+01
1.111324596323282954e+01
1.509668435477122017e+01
1.139607097042601680e+01
1.344618962205996482e+01
1.021790793990058255e+01
1.210051848659980855e+01
1.225733520300188317e+01
9.965574970333758387e+00
9.236181543108379799e+00
1.368087033328175828e+01
9.507891862878782518e+00
2.256758334191025117e+00
1.058513485680245481e+01
1.368087033328175828e+01
9.373021315815206478e+00
1.271618740744904485e+01
1.058513485680245481e+01
1.161737456321036532e+01
1.458187244392064308e+01
9.965574970333758387e+00
5.753627391751591880e+00
7.735777827895049086e+00
8.136857890256438353e+00
1.178062436274634450e+01
9.965574970333758387e+00
8.291859587312051971e+00
8.740387444736633427e+00
1.271618740744904485e+01
8.444016491289504600e+00
1.002925341359354938e+01
1.363425735166143049e+01
9.507891862878782518e+00
1.623454913941802857e+01
7.898654169668588132e+00
6.955796338302048021e+00
1.296408962885714899e+01
9.373021315815206478e+00
9.373021315815206478e+00
1.256509862862843541e+01
1.404820733880128181e+01
1.082303275961201905e+01
1.344618962205996482e+01
1.386575534383213970e+01
5.170882945826410726e+00
1.251433034574463399e+01
4.787307364817191768e+00
1.117038385124011413e+01
1.422831991532699902e+01
7.046725639945927711e+00
1.236077446474206631e+01
7.225151993843566878e+00
9.373021315815206478e+00
1.505445578434700415e+01
1.058513485680245481e+01
1.178062436274634450e+01
1.117038385124011413e+01
8.740387444736633427e+00
1.117038385124011413e+01
1.230916348999737586e+01
1.607692842495848140e+01
1.161737456321036532e+01
7.898654169668588132e+00
7.225151993843566878e+00
9.772050238058398008e+00
1.266602473693425601e+01
9.236181543108379799e+00
6.076507779746498805e+00
1.178062436274634450e+01
7.399277020331918919e+00
1.150725478350318376e+01
1.220528683538465842e+01
8.136857890256438353e+00
1.547155565579009817e+01
1.391159267660409604e+01
5.411516379806009525e+00
1.276615297284584649e+01
1.046415791390898242e+01
1.058513485680245481e+01
1.178062436274634450e+01
1.325545386523797831e+01
1.330339418036568588e+01
1.058513485680245481e+01
9.965574970333758387e+00
5.292567428401227403e+00
9.373021315815206478e+00
8.740387444736633427e+00
1.034176589165282145e+01
9.836981518731869656e+00
1.178062436274634450e+01
1.372732503515539548e+01
5.970821321441846408e+00
1.413855043925722121e+01
9.373021315815206478e+00
8.291859587312051971e+00
8.740387444736633427e+00
