7.898654169668588132e+00
1.296408962885714899e+01
1.320733953636073110e+01
1.046415791390898242e+01
1.286550196516137312e+01
9.965574970333758387e+00
1.178062436274634450e+01
8.812923024107547576e+00
1.377362305878664728e+01
1.475547227809780537e+01
9.507891862878782518e+00
1.058513485680245481e+01
1.204779266504070279e+01
1.058513485680245481e+01
1.178062436274634450e+01
1.256509862862843541e+01
5.411516379806009525e+00
1.431752655671925822e+01
1.199483507827737583e+01
1.178062436274634450e+01
1.296408962885714899e+01
1.386575534383213970e+01
9.236181543108379799e+00
6.863662517577697741e+00
9.965574970333758387e+00
1.344618962205996482e+01
1.099807968464679142e+01
1.509668435477122017e+01
1.128379167095512514e+01
1.335116235624909109e+01
1.015541250385961369e+01
1.199483507827737583e+01
1.225733520300188317e+01
9.965574970333758387e+00
9.236181543108379799e+00
1.368087033328175828e+01
9.507891862878782518e+00
4.068428945128219176e+00
1.058513485680245481e+01
1.349345229721172146e+01
9.373021315815206478e+00
1.271618740744904485e+01
1.058513485680245481e+01
1.161737456321036532e+01
1.440618081907316395e+01
9.965574970333758387e+00
5.753627391751591880e+00
7.817640190446718762e+00
8.136857890256438353e+00
1.178062436274634450e+01
9.965574970333758387e+00
8.368283871884004910e+00
8.740387444736633427e+00
1.271618740744904485e+01
8.444016491289504600e+00
9.965574970333758387e+00
1.363425735166143049e+01
9.507891862878782518e+00
1.611647812414279102e+01
7.978845608028653835e+00
6.955796338302048021e+00
1.296408962885714899e+01
9.373021315815206478e+00
9.373021315815206478e+00
1.251433034574463399e+01
1.400281721259029588e+01
1.082303275961201905e+01
1.330339418036568588e+01
1.377362305878664728e+01
5.411516379806009525e+00
5.411516379806009525e+00
1.236077446474206631e+01
1.117038385124011413e+01
1.422831991532699902e+01
7.225151993843566878e+00
1.236077446474206631e+01
7.225151993843566878e+00
9.373021315815206478e+00
1.496964127403822076e+01
1.058513485680245481e+01
1.178062436274634450e+01
1.117038385124011413e+01
8.740387444736633427e+00
1.117038385124011413e+01
1.230916348999737586e+01
1.595769121605730767e+01
1.150725478350318376e+01
7.978845608028653835e+00
7.225151993843566878e+00
9.772050238058398008e+00
1.256509862862843541e+01
9.236181543108379799e+00
6.282549314314217703e+00
1.178062436274634450e+01
2.763953195770683990e+00
7.569397566060480642e+00
1.122723095552866468e+01
1.215301555949299761e+01
7.978845608028653835e+00
1.526443044094783019e+01
1.391159267660409604e+01
5.753627391751591880e+00
1.266602473693425601e+01
1.046415791390898242e+01
1.058513485680245481e+01
1.178062436274634450e+01
1.325545386523797831e+01
1.330339418036568588e+01
1.058513485680245481e+01
9.965574970333758387e+00
5.753627391751591880e+00
9.373021315815206478e+00
8.740387444736633427e+00
1.034176589165282145e+01
9.836981518731869656e+00
1.178062436274634450e+01
1.372732503515539548e+01
6.180387232371033157e+00
1.413855043925722121e+01
9.373021315815206478e+00
8.291859587312051971e+00
8.740387444736633427e+00
