1.509668435477122017e+01
1.368087033328175828e+01
1.381976597885341995e+01
9.706684619910241452e+00
9.965574970333758387e+00
1.156244577056221523e+01
1.462546558286290477e+01
1.603728119216292924e+01
9.901487006738307173e+00
1.070474469691662733e+01
2.985410660720923204e+00
1.210051848659980855e+01
1.058513485680245481e+01
1.256509862862843541e+01
1.276615297284584649e+01
1.488434347843123184e+01
1.236077446474206631e+01
1.178062436274634450e+01
1.344618962205996482e+01
1.449429283826230197e+01
8.291859587312051971e+00
8.740387444736633427e+00
1.335116235624909109e+01
1.579730833933717626e+01
1.128379167095512514e+01
1.488434347843123184e+01
1.156244577056221523e+01
9.166995688475081394e+00
1.276615297284584649e+01
1.215301555949299761e+01
9.901487006738307173e+00
7.569397566060480642e+00
1.513879513212096128e+01
9.965574970333758387e+00
1.058513485680245481e+01
1.559451034962034477e+01
9.507891862878782518e+00
1.315904928495908166e+01
1.117038385124011413e+01
1.156244577056221523e+01
1.595769121605730767e+01
1.034176589165282145e+01
1.178062436274634450e+01
9.965574970333758387e+00
8.593479713983121826e+00
1.400281721259029588e+01
1.058513485680245481e+01
6.863662517577697741e+00
1.471226436021925466e+01
9.836981518731869656e+00
1.776973289316191185e+01
1.368087033328175828e+01
8.136857890256438353e+00
7.978845608028653835e+00
1.488434347843123184e+01
1.372732503515539548e+01
1.134007028277388685e+01
1.530607971465162365e+01
1.492705330360461602e+01
1.381976597885341995e+01
1.117038385124011413e+01
1.453814859003845150e+01
1.335116235624909109e+01
1.662206308517478703e+01
7.312732791431452384e+00
1.058513485680245481e+01
1.306193320280393344e+01
1.117038385124011413e+01
1.172646028567007725e+01
6.955796338302048021e+00
1.409345127989185542e+01
1.780552292517845459e+01
1.161737456321036532e+01
1.422831991532699902e+01
7.653039857325811823e+00
7.569397566060480642e+00
1.368087033328175828e+01
1.256509862862843541e+01
1.339876023397903637e+01
1.666031874701878124e+01
1.471226436021925466e+01
1.471226436021925466e+01
1.377362305878664728e+01
1.094004191971426110e+01
1.009253008808064145e+01
1.377362305878664728e+01
1.377362305878664728e+01
1.040314189572019821e+01
9.373021315815206478e+00
8.136857890256438353e+00
7.225151993843566878e+00
1.058513485680245481e+01
9.236181543108379799e+00
1.281592373849173683e+01
1.453814859003845150e+01
1.501210842680413826e+01
7.484820637019110379e+00
8.291859587312051971e+00
