8.136857890256438353e+00
1.296408962885714899e+01
1.315904928495908166e+01
1.040314189572019821e+01
1.271618740744904485e+01
9.965574970333758387e+00
1.178062436274634450e+01
9.373021315815206478e+00
1.368087033328175828e+01
1.422831991532699902e+01
9.373021315815206478e+00
1.058513485680245481e+01
1.210051848659980855e+01
1.058513485680245481e+01
1.178062436274634450e+01
1.236077446474206631e+01
7.046725639945927711e+00
1.422831991532699902e+01
1.199483507827737583e+01
1.178062436274634450e+01
1.296408962885714899e+01
1.372732503515539548e+01
9.304852983362556174e+00
7.735777827895049086e+00
9.965574970333758387e+00
1.335116235624909109e+01
1.082303275961201905e+01
1.466892917224166482e+01
1.070474469691662733e+01
9.965574970333758387e+00
1.296408962885714899e+01
1.178062436274634450e+01
1.215301555949299761e+01
9.965574970333758387e+00
9.236181543108379799e+00
1.335116235624909109e+01
5.863230142835038627e+00
9.373021315815206478e+00
6.383076486422923246e+00
1.058513485680245481e+01
9.373021315815206478e+00
1.266602473693425601e+01
1.251433034574463399e+01
1.058513485680245481e+01
1.161737456321036532e+01
1.409345127989185542e+01
9.965574970333758387e+00
6.955796338302048021e+00
8.444016491289504600e+00
8.136857890256438353e+00
1.167204486311898926e+01
9.965574970333758387e+00
8.667244841319218907e+00
8.740387444736633427e+00
1.251433034574463399e+01
8.740387444736633427e+00
9.965574970333758387e+00
1.320733953636073110e+01
9.574614729634383536e+00
1.571650316319191809e+01
8.136857890256438353e+00
7.817640190446718762e+00
1.296408962885714899e+01
9.640875829802336483e+00
9.373021315815206478e+00
1.381976597885341995e+01
1.220528683538465842e+01
1.058513485680245481e+01
1.271618740744904485e+01
1.344618962205996482e+01
7.136496464611084889e+00
6.955796338302048021e+00
1.194164264288369282e+01
1.076405121554611632e+01
1.404820733880128181e+01
7.978845608028653835e+00
1.236077446474206631e+01
7.484820637019110379e+00
9.373021315815206478e+00
1.058513485680245481e+01
5.411516379806009525e+00
1.436192209445157708e+01
1.178062436274634450e+01
1.105581278308273596e+01
8.444016491289504600e+00
1.117038385124011413e+01
1.172646028567007725e+01
1.567594437773643001e+01
1.111324596323282954e+01
8.136857890256438353e+00
4.222008245644752300e+00
7.817640190446718762e+00
9.836981518731869656e+00
1.225733520300188317e+01
9.304852983362556174e+00
7.225151993843566878e+00
1.178062436274634450e+01
6.076507779746498805e+00
8.136857890256438353e+00
1.099807968464679142e+01
1.156244577056221523e+01
8.136857890256438353e+00
1.471226436021925466e+01
1.368087033328175828e+01
6.955796338302048021e+00
1.220528683538465842e+01
1.046415791390898242e+01
1.058513485680245481e+01
1.178062436274634450e+01
1.311058116710494836e+01
1.311058116710494836e+01
1.058513485680245481e+01
9.965574970333758387e+00
6.675581178124545545e+00
9.373021315815206478e+00
8.884866446580955923e+00
1.015541250385961369e+01
9.836981518731869656e+00
1.178062436274634450e+01
1.330339418036568588e+01
7.136496464611084889e+00
1.349345229721172146e+01
9.373021315815206478e+00
8.740387444736633427e+00
8.740387444736633427e+00
4.918490759365934828e+00
