9.965574970333758387e+00
7.225151993843566878e+00
8.593479713983121826e+00
1.241217083805063837e+01
1.156244577056221523e+01
1.194164264288369282e+01
7.225151993843566878e+00
9.574614729634383536e+00
9.836981518731869656e+00
1.058513485680245481e+01
9.027033336764100468e+00
1.251433034574463399e+01
9.373021315815206478e+00
1.241217083805063837e+01
1.070474469691662733e+01
1.021790793990058255e+01
1.117038385124011413e+01
5.292567428401227403e+00
5.863230142835038627e+00
1.145179781116143225e+01
8.291859587312051971e+00
1.178062436274634450e+01
7.136496464611084889e+00
1.311058116710494836e+01
1.021790793990058255e+01
1.145179781116143225e+01
1.271618740744904485e+01
5.970821321441846408e+00
1.241217083805063837e+01
9.373021315815206478e+00
9.097283682934460103e+00
1.021790793990058255e+01
1.281592373849173683e+01
1.009253008808064145e+01
1.330339418036568588e+01
1.058513485680245481e+01
9.965574970333758387e+00
1.246335526484300615e+01
1.117038385124011413e+01
1.094004191971426110e+01
7.225151993843566878e+00
9.965574970333758387e+00
8.884866446580955923e+00
1.199483507827737583e+01
8.136857890256438353e+00
7.225151993843566878e+00
7.225151993843566878e+00
6.383076486422923246e+00
9.373021315815206478e+00
1.058513485680245481e+01
9.373021315815206478e+00
1.161737456321036532e+01
6.863662517577697741e+00
1.117038385124011413e+01
9.640875829802336483e+00
1.215301555949299761e+01
9.965574970333758387e+00
9.373021315815206478e+00
8.136857890256438353e+00
8.214724333230154940e+00
6.863662517577697741e+00
8.740387444736633427e+00
5.292567428401227403e+00
9.965574970333758387e+00
8.956231982162769611e+00
9.901487006738307173e+00
8.884866446580955923e+00
7.136496464611084889e+00
6.675581178124545545e+00
8.740387444736633427e+00
9.836981518731869656e+00
1.070474469691662733e+01
1.167204486311898926e+01
9.373021315815206478e+00
6.076507779746498805e+00
8.740387444736633427e+00
7.569397566060480642e+00
1.220528683538465842e+01
1.261566261010080048e+01
6.955796338302048021e+00
9.304852983362556174e+00
9.574614729634383536e+00
5.641895835477562571e+00
1.070474469691662733e+01
9.373021315815206478e+00
1.161737456321036532e+01
1.105581278308273596e+01
8.136857890256438353e+00
1.183454054540639433e+01
5.863230142835038627e+00
8.136857890256438353e+00
4.652426491681278087e+00
6.383076486422923246e+00
1.021790793990058255e+01
7.484820637019110379e+00
9.373021315815206478e+00
6.955796338302048021e+00
6.579524642479540830e+00
8.368283871884004910e+00
1.188821220645068522e+01
6.282549314314217703e+00
9.027033336764100468e+00
1.070474469691662733e+01
4.370193722368316713e+00
7.817640190446718762e+00
6.863662517577697741e+00
8.667244841319218907e+00
9.574614729634383536e+00
6.863662517577697741e+00
1.335116235624909109e+01
1.058513485680245481e+01
8.740387444736633427e+00
9.772050238058398008e+00
9.507891862878782518e+00
6.863662517577697741e+00
1.021790793990058255e+01
1.386575534383213970e+01
6.383076486422923246e+00
2.763953195770683990e+00
1.028002345391383443e+01
7.399277020331918919e+00
6.076507779746498805e+00
7.978845608028653835e+00
8.291859587312051971e+00
9.507891862878782518e+00
1.178062436274634450e+01
8.884866446580955923e+00
7.817640190446718762e+00
8.136857890256438353e+00
1.117038385124011413e+01
8.740387444736633427e+00
1.058513485680245481e+01
6.955796338302048021e+00
8.136857890256438353e+00
1.046415791390898242e+01
8.136857890256438353e+00
1.220528683538465842e+01
1.241217083805063837e+01
1.117038385124011413e+01
1.034176589165282145e+01
1.058513485680245481e+01
1.117038385124011413e+01
1.161737456321036532e+01
6.770275002573075795e+00
1.236077446474206631e+01
7.312732791431452384e+00
1.058513485680245481e+01
9.236181543108379799e+00
8.136857890256438353e+00
8.740387444736633427e+00
9.027033336764100468e+00
9.901487006738307173e+00
8.740387444736633427e+00
1.178062436274634450e+01
1.225733520300188317e+01
7.569397566060480642e+00
7.484820637019110379e+00
5.753627391751591880e+00
1.128379167095512514e+01
8.740387444736633427e+00
7.569397566060480642e+00
8.593479713983121826e+00
8.444016491289504600e+00
1.021790793990058255e+01
6.180387232371033157e+00
