1.583755632390385770e+01
1.395727947504383337e+01
1.395727947504383337e+01
9.236181543108379799e+00
9.965574970333758387e+00
1.134007028277388685e+01
1.484151074652385738e+01
1.646815177937675045e+01
9.836981518731869656e+00
1.070474469691662733e+01
1.215301555949299761e+01
1.034176589165282145e+01
1.261566261010080048e+01
1.271618740744904485e+01
1.513879513212096128e+01
1.246335526484300615e+01
1.178062436274634450e+01
1.335116235624909109e+01
1.475547227809780537e+01
6.955796338302048021e+00
7.484820637019110379e+00
1.325545386523797831e+01
1.603728119216292924e+01
1.199483507827737583e+01
1.513879513212096128e+01
1.161737456321036532e+01
1.286550196516137312e+01
8.444016491289504600e+00
1.215301555949299761e+01
9.772050238058398008e+00
4.652426491681278087e+00
1.534761596392107741e+01
9.965574970333758387e+00
1.046415791390898242e+01
1.591774699517169012e+01
9.373021315815206478e+00
1.363425735166143049e+01
1.204779266504070279e+01
1.156244577056221523e+01
1.607692842495848140e+01
1.046415791390898242e+01
1.156244577056221523e+01
9.507891862878782518e+00
8.136857890256438353e+00
1.427299292922216978e+01
1.105581278308273596e+01
1.488434347843123184e+01
3.191538243211461623e+00
9.373021315815206478e+00
1.812445316531431061e+01
1.413855043925722121e+01
5.970821321441846408e+00
6.579524642479540830e+00
1.534761596392107741e+01
1.400281721259029588e+01
1.150725478350318376e+01
1.583755632390385770e+01
1.505445578434700415e+01
1.386575534383213970e+01
1.117038385124011413e+01
1.475547227809780537e+01
1.349345229721172146e+01
1.762584604821509515e+01
1.040314189572019821e+01
4.513516668382050234e+00
1.335116235624909109e+01
1.117038385124011413e+01
1.178062436274634450e+01
1.475547227809780537e+01
1.854116169711310036e+01
1.145179781116143225e+01
1.431752655671925822e+01
4.370193722368316713e+00
5.753627391751591880e+00
1.409345127989185542e+01
1.251433034574463399e+01
1.363425735166143049e+01
1.729772508200899850e+01
1.530607971465162365e+01
1.555363345008750464e+01
1.413855043925722121e+01
1.064510777218481152e+01
1.002925341359354938e+01
1.381976597885341995e+01
1.372732503515539548e+01
1.009253008808064145e+01
9.027033336764100468e+00
6.955796338302048021e+00
1.058513485680245481e+01
3.568248232305542444e+00
8.667244841319218907e+00
1.281592373849173683e+01
1.496964127403822076e+01
1.547155565579009817e+01
6.076507779746498805e+00
7.978845608028653835e+00
