7.312732791431452384e+00
1.296408962885714899e+01
1.325545386523797831e+01
1.046415791390898242e+01
1.296408962885714899e+01
9.965574970333758387e+00
1.178062436274634450e+01
8.812923024107547576e+00
1.386575534383213970e+01
1.501210842680413826e+01
9.574614729634383536e+00
1.058513485680245481e+01
1.204779266504070279e+01
1.058513485680245481e+01
1.178062436274634450e+01
1.266602473693425601e+01
3.568248232305542444e+00
1.431752655671925822e+01
1.194164264288369282e+01
1.178062436274634450e+01
1.315904928495908166e+01
1.400281721259029588e+01
9.440697438826296306e+00
6.282549314314217703e+00
9.965574970333758387e+00
1.335116235624909109e+01
1.117038385124011413e+01
1.526443044094783019e+01
1.145179781116143225e+01
1.354055000514615159e+01
1.021790793990058255e+01
1.220528683538465842e+01
1.220528683538465842e+01
9.965574970333758387e+00
9.236181543108379799e+00
1.368087033328175828e+01
9.507891862878782518e+00
1.058513485680245481e+01
1.395727947504383337e+01
9.373021315815206478e+00
1.276615297284584649e+01
1.064510777218481152e+01
1.161737456321036532e+01
1.471226436021925466e+01
9.965574970333758387e+00
5.292567428401227403e+00
7.484820637019110379e+00
8.136857890256438353e+00
1.178062436274634450e+01
9.965574970333758387e+00
7.978845608028653835e+00
8.740387444736633427e+00
1.276615297284584649e+01
8.291859587312051971e+00
1.009253008808064145e+01
1.377362305878664728e+01
9.373021315815206478e+00
1.631278838364701755e+01
7.735777827895049086e+00
6.770275002573075795e+00
1.296408962885714899e+01
9.373021315815206478e+00
9.236181543108379799e+00
1.266602473693425601e+01
1.413855043925722121e+01
1.082303275961201905e+01
1.368087033328175828e+01
1.400281721259029588e+01
4.068428945128219176e+00
1.286550196516137312e+01
3.385137501286537898e+00
1.117038385124011413e+01
1.422831991532699902e+01
6.770275002573075795e+00
1.241217083805063837e+01
7.046725639945927711e+00
9.373021315815206478e+00
1.513879513212096128e+01
1.058513485680245481e+01
1.178062436274634450e+01
1.117038385124011413e+01
8.740387444736633427e+00
1.117038385124011413e+01
1.251433034574463399e+01
1.611647812414279102e+01
1.167204486311898926e+01
7.735777827895049086e+00
9.574614729634383536e+00
6.770275002573075795e+00
1.271618740744904485e+01
9.166995688475081394e+00
5.170882945826410726e+00
1.178062436274634450e+01
7.225151993843566878e+00
1.156244577056221523e+01
1.246335526484300615e+01
8.136857890256438353e+00
1.563528038089343752e+01
1.395727947504383337e+01
4.513516668382050234e+00
1.281592373849173683e+01
1.183454054540639433e+01
1.064510777218481152e+01
1.058513485680245481e+01
1.339876023397903637e+01
1.335116235624909109e+01
1.058513485680245481e+01
9.965574970333758387e+00
4.513516668382050234e+00
9.373021315815206478e+00
8.740387444736633427e+00
1.034176589165282145e+01
9.836981518731869656e+00
1.178062436274634450e+01
1.377362305878664728e+01
5.170882945826410726e+00
1.422831991532699902e+01
9.166995688475081394e+00
8.058239062071395509e+00
8.667244841319218907e+00
