1.445030398768713376e+01
1.354055000514615159e+01
1.368087033328175828e+01
9.965574970333758387e+00
9.965574970333758387e+00
1.161737456321036532e+01
1.445030398768713376e+01
1.599753570059363028e+01
9.965574970333758387e+00
6.180387232371033157e+00
1.088169461344923583e+01
1.210051848659980855e+01
1.058513485680245481e+01
1.246335526484300615e+01
1.276615297284584649e+01
1.488434347843123184e+01
1.220528683538465842e+01
1.178062436274634450e+01
1.354055000514615159e+01
1.431752655671925822e+01
8.812923024107547576e+00
9.166995688475081394e+00
1.335116235624909109e+01
1.117038385124011413e+01
1.555363345008750464e+01
1.484151074652385738e+01
1.150725478350318376e+01
9.440697438826296306e+00
1.256509862862843541e+01
1.215301555949299761e+01
9.965574970333758387e+00
8.136857890256438353e+00
1.479855404066383784e+01
9.965574970333758387e+00
1.058513485680245481e+01
1.534761596392107741e+01
9.373021315815206478e+00
1.296408962885714899e+01
1.117038385124011413e+01
1.156244577056221523e+01
1.599753570059363028e+01
1.002925341359354938e+01
5.411516379806009525e+00
1.178062436274634450e+01
9.965574970333758387e+00
8.812923024107547576e+00
1.058513485680245481e+01
1.354055000514615159e+01
7.399277020331918919e+00
1.458187244392064308e+01
9.836981518731869656e+00
1.729772508200899850e+01
1.354055000514615159e+01
8.593479713983121826e+00
8.136857890256438353e+00
1.466892917224166482e+01
1.363425735166143049e+01
1.134007028277388685e+01
1.505445578434700415e+01
1.488434347843123184e+01
1.381976597885341995e+01
1.117038385124011413e+01
1.440618081907316395e+01
1.296408962885714899e+01
1.639065416446577927e+01
8.136857890256438353e+00
1.058513485680245481e+01
1.296408962885714899e+01
1.117038385124011413e+01
8.136857890256438353e+00
1.167204486311898926e+01
1.372732503515539548e+01
1.718695942796624365e+01
1.167204486311898926e+01
5.046265044040320724e+00
1.413855043925722121e+01
8.444016491289504600e+00
8.291859587312051971e+00
1.339876023397903637e+01
1.330339418036568588e+01
1.215301555949299761e+01
6.076507779746498805e+00
1.639065416446577927e+01
1.436192209445157708e+01
1.404820733880128181e+01
1.363425735166143049e+01
1.099807968464679142e+01
1.034176589165282145e+01
1.372732503515539548e+01
1.377362305878664728e+01
1.058513485680245481e+01
9.373021315815206478e+00
8.593479713983121826e+00
7.817640190446718762e+00
1.058513485680245481e+01
9.640875829802336483e+00
1.230916348999737586e+01
1.431752655671925822e+01
1.484151074652385738e+01
8.136857890256438353e+00
8.740387444736633427e+00
4.222008245644752300e+00
