7.898654169668588132e+00
1.296408962885714899e+01
1.320733953636073110e+01
1.046415791390898242e+01
1.286550196516137312e+01
9.965574970333758387e+00
1.178062436274634450e+01
8.956231982162769611e+00
1.372732503515539548e+01
1.471226436021925466e+01
9.507891862878782518e+00
1.058513485680245481e+01
1.210051848659980855e+01
1.058513485680245481e+01
1.178062436274634450e+01
1.246335526484300615e+01
5.970821321441846408e+00
1.431752655671925822e+01
1.199483507827737583e+01
1.178062436274634450e+01
1.296408962885714899e+01
1.372732503515539548e+01
9.236181543108379799e+00
7.046725639945927711e+00
9.965574970333758387e+00
1.344618962205996482e+01
1.094004191971426110e+01
1.505445578434700415e+01
1.122723095552866468e+01
1.330339418036568588e+01
1.009253008808064145e+01
1.183454054540639433e+01
1.225733520300188317e+01
9.965574970333758387e+00
9.236181543108379799e+00
1.358748446131948917e+01
9.440697438826296306e+00
4.370193722368316713e+00
1.058513485680245481e+01
9.373021315815206478e+00
1.315904928495908166e+01
1.271618740744904485e+01
1.058513485680245481e+01
1.161737456321036532e+01
1.440618081907316395e+01
9.965574970333758387e+00
5.970821321441846408e+00
7.978845608028653835e+00
8.136857890256438353e+00
1.178062436274634450e+01
9.965574970333758387e+00
8.444016491289504600e+00
8.740387444736633427e+00
1.266602473693425601e+01
8.593479713983121826e+00
9.965574970333758387e+00
1.358748446131948917e+01
9.507891862878782518e+00
1.611647812414279102e+01
8.136857890256438353e+00
7.046725639945927711e+00
1.296408962885714899e+01
9.373021315815206478e+00
9.373021315815206478e+00
1.246335526484300615e+01
1.395727947504383337e+01
1.076405121554611632e+01
1.311058116710494836e+01
1.368087033328175828e+01
5.970821321441846408e+00
5.753627391751591880e+00
1.236077446474206631e+01
1.117038385124011413e+01
1.413855043925722121e+01
7.225151993843566878e+00
1.236077446474206631e+01
7.225151993843566878e+00
9.373021315815206478e+00
1.479855404066383784e+01
1.058513485680245481e+01
1.178062436274634450e+01
1.117038385124011413e+01
8.740387444736633427e+00
1.117038385124011413e+01
1.220528683538465842e+01
1.591774699517169012e+01
1.139607097042601680e+01
7.978845608028653835e+00
7.225151993843566878e+00
9.836981518731869656e+00
1.251433034574463399e+01
9.304852983362556174e+00
6.579524642479540830e+00
1.178062436274634450e+01
4.068428945128219176e+00
7.735777827895049086e+00
1.117038385124011413e+01
1.199483507827737583e+01
8.058239062071395509e+00
1.522266721510391640e+01
1.391159267660409604e+01
5.753627391751591880e+00
1.266602473693425601e+01
1.046415791390898242e+01
1.058513485680245481e+01
1.178062436274634450e+01
1.320733953636073110e+01
1.330339418036568588e+01
1.058513485680245481e+01
9.965574970333758387e+00
5.753627391751591880e+00
9.373021315815206478e+00
8.740387444736633427e+00
1.034176589165282145e+01
9.836981518731869656e+00
1.178062436274634450e+01
1.372732503515539548e+01
6.180387232371033157e+00
1.413855043925722121e+01
9.373021315815206478e+00
8.519075891779829490e+00
8.740387444736633427e+00
