1.538904010394216471e+01
1.372732503515539548e+01
1.381976597885341995e+01
9.706684619910241452e+00
9.965574970333758387e+00
1.156244577056221523e+01
1.466892917224166482e+01
1.603728119216292924e+01
9.901487006738307173e+00
1.070474469691662733e+01
1.210051848659980855e+01
1.058513485680245481e+01
1.256509862862843541e+01
1.276615297284584649e+01
1.492705330360461602e+01
1.236077446474206631e+01
1.178062436274634450e+01
1.344618962205996482e+01
1.453814859003845150e+01
8.291859587312051971e+00
8.740387444736633427e+00
1.330339418036568588e+01
1.583755632390385770e+01
1.134007028277388685e+01
1.492705330360461602e+01
1.156244577056221523e+01
8.956231982162769611e+00
1.276615297284584649e+01
1.215301555949299761e+01
9.901487006738307173e+00
7.484820637019110379e+00
1.513879513212096128e+01
9.965574970333758387e+00
1.058513485680245481e+01
1.567594437773643001e+01
9.507891862878782518e+00
1.330339418036568588e+01
1.117038385124011413e+01
1.156244577056221523e+01
1.595769121605730767e+01
1.040314189572019821e+01
1.178062436274634450e+01
9.965574970333758387e+00
8.593479713983121826e+00
1.404820733880128181e+01
1.058513485680245481e+01
6.863662517577697741e+00
1.475547227809780537e+01
9.836981518731869656e+00
1.776973289316191185e+01
1.372732503515539548e+01
7.978845608028653835e+00
7.898654169668588132e+00
1.488434347843123184e+01
1.372732503515539548e+01
1.134007028277388685e+01
1.530607971465162365e+01
1.492705330360461602e+01
1.381976597885341995e+01
1.117038385124011413e+01
1.453814859003845150e+01
1.344618962205996482e+01
1.677456227108388731e+01
7.225151993843566878e+00
1.058513485680245481e+01
1.306193320280393344e+01
1.117038385124011413e+01
1.178062436274634450e+01
6.955796338302048021e+00
1.418350619798065715e+01
1.798340469329240676e+01
1.156244577056221523e+01
1.422831991532699902e+01
7.225151993843566878e+00
7.484820637019110379e+00
1.368087033328175828e+01
1.256509862862843541e+01
1.349345229721172146e+01
1.666031874701878124e+01
1.479855404066383784e+01
1.501210842680413826e+01
1.381976597885341995e+01
1.094004191971426110e+01
1.009253008808064145e+01
1.377362305878664728e+01
1.372732503515539548e+01
1.040314189572019821e+01
9.373021315815206478e+00
8.136857890256438353e+00
7.225151993843566878e+00
1.058513485680245481e+01
9.236181543108379799e+00
1.281592373849173683e+01
1.453814859003845150e+01
1.501210842680413826e+01
7.399277020331918919e+00
8.136857890256438353e+00
