6.863662517577697741e+00
1.330339418036568588e+01
1.330339418036568588e+01
1.325545386523797831e+01
1.034176589165282145e+01
9.965574970333758387e+00
1.178062436274634450e+01
8.291859587312051971e+00
1.404820733880128181e+01
1.563528038089343752e+01
9.965574970333758387e+00
1.058513485680245481e+01
1.204779266504070279e+01
1.058513485680245481e+01
1.194164264288369282e+01
1.281592373849173683e+01
1.445030398768713376e+01
1.194164264288369282e+01
1.178062436274634450e+01
1.335116235624909109e+01
1.404820733880128181e+01
9.373021315815206478e+00
3.385137501286537898e+00
9.901487006738307173e+00
1.335116235624909109e+01
1.111324596323282954e+01
1.538904010394216471e+01
1.409345127989185542e+01
1.134007028277388685e+01
9.965574970333758387e+00
1.236077446474206631e+01
1.215301555949299761e+01
9.965574970333758387e+00
9.097283682934460103e+00
1.400281721259029588e+01
9.965574970333758387e+00
1.058513485680245481e+01
1.427299292922216978e+01
9.373021315815206478e+00
1.296408962885714899e+01
1.105581278308273596e+01
1.167204486311898926e+01
1.501210842680413826e+01
9.965574970333758387e+00
6.180387232371033157e+00
7.653039857325811823e+00
1.178062436274634450e+01
9.965574970333758387e+00
6.863662517577697741e+00
8.444016491289504600e+00
1.052482020710848865e+01
1.296408962885714899e+01
8.291859587312051971e+00
1.400281721259029588e+01
9.373021315815206478e+00
1.654528640181426269e+01
7.136496464611084889e+00
4.787307364817191768e+00
1.315904928495908166e+01
9.373021315815206478e+00
9.027033336764100468e+00
1.296408962885714899e+01
1.413855043925722121e+01
1.105581278308273596e+01
1.431752655671925822e+01
1.449429283826230197e+01
1.325545386523797831e+01
1.117038385124011413e+01
1.427299292922216978e+01
5.046265044040320724e+00
1.266602473693425601e+01
5.641895835477562571e+00
9.166995688475081394e+00
1.547155565579009817e+01
1.058513485680245481e+01
1.225733520300188317e+01
1.117038385124011413e+01
8.740387444736633427e+00
1.117038385124011413e+01
1.311058116710494836e+01
1.677456227108388731e+01
1.178062436274634450e+01
7.225151993843566878e+00
9.373021315815206478e+00
4.787307364817191768e+00
1.320733953636073110e+01
8.812923024107547576e+00
1.220528683538465842e+01
6.076507779746498805e+00
1.306193320280393344e+01
1.178062436274634450e+01
8.136857890256438353e+00
1.587770228520368221e+01
1.400281721259029588e+01
1.325545386523797831e+01
1.286550196516137312e+01
1.094004191971426110e+01
1.058513485680245481e+01
1.358748446131948917e+01
1.354055000514615159e+01
1.058513485680245481e+01
9.836981518731869656e+00
9.097283682934460103e+00
8.740387444736633427e+00
1.070474469691662733e+01
9.901487006738307173e+00
1.178062436274634450e+01
1.409345127989185542e+01
1.431752655671925822e+01
9.027033336764100468e+00
7.484820637019110379e+00
8.444016491289504600e+00
