1.458187244392064308e+01
1.368087033328175828e+01
1.372732503515539548e+01
9.901487006738307173e+00
9.965574970333758387e+00
1.156244577056221523e+01
1.445030398768713376e+01
1.603728119216292924e+01
9.901487006738307173e+00
5.170882945826410726e+00
1.082303275961201905e+01
1.210051848659980855e+01
1.058513485680245481e+01
1.246335526484300615e+01
1.276615297284584649e+01
1.488434347843123184e+01
1.230916348999737586e+01
1.178062436274634450e+01
1.354055000514615159e+01
1.445030398768713376e+01
8.519075891779829490e+00
9.097283682934460103e+00
1.335116235624909109e+01
1.567594437773643001e+01
1.117038385124011413e+01
1.488434347843123184e+01
1.156244577056221523e+01
9.166995688475081394e+00
1.266602473693425601e+01
1.215301555949299761e+01
9.965574970333758387e+00
7.817640190446718762e+00
1.496964127403822076e+01
9.965574970333758387e+00
1.058513485680245481e+01
1.551264883747923129e+01
9.507891862878782518e+00
1.296408962885714899e+01
1.117038385124011413e+01
1.156244577056221523e+01
1.595769121605730767e+01
1.009253008808064145e+01
1.178062436274634450e+01
4.370193722368316713e+00
9.965574970333758387e+00
8.593479713983121826e+00
1.058513485680245481e+01
1.372732503515539548e+01
7.225151993843566878e+00
1.471226436021925466e+01
9.901487006738307173e+00
1.751715531361111644e+01
1.368087033328175828e+01
8.214724333230154940e+00
8.136857890256438353e+00
1.479855404066383784e+01
1.381976597885341995e+01
1.134007028277388685e+01
1.522266721510391640e+01
1.488434347843123184e+01
1.386575534383213970e+01
1.117038385124011413e+01
1.449429283826230197e+01
1.315904928495908166e+01
1.642944866646030988e+01
7.898654169668588132e+00
1.058513485680245481e+01
1.301310337505149661e+01
1.117038385124011413e+01
7.898654169668588132e+00
1.167204486311898926e+01
1.404820733880128181e+01
1.737117647432762624e+01
1.167204486311898926e+01
3.908820095223359381e+00
1.422831991532699902e+01
7.978845608028653835e+00
7.978845608028653835e+00
1.339876023397903637e+01
1.225733520300188317e+01
1.339876023397903637e+01
5.170882945826410726e+00
1.650676414605009157e+01
1.466892917224166482e+01
1.445030398768713376e+01
1.363425735166143049e+01
1.099807968464679142e+01
1.021790793990058255e+01
1.377362305878664728e+01
1.377362305878664728e+01
1.052482020710848865e+01
9.373021315815206478e+00
8.368283871884004910e+00
7.484820637019110379e+00
1.058513485680245481e+01
9.373021315815206478e+00
1.271618740744904485e+01
1.453814859003845150e+01
1.488434347843123184e+01
7.898654169668588132e+00
8.593479713983121826e+00
