1.381976597885341995e+01
5.527906391541367981e+00
1.335116235624909109e+01
1.344618962205996482e+01
1.021790793990058255e+01
9.965574970333758387e+00
1.178062436274634450e+01
7.569397566060480642e+00
1.413855043925722121e+01
1.579730833933717626e+01
9.965574970333758387e+00
1.058513485680245481e+01
1.204779266504070279e+01
1.058513485680245481e+01
1.230916348999737586e+01
1.276615297284584649e+01
1.471226436021925466e+01
1.215301555949299761e+01
1.178062436274634450e+01
1.354055000514615159e+01
1.427299292922216978e+01
9.373021315815206478e+00
9.772050238058398008e+00
1.335116235624909109e+01
1.117038385124011413e+01
1.543035303761632804e+01
1.466892917224166482e+01
1.134007028277388685e+01
9.836981518731869656e+00
1.246335526484300615e+01
1.215301555949299761e+01
9.965574970333758387e+00
8.667244841319218907e+00
1.431752655671925822e+01
9.965574970333758387e+00
1.058513485680245481e+01
1.475547227809780537e+01
9.373021315815206478e+00
1.296408962885714899e+01
1.117038385124011413e+01
1.167204486311898926e+01
1.543035303761632804e+01
9.965574970333758387e+00
3.742410318509555189e+00
6.863662517577697741e+00
1.178062436274634450e+01
9.965574970333758387e+00
5.641895835477562571e+00
8.291859587312051971e+00
1.058513485680245481e+01
1.311058116710494836e+01
8.136857890256438353e+00
1.431752655671925822e+01
9.507891862878782518e+00
1.696325844612841038e+01
5.753627391751591880e+00
1.335116235624909109e+01
9.236181543108379799e+00
8.667244841319218907e+00
1.445030398768713376e+01
1.354055000514615159e+01
1.156244577056221523e+01
1.479855404066383784e+01
1.475547227809780537e+01
1.354055000514615159e+01
1.117038385124011413e+01
1.427299292922216978e+01
1.291488987023529766e+01
9.027033336764100468e+00
1.587770228520368221e+01
1.058513485680245481e+01
1.291488987023529766e+01
1.117038385124011413e+01
8.884866446580955923e+00
1.134007028277388685e+01
1.358748446131948917e+01
1.703815178355965898e+01
1.178062436274634450e+01
7.046725639945927711e+00
9.304852983362556174e+00
1.395727947504383337e+01
8.740387444736633427e+00
1.236077446474206631e+01
1.311058116710494836e+01
1.194164264288369282e+01
2.763953195770683990e+00
7.978845608028653835e+00
1.599753570059363028e+01
1.413855043925722121e+01
1.344618962205996482e+01
1.330339418036568588e+01
1.105581278308273596e+01
1.058513485680245481e+01
1.368087033328175828e+01
1.372732503515539548e+01
1.058513485680245481e+01
9.772050238058398008e+00
9.027033336764100468e+00
8.740387444736633427e+00
1.058513485680245481e+01
9.965574970333758387e+00
1.194164264288369282e+01
1.427299292922216978e+01
1.445030398768713376e+01
8.667244841319218907e+00
8.368283871884004910e+00
6.863662517577697741e+00
