1.587770228520368221e+01
1.418350619798065715e+01
1.395727947504383337e+01
9.166995688475081394e+00
9.901487006738307173e+00
1.134007028277388685e+01
1.479855404066383784e+01
1.650676414605009157e+01
9.772050238058398008e+00
1.070474469691662733e+01
1.215301555949299761e+01
1.034176589165282145e+01
1.271618740744904485e+01
1.271618740744904485e+01
1.522266721510391640e+01
1.246335526484300615e+01
1.199483507827737583e+01
1.335116235624909109e+01
1.488434347843123184e+01
6.675581178124545545e+00
7.484820637019110379e+00
1.315904928495908166e+01
1.611647812414279102e+01
1.220528683538465842e+01
1.526443044094783019e+01
1.161737456321036532e+01
1.306193320280393344e+01
8.136857890256438353e+00
1.215301555949299761e+01
9.772050238058398008e+00
1.543035303761632804e+01
2.523132522020160362e+00
9.965574970333758387e+00
1.046415791390898242e+01
1.607692842495848140e+01
9.373021315815206478e+00
1.377362305878664728e+01
1.225733520300188317e+01
1.156244577056221523e+01
1.607692842495848140e+01
1.046415791390898242e+01
1.161737456321036532e+01
9.373021315815206478e+00
7.817640190446718762e+00
1.449429283826230197e+01
1.117038385124011413e+01
1.488434347843123184e+01
9.373021315815206478e+00
1.829923496393627147e+01
1.422831991532699902e+01
5.170882945826410726e+00
5.970821321441846408e+00
1.538904010394216471e+01
1.404820733880128181e+01
1.156244577056221523e+01
1.595769121605730767e+01
1.513879513212096128e+01
1.386575534383213970e+01
1.117038385124011413e+01
1.484151074652385738e+01
1.349345229721172146e+01
1.794796937867891984e+01
1.040314189572019821e+01
1.354055000514615159e+01
1.117038385124011413e+01
1.178062436274634450e+01
1.479855404066383784e+01
1.854116169711310036e+01
1.145179781116143225e+01
1.440618081907316395e+01
5.046265044040320724e+00
1.413855043925722121e+01
1.256509862862843541e+01
1.363425735166143049e+01
1.555363345008750464e+01
1.740778594902202769e+01
1.559451034962034477e+01
1.418350619798065715e+01
1.064510777218481152e+01
1.002925341359354938e+01
1.381976597885341995e+01
1.377362305878664728e+01
1.002925341359354938e+01
8.812923024107547576e+00
6.675581178124545545e+00
1.082303275961201905e+01
8.444016491289504600e+00
1.276615297284584649e+01
1.513879513212096128e+01
1.551264883747923129e+01
5.292567428401227403e+00
7.817640190446718762e+00
