1.009253008808064145e+01
8.136857890256438353e+00
1.296408962885714899e+01
1.311058116710494836e+01
1.034176589165282145e+01
1.261566261010080048e+01
9.965574970333758387e+00
1.178062436274634450e+01
9.373021315815206478e+00
1.368087033328175828e+01
1.372732503515539548e+01
9.373021315815206478e+00
1.058513485680245481e+01
1.204779266504070279e+01
1.058513485680245481e+01
1.178062436274634450e+01
1.236077446474206631e+01
7.653039857325811823e+00
1.413855043925722121e+01
1.194164264288369282e+01
1.178062436274634450e+01
1.296408962885714899e+01
1.349345229721172146e+01
9.304852983362556174e+00
7.978845608028653835e+00
9.965574970333758387e+00
1.335116235624909109e+01
1.058513485680245481e+01
1.453814859003845150e+01
1.070474469691662733e+01
9.965574970333758387e+00
1.296408962885714899e+01
1.167204486311898926e+01
1.199483507827737583e+01
2.985410660720923204e+00
9.965574970333758387e+00
9.097283682934460103e+00
1.296408962885714899e+01
6.282549314314217703e+00
9.373021315815206478e+00
6.482044814428574497e+00
1.058513485680245481e+01
9.373021315815206478e+00
1.236077446474206631e+01
1.220528683538465842e+01
1.058513485680245481e+01
1.145179781116143225e+01
1.368087033328175828e+01
9.965574970333758387e+00
7.225151993843566878e+00
8.368283871884004910e+00
4.652426491681278087e+00
8.593479713983121826e+00
1.111324596323282954e+01
9.965574970333758387e+00
8.740387444736633427e+00
8.740387444736633427e+00
1.236077446474206631e+01
8.740387444736633427e+00
9.965574970333758387e+00
4.513516668382050234e+00
1.276615297284584649e+01
9.507891862878782518e+00
1.543035303761632804e+01
8.136857890256438353e+00
7.399277020331918919e+00
1.296408962885714899e+01
9.836981518731869656e+00
9.373021315815206478e+00
1.377362305878664728e+01
1.199483507827737583e+01
9.965574970333758387e+00
1.256509862862843541e+01
1.325545386523797831e+01
7.225151993843566878e+00
7.484820637019110379e+00
1.178062436274634450e+01
4.513516668382050234e+00
1.064510777218481152e+01
1.349345229721172146e+01
8.136857890256438353e+00
1.082303275961201905e+01
1.225733520300188317e+01
7.653039857325811823e+00
9.373021315815206478e+00
1.040314189572019821e+01
6.383076486422923246e+00
1.418350619798065715e+01
1.178062436274634450e+01
1.099807968464679142e+01
8.444016491289504600e+00
1.117038385124011413e+01
1.543035303761632804e+01
1.128379167095512514e+01
1.088169461344923583e+01
8.291859587312051971e+00
5.527906391541367981e+00
8.291859587312051971e+00
9.965574970333758387e+00
1.215301555949299761e+01
9.304852983362556174e+00
7.312732791431452384e+00
1.178062436274634450e+01
6.863662517577697741e+00
8.136857890256438353e+00
1.088169461344923583e+01
1.122723095552866468e+01
8.136857890256438353e+00
1.395727947504383337e+01
1.363425735166143049e+01
7.225151993843566878e+00
1.210051848659980855e+01
1.040314189572019821e+01
1.058513485680245481e+01
1.161737456321036532e+01
1.261566261010080048e+01
1.296408962885714899e+01
1.058513485680245481e+01
4.222008245644752300e+00
9.965574970333758387e+00
7.225151993843566878e+00
9.373021315815206478e+00
8.812923024107547576e+00
9.836981518731869656e+00
9.507891862878782518e+00
1.178062436274634450e+01
1.315904928495908166e+01
7.312732791431452384e+00
1.291488987023529766e+01
4.222008245644752300e+00
9.373021315815206478e+00
8.444016491289504600e+00
8.740387444736633427e+00
5.753627391751591880e+00
