4.222008245644752300e+00
5.753627391751591880e+00
5.292567428401227403e+00
4.513516668382050234e+00
4.787307364817191768e+00
6.180387232371033157e+00
4.918490759365934828e+00
5.292567428401227403e+00
5.970821321441846408e+00
4.918490759365934828e+00
6.482044814428574497e+00
5.970821321441846408e+00
5.641895835477562571e+00
5.641895835477562571e+00
5.863230142835038627e+00
3.191538243211461623e+00
5.411516379806009525e+00
6.076507779746498805e+00
3.742410318509555189e+00
4.370193722368316713e+00
5.527906391541367981e+00
3.191538243211461623e+00
4.652426491681278087e+00
5.046265044040320724e+00
5.170882945826410726e+00
5.641895835477562571e+00
4.787307364817191768e+00
5.753627391751591880e+00
6.383076486422923246e+00
3.908820095223359381e+00
4.068428945128219176e+00
5.411516379806009525e+00
5.046265044040320724e+00
5.292567428401227403e+00
5.527906391541367981e+00
3.742410318509555189e+00
5.527906391541367981e+00
5.641895835477562571e+00
4.652426491681278087e+00
5.527906391541367981e+00
5.970821321441846408e+00
5.292567428401227403e+00
5.753627391751591880e+00
5.527906391541367981e+00
5.527906391541367981e+00
4.787307364817191768e+00
4.652426491681278087e+00
6.076507779746498805e+00
5.046265044040320724e+00
5.411516379806009525e+00
5.863230142835038627e+00
6.282549314314217703e+00
4.787307364817191768e+00
4.222008245644752300e+00
4.222008245644752300e+00
6.180387232371033157e+00
5.411516379806009525e+00
4.652426491681278087e+00
6.076507779746498805e+00
5.753627391751591880e+00
5.170882945826410726e+00
5.753627391751591880e+00
5.970821321441846408e+00
6.383076486422923246e+00
4.652426491681278087e+00
6.076507779746498805e+00
4.652426491681278087e+00
4.513516668382050234e+00
5.292567428401227403e+00
5.863230142835038627e+00
4.222008245644752300e+00
6.076507779746498805e+00
5.970821321441846408e+00
4.222008245644752300e+00
6.076507779746498805e+00
4.787307364817191768e+00
6.482044814428574497e+00
5.292567428401227403e+00
5.753627391751591880e+00
5.292567428401227403e+00
5.527906391541367981e+00
5.046265044040320724e+00
4.652426491681278087e+00
4.787307364817191768e+00
3.385137501286537898e+00
4.787307364817191768e+00
5.170882945826410726e+00
6.076507779746498805e+00
4.222008245644752300e+00
5.753627391751591880e+00
5.411516379806009525e+00
5.641895835477562571e+00
5.753627391751591880e+00
6.383076486422923246e+00
4.787307364817191768e+00
2.523132522020160362e+00
5.527906391541367981e+00
5.753627391751591880e+00
4.370193722368316713e+00
3.385137501286537898e+00
5.292567428401227403e+00
5.970821321441846408e+00
5.411516379806009525e+00
6.282549314314217703e+00
6.383076486422923246e+00
1.954410047611679691e+00
5.753627391751591880e+00
6.076507779746498805e+00
5.753627391751591880e+00
5.863230142835038627e+00
3.191538243211461623e+00
5.753627391751591880e+00
5.527906391541367981e+00
5.753627391751591880e+00
2.985410660720923204e+00
6.383076486422923246e+00
4.918490759365934828e+00
5.753627391751591880e+00
4.918490759365934828e+00
4.652426491681278087e+00
3.191538243211461623e+00
4.652426491681278087e+00
4.222008245644752300e+00
6.076507779746498805e+00
3.385137501286537898e+00
5.411516379806009525e+00
6.076507779746498805e+00
5.046265044040320724e+00
5.641895835477562571e+00
4.787307364817191768e+00
5.046265044040320724e+00
5.753627391751591880e+00
4.370193722368316713e+00
4.787307364817191768e+00
5.753627391751591880e+00
5.753627391751591880e+00
4.068428945128219176e+00
5.753627391751591880e+00
4.222008245644752300e+00
4.652426491681278087e+00
6.180387232371033157e+00
4.222008245644752300e+00
4.787307364817191768e+00
5.170882945826410726e+00
5.527906391541367981e+00
5.411516379806009525e+00
5.753627391751591880e+00
5.411516379806009525e+00
4.513516668382050234e+00
5.170882945826410726e+00
5.527906391541367981e+00
5.753627391751591880e+00
5.170882945826410726e+00
5.292567428401227403e+00
5.170882945826410726e+00
5.411516379806009525e+00
5.527906391541367981e+00
5.753627391751591880e+00
5.753627391751591880e+00
4.513516668382050234e+00
3.908820095223359381e+00
4.787307364817191768e+00
4.222008245644752300e+00
5.641895835477562571e+00
4.068428945128219176e+00
5.641895835477562571e+00
5.970821321441846408e+00
4.222008245644752300e+00
5.046265044040320724e+00
6.383076486422923246e+00
5.292567428401227403e+00
4.222008245644752300e+00
5.753627391751591880e+00
5.527906391541367981e+00
5.527906391541367981e+00
5.527906391541367981e+00
3.908820095223359381e+00
5.527906391541367981e+00
5.292567428401227403e+00
5.970821321441846408e+00
6.076507779746498805e+00
6.282549314314217703e+00
5.753627391751591880e+00
5.753627391751591880e+00
6.282549314314217703e+00
5.292567428401227403e+00
4.068428945128219176e+00
5.046265044040320724e+00
4.513516668382050234e+00
5.753627391751591880e+00
5.863230142835038627e+00
4.918490759365934828e+00
4.513516668382050234e+00
6.076507779746498805e+00
3.742410318509555189e+00
4.513516668382050234e+00
4.068428945128219176e+00
5.527906391541367981e+00
4.513516668382050234e+00
4.787307364817191768e+00
5.292567428401227403e+00
6.180387232371033157e+00
4.787307364817191768e+00
6.076507779746498805e+00
5.292567428401227403e+00
5.527906391541367981e+00
5.170882945826410726e+00
6.076507779746498805e+00
3.191538243211461623e+00
4.787307364817191768e+00
6.180387232371033157e+00
4.918490759365934828e+00
3.742410318509555189e+00
4.918490759365934828e+00
3.568248232305542444e+00
4.918490759365934828e+00
5.170882945826410726e+00
5.292567428401227403e+00
3.385137501286537898e+00
4.222008245644752300e+00
4.787307364817191768e+00
5.863230142835038627e+00
5.046265044040320724e+00
5.753627391751591880e+00
6.076507779746498805e+00
3.191538243211461623e+00
5.292567428401227403e+00
5.970821321441846408e+00
5.411516379806009525e+00
4.370193722368316713e+00
5.863230142835038627e+00
4.513516668382050234e+00
4.513516668382050234e+00
5.753627391751591880e+00
5.753627391751591880e+00
3.908820095223359381e+00
5.411516379806009525e+00
6.282549314314217703e+00
4.513516668382050234e+00
4.513516668382050234e+00
4.652426491681278087e+00
4.222008245644752300e+00
5.753627391751591880e+00
5.046265044040320724e+00
5.753627391751591880e+00
5.753627391751591880e+00
4.513516668382050234e+00
5.641895835477562571e+00
4.370193722368316713e+00
5.170882945826410726e+00
5.527906391541367981e+00
3.908820095223359381e+00
5.292567428401227403e+00
4.370193722368316713e+00
4.787307364817191768e+00
5.641895835477562571e+00
6.282549314314217703e+00
6.282549314314217703e+00
5.170882945826410726e+00
5.046265044040320724e+00
4.787307364817191768e+00
5.292567428401227403e+00
6.076507779746498805e+00
5.292567428401227403e+00
4.370193722368316713e+00
4.513516668382050234e+00
6.383076486422923246e+00
5.170882945826410726e+00
5.411516379806009525e+00
5.641895835477562571e+00
4.222008245644752300e+00
6.180387232371033157e+00
4.918490759365934828e+00
5.046265044040320724e+00
5.046265044040320724e+00
6.076507779746498805e+00
2.985410660720923204e+00
6.076507779746498805e+00
5.170882945826410726e+00
5.292567428401227403e+00
5.527906391541367981e+00
4.787307364817191768e+00
6.076507779746498805e+00
4.787307364817191768e+00
5.641895835477562571e+00
5.753627391751591880e+00
5.753627391751591880e+00
6.383076486422923246e+00
4.068428945128219176e+00
5.970821321441846408e+00
5.527906391541367981e+00
6.180387232371033157e+00
4.787307364817191768e+00
5.411516379806009525e+00
3.742410318509555189e+00
6.383076486422923246e+00
5.753627391751591880e+00
5.641895835477562571e+00
2.763953195770683990e+00
5.292567428401227403e+00
5.641895835477562571e+00
5.292567428401227403e+00
3.385137501286537898e+00
6.383076486422923246e+00
5.411516379806009525e+00
3.742410318509555189e+00
6.180387232371033157e+00
5.411516379806009525e+00
4.513516668382050234e+00
5.753627391751591880e+00
5.863230142835038627e+00
5.046265044040320724e+00
4.513516668382050234e+00
4.787307364817191768e+00
4.222008245644752300e+00
5.292567428401227403e+00
5.753627391751591880e+00
5.970821321441846408e+00
5.527906391541367981e+00
4.370193722368316713e+00
3.742410318509555189e+00
5.411516379806009525e+00
5.641895835477562571e+00
6.282549314314217703e+00
5.046265044040320724e+00
4.370193722368316713e+00
5.292567428401227403e+00
4.918490759365934828e+00
3.908820095223359381e+00
5.292567428401227403e+00
2.985410660720923204e+00
4.222008245644752300e+00
3.742410318509555189e+00
5.970821321441846408e+00
5.170882945826410726e+00
5.292567428401227403e+00
4.918490759365934828e+00
4.513516668382050234e+00
5.753627391751591880e+00
5.863230142835038627e+00
6.076507779746498805e+00
2.763953195770683990e+00
5.527906391541367981e+00
5.863230142835038627e+00
5.170882945826410726e+00
5.046265044040320724e+00
5.170882945826410726e+00
4.787307364817191768e+00
5.863230142835038627e+00
5.863230142835038627e+00
6.282549314314217703e+00
5.641895835477562571e+00
4.652426491681278087e+00
5.753627391751591880e+00
5.863230142835038627e+00
5.641895835477562571e+00
4.068428945128219176e+00
5.527906391541367981e+00
3.385137501286537898e+00
5.292567428401227403e+00
4.370193722368316713e+00
4.222008245644752300e+00
5.863230142835038627e+00
5.292567428401227403e+00
5.753627391751591880e+00
5.411516379806009525e+00
6.180387232371033157e+00
5.292567428401227403e+00
5.753627391751591880e+00
5.170882945826410726e+00
6.282549314314217703e+00
4.222008245644752300e+00
5.292567428401227403e+00
5.753627391751591880e+00
5.046265044040320724e+00
5.970821321441846408e+00
5.753627391751591880e+00
6.180387232371033157e+00
5.170882945826410726e+00
4.787307364817191768e+00
5.292567428401227403e+00
5.527906391541367981e+00
5.292567428401227403e+00
5.753627391751591880e+00
5.863230142835038627e+00
4.787307364817191768e+00
3.908820095223359381e+00
1.595769121605730811e+00
5.527906391541367981e+00
6.282549314314217703e+00
4.918490759365934828e+00
5.170882945826410726e+00
4.222008245644752300e+00
4.652426491681278087e+00
5.753627391751591880e+00
5.970821321441846408e+00
4.918490759365934828e+00
6.076507779746498805e+00
5.046265044040320724e+00
5.753627391751591880e+00
6.180387232371033157e+00
4.370193722368316713e+00
5.527906391541367981e+00
5.046265044040320724e+00
4.068428945128219176e+00
5.970821321441846408e+00
5.292567428401227403e+00
4.513516668382050234e+00
5.170882945826410726e+00
6.383076486422923246e+00
4.513516668382050234e+00
5.863230142835038627e+00
6.180387232371033157e+00
4.222008245644752300e+00
6.076507779746498805e+00
5.641895835477562571e+00
3.908820095223359381e+00
5.863230142835038627e+00
6.180387232371033157e+00
6.282549314314217703e+00
4.652426491681278087e+00
5.292567428401227403e+00
5.170882945826410726e+00
6.076507779746498805e+00
5.292567428401227403e+00
4.787307364817191768e+00
4.787307364817191768e+00
4.370193722368316713e+00
5.292567428401227403e+00
