1.167204486311898926e+01
8.740387444736633427e+00
1.349345229721172146e+01
1.509668435477122017e+01
1.413855043925722121e+01
6.579524642479540830e+00
6.076507779746498805e+00
1.215301555949299761e+01
1.286550196516137312e+01
9.965574970333758387e+00
1.296408962885714899e+01
1.413855043925722121e+01
1.372732503515539548e+01
1.230916348999737586e+01
1.344618962205996482e+01
1.377362305878664728e+01
1.236077446474206631e+01
8.136857890256438353e+00
1.344618962205996482e+01
1.058513485680245481e+01
5.292567428401227403e+00
1.178062436274634450e+01
8.740387444736633427e+00
9.373021315815206478e+00
1.534761596392107741e+01
1.236077446474206631e+01
1.458187244392064308e+01
8.444016491289504600e+00
1.076405121554611632e+01
1.161737456321036532e+01
8.740387444736633427e+00
1.009253008808064145e+01
8.740387444736633427e+00
9.097283682934460103e+00
5.641895835477562571e+00
7.569397566060480642e+00
9.965574970333758387e+00
1.178062436274634450e+01
8.136857890256438353e+00
1.377362305878664728e+01
1.458187244392064308e+01
1.276615297284584649e+01
8.593479713983121826e+00
8.136857890256438353e+00
1.368087033328175828e+01
9.373021315815206478e+00
8.291859587312051971e+00
1.178062436274634450e+01
9.640875829802336483e+00
7.484820637019110379e+00
1.409345127989185542e+01
1.325545386523797831e+01
6.076507779746498805e+00
9.373021315815206478e+00
7.978845608028653835e+00
1.117038385124011413e+01
8.136857890256438353e+00
1.256509862862843541e+01
1.099807968464679142e+01
1.194164264288369282e+01
8.291859587312051971e+00
1.261566261010080048e+01
1.058513485680245481e+01
1.330339418036568588e+01
8.136857890256438353e+00
8.740387444736633427e+00
8.740387444736633427e+00
1.117038385124011413e+01
2.985410660720923204e+00
1.445030398768713376e+01
1.286550196516137312e+01
1.204779266504070279e+01
8.136857890256438353e+00
9.965574970333758387e+00
9.965574970333758387e+00
9.965574970333758387e+00
8.136857890256438353e+00
9.373021315815206478e+00
1.286550196516137312e+01
1.236077446474206631e+01
1.291488987023529766e+01
9.373021315815206478e+00
6.383076486422923246e+00
9.965574970333758387e+00
8.956231982162769611e+00
9.574614729634383536e+00
6.955796338302048021e+00
1.286550196516137312e+01
1.009253008808064145e+01
1.587770228520368221e+01
1.134007028277388685e+01
4.513516668382050234e+00
1.178062436274634450e+01
1.256509862862843541e+01
9.507891862878782518e+00
7.653039857325811823e+00
1.440618081907316395e+01
8.291859587312051971e+00
9.965574970333758387e+00
8.368283871884004910e+00
7.569397566060480642e+00
8.740387444736633427e+00
7.225151993843566878e+00
9.166995688475081394e+00
1.145179781116143225e+01
1.167204486311898926e+01
5.641895835477562571e+00
5.170882945826410726e+00
6.675581178124545545e+00
1.220528683538465842e+01
9.097283682934460103e+00
1.178062436274634450e+01
1.070474469691662733e+01
6.863662517577697741e+00
8.291859587312051971e+00
1.117038385124011413e+01
1.391159267660409604e+01
9.373021315815206478e+00
1.595769121605730811e+00
9.965574970333758387e+00
8.291859587312051971e+00
9.373021315815206478e+00
8.136857890256438353e+00
8.136857890256438353e+00
1.330339418036568588e+01
5.753627391751591880e+00
8.136857890256438353e+00
8.136857890256438353e+00
9.507891862878782518e+00
9.373021315815206478e+00
9.507891862878782518e+00
8.136857890256438353e+00
