1.215301555949299761e+01
8.812923024107547576e+00
1.440618081907316395e+01
1.623454913941802857e+01
1.538904010394216471e+01
1.320733953636073110e+01
1.427299292922216978e+01
7.978845608028653835e+00
1.306193320280393344e+01
1.436192209445157708e+01
1.372732503515539548e+01
1.330339418036568588e+01
1.440618081907316395e+01
1.462546558286290477e+01
1.386575534383213970e+01
1.409345127989185542e+01
1.058513485680245481e+01
1.156244577056221523e+01
6.076507779746498805e+00
9.574614729634383536e+00
1.607692842495848140e+01
1.266602473693425601e+01
1.599753570059363028e+01
8.136857890256438353e+00
1.046415791390898242e+01
1.315904928495908166e+01
7.225151993843566878e+00
1.111324596323282954e+01
4.918490759365934828e+00
7.399277020331918919e+00
1.339876023397903637e+01
9.965574970333758387e+00
1.729772508200899850e+01
1.372732503515539548e+01
1.591774699517169012e+01
8.740387444736633427e+00
1.492705330360461602e+01
9.373021315815206478e+00
8.740387444736633427e+00
1.296408962885714899e+01
9.166995688475081394e+00
1.538904010394216471e+01
1.583755632390385770e+01
9.097283682934460103e+00
1.117038385124011413e+01
1.496964127403822076e+01
1.372732503515539548e+01
1.358748446131948917e+01
1.256509862862843541e+01
1.002925341359354938e+01
1.538904010394216471e+01
7.978845608028653835e+00
9.097283682934460103e+00
1.236077446474206631e+01
1.579730833933717626e+01
1.471226436021925466e+01
1.296408962885714899e+01
1.021790793990058255e+01
1.105581278308273596e+01
9.965574970333758387e+00
9.507891862878782518e+00
1.413855043925722121e+01
1.484151074652385738e+01
1.246335526484300615e+01
9.373021315815206478e+00
9.965574970333758387e+00
8.136857890256438353e+00
7.653039857325811823e+00
4.787307364817191768e+00
1.117038385124011413e+01
1.496964127403822076e+01
1.881384047546846006e+01
1.404820733880128181e+01
1.236077446474206631e+01
1.400281721259029588e+01
1.111324596323282954e+01
1.666031874701878124e+01
1.167204486311898926e+01
4.918490759365934828e+00
9.706684619910241452e+00
1.194164264288369282e+01
1.276615297284584649e+01
1.466892917224166482e+01
9.166995688475081394e+00
1.339876023397903637e+01
1.530607971465162365e+01
1.358748446131948917e+01
1.700074635581867355e+01
9.373021315815206478e+00
9.965574970333758387e+00
5.641895835477562571e+00
9.507891862878782518e+00
1.726088217525477830e+01
7.817640190446718762e+00
9.965574970333758387e+00
1.028002345391383443e+01
8.593479713983121826e+00
5.641895835477562571e+00
