1.178062436274634450e+01
9.027033336764100468e+00
1.363425735166143049e+01
1.538904010394216471e+01
1.445030398768713376e+01
5.527906391541367981e+00
1.251433034574463399e+01
4.652426491681278087e+00
1.301310337505149661e+01
9.965574970333758387e+00
1.301310337505149661e+01
1.422831991532699902e+01
1.363425735166143049e+01
1.266602473693425601e+01
1.354055000514615159e+01
1.381976597885341995e+01
1.241217083805063837e+01
7.817640190446718762e+00
1.358748446131948917e+01
1.058513485680245481e+01
1.178062436274634450e+01
8.740387444736633427e+00
9.574614729634383536e+00
1.538904010394216471e+01
1.236077446474206631e+01
1.492705330360461602e+01
8.519075891779829490e+00
1.076405121554611632e+01
1.210051848659980855e+01
8.740387444736633427e+00
1.009253008808064145e+01
8.740387444736633427e+00
8.812923024107547576e+00
3.385137501286537898e+00
7.569397566060480642e+00
9.965574970333758387e+00
1.199483507827737583e+01
8.058239062071395509e+00
1.404820733880128181e+01
1.509668435477122017e+01
1.276615297284584649e+01
8.740387444736633427e+00
8.136857890256438353e+00
1.377362305878664728e+01
9.373021315815206478e+00
7.978845608028653835e+00
1.178062436274634450e+01
9.507891862878782518e+00
7.136496464611084889e+00
1.422831991532699902e+01
1.349345229721172146e+01
9.373021315815206478e+00
3.908820095223359381e+00
7.312732791431452384e+00
1.117038385124011413e+01
7.978845608028653835e+00
1.286550196516137312e+01
1.122723095552866468e+01
1.215301555949299761e+01
8.136857890256438353e+00
1.271618740744904485e+01
1.058513485680245481e+01
1.368087033328175828e+01
8.136857890256438353e+00
8.593479713983121826e+00
8.740387444736633427e+00
1.117038385124011413e+01
1.453814859003845150e+01
1.306193320280393344e+01
1.236077446474206631e+01
8.136857890256438353e+00
9.965574970333758387e+00
1.028002345391383443e+01
9.965574970333758387e+00
8.136857890256438353e+00
9.373021315815206478e+00
1.296408962885714899e+01
1.236077446474206631e+01
1.311058116710494836e+01
9.373021315815206478e+00
5.292567428401227403e+00
9.965574970333758387e+00
8.740387444736633427e+00
9.373021315815206478e+00
6.282549314314217703e+00
1.034176589165282145e+01
1.330339418036568588e+01
1.635176762293251684e+01
1.156244577056221523e+01
1.178062436274634450e+01
1.271618740744904485e+01
9.574614729634383536e+00
7.225151993843566878e+00
1.475547227809780537e+01
8.740387444736633427e+00
1.009253008808064145e+01
8.291859587312051971e+00
7.225151993843566878e+00
8.740387444736633427e+00
6.482044814428574497e+00
9.507891862878782518e+00
1.178062436274634450e+01
1.183454054540639433e+01
3.742410318509555189e+00
6.076507779746498805e+00
1.261566261010080048e+01
9.373021315815206478e+00
1.122723095552866468e+01
1.215301555949299761e+01
6.076507779746498805e+00
8.444016491289504600e+00
1.139607097042601680e+01
1.418350619798065715e+01
9.373021315815206478e+00
9.965574970333758387e+00
8.291859587312051971e+00
9.373021315815206478e+00
7.978845608028653835e+00
1.386575534383213970e+01
8.136857890256438353e+00
5.170882945826410726e+00
7.817640190446718762e+00
8.136857890256438353e+00
9.706684619910241452e+00
9.373021315815206478e+00
9.507891862878782518e+00
8.136857890256438353e+00
