1.161737456321036532e+01
8.812923024107547576e+00
1.344618962205996482e+01
1.404820733880128181e+01
1.484151074652385738e+01
6.863662517577697741e+00
6.675581178124545545e+00
1.215301555949299761e+01
1.271618740744904485e+01
9.965574970333758387e+00
1.286550196516137312e+01
1.413855043925722121e+01
1.368087033328175828e+01
1.225733520300188317e+01
1.335116235624909109e+01
1.372732503515539548e+01
1.236077446474206631e+01
8.291859587312051971e+00
1.330339418036568588e+01
1.058513485680245481e+01
6.076507779746498805e+00
1.178062436274634450e+01
9.027033336764100468e+00
9.373021315815206478e+00
1.526443044094783019e+01
1.236077446474206631e+01
1.413855043925722121e+01
8.214724333230154940e+00
1.082303275961201905e+01
1.105581278308273596e+01
8.740387444736633427e+00
9.965574970333758387e+00
8.740387444736633427e+00
9.166995688475081394e+00
6.383076486422923246e+00
7.569397566060480642e+00
9.965574970333758387e+00
5.170882945826410726e+00
1.178062436274634450e+01
8.136857890256438353e+00
1.358748446131948917e+01
1.256509862862843541e+01
1.391159267660409604e+01
8.444016491289504600e+00
8.136857890256438353e+00
1.354055000514615159e+01
9.373021315815206478e+00
8.368283871884004910e+00
1.167204486311898926e+01
9.640875829802336483e+00
7.898654169668588132e+00
6.955796338302048021e+00
1.381976597885341995e+01
1.306193320280393344e+01
9.373021315815206478e+00
8.136857890256438353e+00
1.117038385124011413e+01
8.136857890256438353e+00
1.236077446474206631e+01
1.082303275961201905e+01
1.178062436274634450e+01
8.444016491289504600e+00
1.246335526484300615e+01
1.058513485680245481e+01
1.325545386523797831e+01
8.291859587312051971e+00
8.740387444736633427e+00
8.740387444736633427e+00
1.117038385124011413e+01
5.170882945826410726e+00
1.440618081907316395e+01
1.286550196516137312e+01
1.178062436274634450e+01
8.444016491289504600e+00
1.009253008808064145e+01
9.965574970333758387e+00
9.640875829802336483e+00
8.136857890256438353e+00
9.373021315815206478e+00
1.286550196516137312e+01
1.236077446474206631e+01
1.256509862862843541e+01
9.373021315815206478e+00
6.383076486422923246e+00
9.965574970333758387e+00
9.097283682934460103e+00
9.507891862878782518e+00
7.312732791431452384e+00
1.276615297284584649e+01
1.009253008808064145e+01
1.571650316319191809e+01
1.117038385124011413e+01
5.753627391751591880e+00
1.167204486311898926e+01
1.251433034574463399e+01
9.507891862878782518e+00
7.978845608028653835e+00
1.404820733880128181e+01
8.136857890256438353e+00
9.965574970333758387e+00
8.444016491289504600e+00
7.399277020331918919e+00
8.812923024107547576e+00
7.484820637019110379e+00
8.956231982162769611e+00
1.128379167095512514e+01
6.282549314314217703e+00
1.156244577056221523e+01
6.076507779746498805e+00
6.955796338302048021e+00
1.194164264288369282e+01
8.956231982162769611e+00
1.178062436274634450e+01
1.058513485680245481e+01
7.046725639945927711e+00
8.214724333230154940e+00
1.117038385124011413e+01
1.372732503515539548e+01
4.787307364817191768e+00
9.373021315815206478e+00
9.965574970333758387e+00
8.291859587312051971e+00
9.373021315815206478e+00
8.136857890256438353e+00
8.291859587312051971e+00
1.325545386523797831e+01
6.383076486422923246e+00
8.136857890256438353e+00
8.136857890256438353e+00
9.507891862878782518e+00
9.373021315815206478e+00
9.507891862878782518e+00
8.444016491289504600e+00
