1.178062436274634450e+01
9.507891862878782518e+00
1.427299292922216978e+01
1.513879513212096128e+01
1.583755632390385770e+01
1.315904928495908166e+01
1.400281721259029588e+01
9.097283682934460103e+00
1.306193320280393344e+01
1.431752655671925822e+01
1.368087033328175828e+01
1.306193320280393344e+01
1.431752655671925822e+01
1.440618081907316395e+01
1.286550196516137312e+01
1.377362305878664728e+01
1.058513485680245481e+01
1.167204486311898926e+01
8.519075891779829490e+00
9.373021315815206478e+00
1.567594437773643001e+01
1.236077446474206631e+01
1.591774699517169012e+01
8.593479713983121826e+00
1.076405121554611632e+01
1.266602473693425601e+01
8.368283871884004910e+00
1.099807968464679142e+01
8.058239062071395509e+00
8.368283871884004910e+00
6.770275002573075795e+00
9.965574970333758387e+00
1.266602473693425601e+01
5.292567428401227403e+00
1.603728119216292924e+01
1.579730833933717626e+01
1.311058116710494836e+01
8.740387444736633427e+00
1.453814859003845150e+01
9.373021315815206478e+00
9.640875829802336483e+00
1.230916348999737586e+01
9.640875829802336483e+00
1.488434347843123184e+01
1.488434347843123184e+01
9.373021315815206478e+00
1.117038385124011413e+01
6.383076486422923246e+00
1.325545386523797831e+01
1.330339418036568588e+01
1.271618740744904485e+01
1.256509862862843541e+01
6.863662517577697741e+00
1.058513485680245481e+01
1.453814859003845150e+01
6.770275002573075795e+00
8.136857890256438353e+00
8.884866446580955923e+00
1.161737456321036532e+01
1.538904010394216471e+01
1.358748446131948917e+01
1.281592373849173683e+01
5.970821321441846408e+00
9.965574970333758387e+00
1.111324596323282954e+01
9.965574970333758387e+00
5.753627391751591880e+00
9.373021315815206478e+00
1.349345229721172146e+01
1.381976597885341995e+01
1.236077446474206631e+01
9.373021315815206478e+00
9.965574970333758387e+00
8.740387444736633427e+00
9.166995688475081394e+00
1.117038385124011413e+01
1.391159267660409604e+01
1.801877032173578996e+01
1.266602473693425601e+01
1.178062436274634450e+01
1.311058116710494836e+01
9.836981518731869656e+00
1.538904010394216471e+01
7.569397566060480642e+00
1.134007028277388685e+01
8.058239062071395509e+00
6.383076486422923246e+00
7.225151993843566878e+00
9.373021315815206478e+00
1.178062436274634450e+01
1.256509862862843541e+01
1.381976597885341995e+01
9.373021315815206478e+00
1.372732503515539548e+01
1.178062436274634450e+01
1.286550196516137312e+01
7.225151993843566878e+00
1.538904010394216471e+01
9.507891862878782518e+00
9.965574970333758387e+00
8.136857890256438353e+00
9.373021315815206478e+00
5.970821321441846408e+00
1.559451034962034477e+01
7.225151993843566878e+00
7.484820637019110379e+00
4.787307364817191768e+00
9.965574970333758387e+00
9.507891862878782518e+00
9.304852983362556174e+00
7.399277020331918919e+00
