5.292567428401227403e+00
9.097283682934460103e+00
5.641895835477562571e+00
9.027033336764100468e+00
9.027033336764100468e+00
1.204779266504070279e+01
7.399277020331918919e+00
1.199483507827737583e+01
1.276615297284584649e+01
4.652426491681278087e+00
7.978845608028653835e+00
7.817640190446718762e+00
8.136857890256438353e+00
5.170882945826410726e+00
1.070474469691662733e+01
1.117038385124011413e+01
7.399277020331918919e+00
6.282549314314217703e+00
7.225151993843566878e+00
7.978845608028653835e+00
1.139607097042601680e+01
1.161737456321036532e+01
7.653039857325811823e+00
7.569397566060480642e+00
1.009253008808064145e+01
7.484820637019110379e+00
5.046265044040320724e+00
1.070474469691662733e+01
5.170882945826410726e+00
1.150725478350318376e+01
1.128379167095512514e+01
1.150725478350318376e+01
8.593479713983121826e+00
7.225151993843566878e+00
1.009253008808064145e+01
5.527906391541367981e+00
8.136857890256438353e+00
6.383076486422923246e+00
1.002925341359354938e+01
5.170882945826410726e+00
1.070474469691662733e+01
5.753627391751591880e+00
8.519075891779829490e+00
6.180387232371033157e+00
4.370193722368316713e+00
8.884866446580955923e+00
1.315904928495908166e+01
1.117038385124011413e+01
1.150725478350318376e+01
8.136857890256438353e+00
9.640875829802336483e+00
5.527906391541367981e+00
8.740387444736633427e+00
8.444016491289504600e+00
8.740387444736633427e+00
9.027033336764100468e+00
7.569397566060480642e+00
8.291859587312051971e+00
7.569397566060480642e+00
7.569397566060480642e+00
6.383076486422923246e+00
7.225151993843566878e+00
8.740387444736633427e+00
1.070474469691662733e+01
5.292567428401227403e+00
8.740387444736633427e+00
5.527906391541367981e+00
5.292567428401227403e+00
4.513516668382050234e+00
4.222008245644752300e+00
1.094004191971426110e+01
1.199483507827737583e+01
1.117038385124011413e+01
8.136857890256438353e+00
7.569397566060480642e+00
7.046725639945927711e+00
9.166995688475081394e+00
7.978845608028653835e+00
1.117038385124011413e+01
8.136857890256438353e+00
9.772050238058398008e+00
9.027033336764100468e+00
8.444016491289504600e+00
8.740387444736633427e+00
5.527906391541367981e+00
1.117038385124011413e+01
9.507891862878782518e+00
7.225151993843566878e+00
1.178062436274634450e+01
8.884866446580955923e+00
1.046415791390898242e+01
5.753627391751591880e+00
8.136857890256438353e+00
1.122723095552866468e+01
9.772050238058398008e+00
1.122723095552866468e+01
8.291859587312051971e+00
1.117038385124011413e+01
1.040314189572019821e+01
1.236077446474206631e+01
6.383076486422923246e+00
8.740387444736633427e+00
8.956231982162769611e+00
1.128379167095512559e+00
8.214724333230154940e+00
7.817640190446718762e+00
6.955796338302048021e+00
1.256509862862843541e+01
9.373021315815206478e+00
1.052482020710848865e+01
9.965574970333758387e+00
8.593479713983121826e+00
8.884866446580955923e+00
4.370193722368316713e+00
8.444016491289504600e+00
8.444016491289504600e+00
7.225151993843566878e+00
5.170882945826410726e+00
8.667244841319218907e+00
4.222008245644752300e+00
4.918490759365934828e+00
2.763953195770683990e+00
6.282549314314217703e+00
9.166995688475081394e+00
1.094004191971426110e+01
9.304852983362556174e+00
7.225151993843566878e+00
9.640875829802336483e+00
6.383076486422923246e+00
8.136857890256438353e+00
7.136496464611084889e+00
6.863662517577697741e+00
9.097283682934460103e+00
7.817640190446718762e+00
6.770275002573075795e+00
6.955796338302048021e+00
5.970821321441846408e+00
8.368283871884004910e+00
9.097283682934460103e+00
6.383076486422923246e+00
1.034176589165282145e+01
7.569397566060480642e+00
6.383076486422923246e+00
6.770275002573075795e+00
3.742410318509555189e+00
7.978845608028653835e+00
5.970821321441846408e+00
1.246335526484300615e+01
9.507891862878782518e+00
9.772050238058398008e+00
8.136857890256438353e+00
7.817640190446718762e+00
9.901487006738307173e+00
7.136496464611084889e+00
1.117038385124011413e+01
7.978845608028653835e+00
7.225151993843566878e+00
8.740387444736633427e+00
7.817640190446718762e+00
9.373021315815206478e+00
7.653039857325811823e+00
8.291859587312051971e+00
8.740387444736633427e+00
7.046725639945927711e+00
9.965574970333758387e+00
7.817640190446718762e+00
7.484820637019110379e+00
3.568248232305542444e+00
1.021790793990058255e+01
7.817640190446718762e+00
7.312732791431452384e+00
1.076405121554611632e+01
8.593479713983121826e+00
9.836981518731869656e+00
9.440697438826296306e+00
7.399277020331918919e+00
8.291859587312051971e+00
7.569397566060480642e+00
1.040314189572019821e+01
1.139607097042601680e+01
9.373021315815206478e+00
9.836981518731869656e+00
8.667244841319218907e+00
5.046265044040320724e+00
9.304852983362556174e+00
8.884866446580955923e+00
5.170882945826410726e+00
8.444016491289504600e+00
3.191538243211461623e+00
7.225151993843566878e+00
8.740387444736633427e+00
1.172646028567007725e+01
8.136857890256438353e+00
9.166995688475081394e+00
9.304852983362556174e+00
9.027033336764100468e+00
7.978845608028653835e+00
2.256758334191025117e+00
