1.088169461344923583e+01
9.027033336764100468e+00
1.296408962885714899e+01
5.046265044040320724e+00
1.291488987023529766e+01
1.445030398768713376e+01
7.653039857325811823e+00
6.482044814428574497e+00
7.399277020331918919e+00
1.117038385124011413e+01
1.178062436274634450e+01
4.918490759365934828e+00
5.641895835477562571e+00
9.166995688475081394e+00
1.372732503515539548e+01
1.183454054540639433e+01
6.383076486422923246e+00
6.675581178124545545e+00
1.286550196516137312e+01
5.753627391751591880e+00
1.178062436274634450e+01
1.291488987023529766e+01
1.291488987023529766e+01
1.199483507827737583e+01
8.740387444736633427e+00
1.215301555949299761e+01
7.653039857325811823e+00
1.058513485680245481e+01
1.178062436274634450e+01
8.812923024107547576e+00
9.373021315815206478e+00
1.471226436021925466e+01
1.215301555949299761e+01
1.315904928495908166e+01
8.291859587312051971e+00
1.058513485680245481e+01
9.965574970333758387e+00
8.667244841319218907e+00
9.097283682934460103e+00
8.956231982162769611e+00
7.399277020331918919e+00
9.373021315815206478e+00
6.482044814428574497e+00
7.569397566060480642e+00
2.985410660720923204e+00
6.675581178124545545e+00
9.373021315815206478e+00
1.178062436274634450e+01
8.444016491289504600e+00
1.210051848659980855e+01
1.246335526484300615e+01
8.136857890256438353e+00
1.183454054540639433e+01
6.076507779746498805e+00
6.180387232371033157e+00
8.368283871884004910e+00
1.276615297284584649e+01
9.640875829802336483e+00
8.740387444736633427e+00
9.373021315815206478e+00
1.052482020710848865e+01
8.136857890256438353e+00
8.136857890256438353e+00
1.256509862862843541e+01
1.281592373849173683e+01
9.373021315815206478e+00
8.740387444736633427e+00
1.117038385124011413e+01
8.291859587312051971e+00
1.178062436274634450e+01
1.028002345391383443e+01
1.178062436274634450e+01
8.740387444736633427e+00
1.210051848659980855e+01
1.058513485680245481e+01
1.296408962885714899e+01
8.519075891779829490e+00
8.740387444736633427e+00
8.593479713983121826e+00
7.312732791431452384e+00
1.076405121554611632e+01
1.377362305878664728e+01
5.753627391751591880e+00
1.134007028277388685e+01
1.128379167095512514e+01
9.027033336764100468e+00
1.002925341359354938e+01
8.956231982162769611e+00
9.166995688475081394e+00
8.740387444736633427e+00
6.482044814428574497e+00
9.304852983362556174e+00
1.266602473693425601e+01
1.172646028567007725e+01
1.111324596323282954e+01
6.863662517577697741e+00
9.373021315815206478e+00
7.399277020331918919e+00
5.753627391751591880e+00
9.640875829802336483e+00
8.740387444736633427e+00
6.863662517577697741e+00
8.444016491289504600e+00
1.215301555949299761e+01
9.836981518731869656e+00
3.191538243211461623e+00
6.863662517577697741e+00
1.409345127989185542e+01
4.513516668382050234e+00
7.484820637019110379e+00
9.772050238058398008e+00
1.058513485680245481e+01
8.956231982162769611e+00
1.088169461344923583e+01
8.136857890256438353e+00
6.076507779746498805e+00
1.271618740744904485e+01
8.136857890256438353e+00
5.970821321441846408e+00
9.965574970333758387e+00
8.740387444736633427e+00
7.817640190446718762e+00
7.978845608028653835e+00
8.136857890256438353e+00
8.740387444736633427e+00
1.058513485680245481e+01
7.484820637019110379e+00
5.046265044040320724e+00
6.180387232371033157e+00
1.070474469691662733e+01
7.484820637019110379e+00
6.076507779746498805e+00
1.117038385124011413e+01
8.956231982162769611e+00
1.040314189572019821e+01
1.040314189572019821e+01
7.225151993843566878e+00
8.444016491289504600e+00
6.955796338302048021e+00
1.058513485680245481e+01
1.215301555949299761e+01
9.373021315815206478e+00
1.015541250385961369e+01
8.444016491289504600e+00
9.507891862878782518e+00
8.136857890256438353e+00
8.593479713983121826e+00
1.266602473693425601e+01
7.046725639945927711e+00
8.740387444736633427e+00
8.136857890256438353e+00
9.574614729634383536e+00
9.373021315815206478e+00
9.440697438826296306e+00
8.444016491289504600e+00
