1.178062436274634450e+01
9.507891862878782518e+00
1.427299292922216978e+01
1.518078909665319287e+01
1.583755632390385770e+01
1.315904928495908166e+01
1.400281721259029588e+01
9.097283682934460103e+00
1.306193320280393344e+01
1.431752655671925822e+01
1.368087033328175828e+01
1.306193320280393344e+01
1.436192209445157708e+01
1.445030398768713376e+01
1.296408962885714899e+01
1.377362305878664728e+01
1.058513485680245481e+01
1.167204486311898926e+01
8.519075891779829490e+00
9.373021315815206478e+00
1.571650316319191809e+01
1.236077446474206631e+01
1.595769121605730767e+01
8.444016491289504600e+00
1.076405121554611632e+01
1.266602473693425601e+01
8.291859587312051971e+00
1.099807968464679142e+01
7.898654169668588132e+00
8.291859587312051971e+00
6.579524642479540830e+00
9.965574970333758387e+00
1.266602473693425601e+01
5.292567428401227403e+00
1.611647812414279102e+01
1.579730833933717626e+01
1.325545386523797831e+01
8.740387444736633427e+00
1.466892917224166482e+01
9.373021315815206478e+00
9.640875829802336483e+00
1.241217083805063837e+01
9.640875829802336483e+00
1.488434347843123184e+01
1.492705330360461602e+01
9.373021315815206478e+00
1.117038385124011413e+01
5.970821321441846408e+00
1.325545386523797831e+01
1.330339418036568588e+01
1.276615297284584649e+01
1.256509862862843541e+01
6.076507779746498805e+00
1.058513485680245481e+01
1.462546558286290477e+01
6.675581178124545545e+00
8.136857890256438353e+00
8.956231982162769611e+00
1.172646028567007725e+01
1.381976597885341995e+01
1.538904010394216471e+01
1.286550196516137312e+01
5.292567428401227403e+00
9.965574970333758387e+00
1.099807968464679142e+01
9.965574970333758387e+00
5.292567428401227403e+00
9.373021315815206478e+00
1.354055000514615159e+01
1.391159267660409604e+01
1.236077446474206631e+01
9.373021315815206478e+00
9.965574970333758387e+00
8.740387444736633427e+00
9.166995688475081394e+00
1.117038385124011413e+01
1.400281721259029588e+01
1.801877032173578996e+01
1.271618740744904485e+01
1.178062436274634450e+01
1.306193320280393344e+01
9.836981518731869656e+00
1.547155565579009817e+01
7.399277020331918919e+00
1.139607097042601680e+01
7.978845608028653835e+00
6.180387232371033157e+00
6.955796338302048021e+00
9.373021315815206478e+00
1.178062436274634450e+01
1.256509862862843541e+01
1.381976597885341995e+01
9.373021315815206478e+00
1.372732503515539548e+01
1.199483507827737583e+01
1.291488987023529766e+01
7.136496464611084889e+00
1.538904010394216471e+01
9.507891862878782518e+00
9.965574970333758387e+00
8.136857890256438353e+00
9.373021315815206478e+00
5.753627391751591880e+00
1.575695754970980111e+01
6.955796338302048021e+00
7.484820637019110379e+00
4.068428945128219176e+00
9.965574970333758387e+00
9.507891862878782518e+00
9.236181543108379799e+00
7.399277020331918919e+00
