1.156244577056221523e+01
8.884866446580955923e+00
1.344618962205996482e+01
1.400281721259029588e+01
1.484151074652385738e+01
6.863662517577697741e+00
7.136496464611084889e+00
1.215301555949299761e+01
1.271618740744904485e+01
9.965574970333758387e+00
1.276615297284584649e+01
1.413855043925722121e+01
1.363425735166143049e+01
1.220528683538465842e+01
1.335116235624909109e+01
1.372732503515539548e+01
1.236077446474206631e+01
8.291859587312051971e+00
1.325545386523797831e+01
1.058513485680245481e+01
6.282549314314217703e+00
1.178062436274634450e+01
8.956231982162769611e+00
9.373021315815206478e+00
1.522266721510391640e+01
1.236077446474206631e+01
1.413855043925722121e+01
8.136857890256438353e+00
1.082303275961201905e+01
1.094004191971426110e+01
8.740387444736633427e+00
9.965574970333758387e+00
8.740387444736633427e+00
9.166995688475081394e+00
6.383076486422923246e+00
7.569397566060480642e+00
9.965574970333758387e+00
5.292567428401227403e+00
1.178062436274634450e+01
8.136857890256438353e+00
1.344618962205996482e+01
1.256509862862843541e+01
1.391159267660409604e+01
8.444016491289504600e+00
8.136857890256438353e+00
1.349345229721172146e+01
9.373021315815206478e+00
8.444016491289504600e+00
1.167204486311898926e+01
9.640875829802336483e+00
8.058239062071395509e+00
6.955796338302048021e+00
1.377362305878664728e+01
1.296408962885714899e+01
9.373021315815206478e+00
8.136857890256438353e+00
1.117038385124011413e+01
8.136857890256438353e+00
1.225733520300188317e+01
1.082303275961201905e+01
1.178062436274634450e+01
8.593479713983121826e+00
1.236077446474206631e+01
1.058513485680245481e+01
1.315904928495908166e+01
8.444016491289504600e+00
8.740387444736633427e+00
8.740387444736633427e+00
1.117038385124011413e+01
5.641895835477562571e+00
1.440618081907316395e+01
1.276615297284584649e+01
1.178062436274634450e+01
8.593479713983121826e+00
9.965574970333758387e+00
9.965574970333758387e+00
9.640875829802336483e+00
8.291859587312051971e+00
9.373021315815206478e+00
1.286550196516137312e+01
1.236077446474206631e+01
1.236077446474206631e+01
9.373021315815206478e+00
6.770275002573075795e+00
1.128379167095512559e+00
9.965574970333758387e+00
9.097283682934460103e+00
7.225151993843566878e+00
8.956231982162769611e+00
1.276615297284584649e+01
1.021790793990058255e+01
1.559451034962034477e+01
1.105581278308273596e+01
5.970821321441846408e+00
1.167204486311898926e+01
1.251433034574463399e+01
9.507891862878782518e+00
8.136857890256438353e+00
1.386575534383213970e+01
8.136857890256438353e+00
9.965574970333758387e+00
8.444016491289504600e+00
7.225151993843566878e+00
8.884866446580955923e+00
7.653039857325811823e+00
8.884866446580955923e+00
1.111324596323282954e+01
6.579524642479540830e+00
1.156244577056221523e+01
6.076507779746498805e+00
6.955796338302048021e+00
1.183454054540639433e+01
8.956231982162769611e+00
1.178062436274634450e+01
1.058513485680245481e+01
7.225151993843566878e+00
8.136857890256438353e+00
1.105581278308273596e+01
1.358748446131948917e+01
4.918490759365934828e+00
9.373021315815206478e+00
9.965574970333758387e+00
8.368283871884004910e+00
9.373021315815206478e+00
8.136857890256438353e+00
8.444016491289504600e+00
1.315904928495908166e+01
6.383076486422923246e+00
8.291859587312051971e+00
8.136857890256438353e+00
9.507891862878782518e+00
9.373021315815206478e+00
9.507891862878782518e+00
8.444016491289504600e+00
