1.236077446474206631e+01
8.136857890256438353e+00
1.471226436021925466e+01
1.642944866646030988e+01
1.538904010394216471e+01
1.330339418036568588e+01
1.431752655671925822e+01
1.306193320280393344e+01
1.436192209445157708e+01
6.955796338302048021e+00
1.372732503515539548e+01
1.335116235624909109e+01
1.440618081907316395e+01
1.479855404066383784e+01
1.492705330360461602e+01
1.413855043925722121e+01
1.046415791390898242e+01
1.161737456321036532e+01
9.965574970333758387e+00
1.607692842495848140e+01
1.276615297284584649e+01
1.603728119216292924e+01
8.136857890256438353e+00
1.021790793990058255e+01
1.330339418036568588e+01
6.955796338302048021e+00
1.117038385124011413e+01
6.180387232371033157e+00
1.377362305878664728e+01
1.009253008808064145e+01
1.751715531361111644e+01
1.395727947504383337e+01
1.607692842495848140e+01
8.291859587312051971e+00
1.518078909665319287e+01
9.373021315815206478e+00
8.444016491289504600e+00
1.296408962885714899e+01
8.740387444736633427e+00
1.555363345008750464e+01
1.591774699517169012e+01
8.740387444736633427e+00
1.117038385124011413e+01
1.518078909665319287e+01
1.386575534383213970e+01
1.363425735166143049e+01
1.251433034574463399e+01
9.965574970333758387e+00
1.538904010394216471e+01
7.484820637019110379e+00
1.236077446474206631e+01
8.291859587312051971e+00
1.599753570059363028e+01
1.488434347843123184e+01
1.296408962885714899e+01
9.836981518731869656e+00
1.088169461344923583e+01
9.965574970333758387e+00
9.507891862878782518e+00
1.418350619798065715e+01
1.488434347843123184e+01
1.246335526484300615e+01
9.236181543108379799e+00
9.836981518731869656e+00
7.735777827895049086e+00
6.076507779746498805e+00
1.105581278308273596e+01
1.526443044094783019e+01
1.904923279949933956e+01
1.436192209445157708e+01
1.230916348999737586e+01
1.395727947504383337e+01
1.161737456321036532e+01
1.681247093473193388e+01
1.178062436274634450e+01
9.373021315815206478e+00
1.194164264288369282e+01
1.281592373849173683e+01
1.479855404066383784e+01
9.097283682934460103e+00
1.354055000514615159e+01
1.583755632390385770e+01
1.377362305878664728e+01
1.755346033766304004e+01
8.812923024107547576e+00
9.965574970333758387e+00
9.373021315815206478e+00
1.766192765414112031e+01
7.225151993843566878e+00
9.965574970333758387e+00
1.058513485680245481e+01
7.978845608028653835e+00
