1.178062436274634450e+01
9.507891862878782518e+00
1.427299292922216978e+01
1.505445578434700415e+01
1.583755632390385770e+01
1.311058116710494836e+01
1.395727947504383337e+01
9.236181543108379799e+00
1.306193320280393344e+01
1.431752655671925822e+01
1.368087033328175828e+01
1.306193320280393344e+01
1.422831991532699902e+01
1.427299292922216978e+01
1.286550196516137312e+01
1.377362305878664728e+01
3.568248232305542444e+00
1.058513485680245481e+01
1.178062436274634450e+01
8.667244841319218907e+00
9.373021315815206478e+00
1.555363345008750464e+01
1.236077446474206631e+01
1.583755632390385770e+01
8.593479713983121826e+00
1.076405121554611632e+01
1.266602473693425601e+01
8.593479713983121826e+00
1.099807968464679142e+01
8.136857890256438353e+00
8.444016491289504600e+00
6.955796338302048021e+00
9.965574970333758387e+00
1.266602473693425601e+01
6.180387232371033157e+00
1.567594437773643001e+01
1.575695754970980111e+01
1.306193320280393344e+01
8.667244841319218907e+00
7.978845608028653835e+00
1.436192209445157708e+01
9.373021315815206478e+00
6.076507779746498805e+00
1.210051848659980855e+01
9.574614729634383536e+00
1.475547227809780537e+01
1.449429283826230197e+01
9.373021315815206478e+00
4.068428945128219176e+00
1.117038385124011413e+01
6.579524642479540830e+00
1.271618740744904485e+01
1.330339418036568588e+01
1.271618740744904485e+01
1.256509862862843541e+01
6.863662517577697741e+00
1.058513485680245481e+01
1.445030398768713376e+01
6.863662517577697741e+00
8.136857890256438353e+00
8.740387444736633427e+00
1.139607097042601680e+01
1.534761596392107741e+01
1.354055000514615159e+01
1.276615297284584649e+01
6.383076486422923246e+00
9.965574970333758387e+00
1.117038385124011413e+01
9.965574970333758387e+00
6.076507779746498805e+00
9.373021315815206478e+00
1.335116235624909109e+01
1.368087033328175828e+01
1.236077446474206631e+01
9.373021315815206478e+00
9.965574970333758387e+00
8.884866446580955923e+00
9.236181543108379799e+00
1.117038385124011413e+01
1.381976597885341995e+01
1.787688803255549530e+01
1.251433034574463399e+01
1.178062436274634450e+01
1.291488987023529766e+01
9.640875829802336483e+00
1.538904010394216471e+01
7.898654169668588132e+00
1.128379167095512514e+01
8.291859587312051971e+00
6.579524642479540830e+00
7.484820637019110379e+00
9.373021315815206478e+00
1.178062436274634450e+01
1.236077446474206631e+01
1.372732503515539548e+01
9.373021315815206478e+00
1.349345229721172146e+01
1.178062436274634450e+01
1.276615297284584649e+01
7.225151993843566878e+00
1.530607971465162365e+01
9.507891862878782518e+00
9.965574970333758387e+00
8.136857890256438353e+00
9.373021315815206478e+00
6.482044814428574497e+00
1.526443044094783019e+01
7.225151993843566878e+00
7.653039857325811823e+00
5.527906391541367981e+00
9.965574970333758387e+00
9.373021315815206478e+00
9.574614729634383536e+00
7.653039857325811823e+00
