1.178062436274634450e+01
9.373021315815206478e+00
1.431752655671925822e+01
1.522266721510391640e+01
1.583755632390385770e+01
1.315904928495908166e+01
1.404820733880128181e+01
9.097283682934460103e+00
1.306193320280393344e+01
1.431752655671925822e+01
1.368087033328175828e+01
1.315904928495908166e+01
1.440618081907316395e+01
1.445030398768713376e+01
1.306193320280393344e+01
1.377362305878664728e+01
1.058513485680245481e+01
1.167204486311898926e+01
7.978845608028653835e+00
9.373021315815206478e+00
1.579730833933717626e+01
1.236077446474206631e+01
1.595769121605730767e+01
8.368283871884004910e+00
1.070474469691662733e+01
1.266602473693425601e+01
8.291859587312051971e+00
1.105581278308273596e+01
7.569397566060480642e+00
8.291859587312051971e+00
5.753627391751591880e+00
9.965574970333758387e+00
1.276615297284584649e+01
1.631278838364701755e+01
3.385137501286537898e+00
1.579730833933717626e+01
1.325545386523797831e+01
8.593479713983121826e+00
1.475547227809780537e+01
9.373021315815206478e+00
9.373021315815206478e+00
1.261566261010080048e+01
9.574614729634383536e+00
1.501210842680413826e+01
1.505445578434700415e+01
9.373021315815206478e+00
1.117038385124011413e+01
4.513516668382050234e+00
1.358748446131948917e+01
1.335116235624909109e+01
1.296408962885714899e+01
1.256509862862843541e+01
5.170882945826410726e+00
1.046415791390898242e+01
1.471226436021925466e+01
6.076507779746498805e+00
8.291859587312051971e+00
9.373021315815206478e+00
1.204779266504070279e+01
1.404820733880128181e+01
1.538904010394216471e+01
1.296408962885714899e+01
9.965574970333758387e+00
1.105581278308273596e+01
9.965574970333758387e+00
3.908820095223359381e+00
2.985410660720923204e+00
9.373021315815206478e+00
1.368087033328175828e+01
1.404820733880128181e+01
1.230916348999737586e+01
9.373021315815206478e+00
9.965574970333758387e+00
8.740387444736633427e+00
9.027033336764100468e+00
1.117038385124011413e+01
1.413855043925722121e+01
1.815954410458608237e+01
1.276615297284584649e+01
1.178062436274634450e+01
1.325545386523797831e+01
9.965574970333758387e+00
1.555363345008750464e+01
7.136496464611084889e+00
1.156244577056221523e+01
7.735777827895049086e+00
6.579524642479540830e+00
4.918490759365934828e+00
9.373021315815206478e+00
1.178062436274634450e+01
1.266602473693425601e+01
1.381976597885341995e+01
9.373021315815206478e+00
1.377362305878664728e+01
1.241217083805063837e+01
1.296408962885714899e+01
6.180387232371033157e+00
1.567594437773643001e+01
9.507891862878782518e+00
9.965574970333758387e+00
7.978845608028653835e+00
9.373021315815206478e+00
1.611647812414279102e+01
4.918490759365934828e+00
7.735777827895049086e+00
6.482044814428574497e+00
9.965574970333758387e+00
9.507891862878782518e+00
9.236181543108379799e+00
7.046725639945927711e+00
