1.236077446474206631e+01
7.653039857325811823e+00
1.462546558286290477e+01
1.658371917462410394e+01
1.538904010394216471e+01
1.330339418036568588e+01
1.445030398768713376e+01
1.301310337505149661e+01
1.436192209445157708e+01
6.180387232371033157e+00
1.372732503515539548e+01
1.335116235624909109e+01
1.445030398768713376e+01
1.479855404066383784e+01
1.522266721510391640e+01
1.431752655671925822e+01
1.040314189572019821e+01
1.167204486311898926e+01
9.965574970333758387e+00
1.646815177937675045e+01
1.286550196516137312e+01
1.603728119216292924e+01
8.136857890256438353e+00
1.009253008808064145e+01
1.335116235624909109e+01
6.076507779746498805e+00
1.117038385124011413e+01
4.918490759365934828e+00
1.391159267660409604e+01
1.002925341359354938e+01
1.791246396432553922e+01
1.422831991532699902e+01
1.619528777809902209e+01
7.898654169668588132e+00
1.555363345008750464e+01
9.373021315815206478e+00
8.136857890256438353e+00
1.296408962885714899e+01
8.444016491289504600e+00
1.575695754970980111e+01
1.595769121605730767e+01
8.593479713983121826e+00
1.111324596323282954e+01
1.526443044094783019e+01
1.395727947504383337e+01
1.377362305878664728e+01
1.251433034574463399e+01
9.706684619910241452e+00
1.543035303761632804e+01
6.955796338302048021e+00
1.230916348999737586e+01
7.484820637019110379e+00
1.615593100600235843e+01
1.501210842680413826e+01
1.296408962885714899e+01
9.901487006738307173e+00
1.088169461344923583e+01
9.965574970333758387e+00
9.373021315815206478e+00
1.422831991532699902e+01
1.501210842680413826e+01
1.246335526484300615e+01
9.166995688475081394e+00
9.772050238058398008e+00
7.312732791431452384e+00
4.068428945128219176e+00
1.117038385124011413e+01
1.538904010394216471e+01
1.484151074652385738e+01
1.911595536035255805e+01
1.236077446474206631e+01
1.404820733880128181e+01
1.161737456321036532e+01
1.688803298257900920e+01
1.178062436274634450e+01
9.236181543108379799e+00
1.178062436274634450e+01
1.281592373849173683e+01
1.484151074652385738e+01
9.027033336764100468e+00
1.354055000514615159e+01
1.595769121605730767e+01
1.386575534383213970e+01
1.787688803255549530e+01
8.444016491289504600e+00
9.965574970333758387e+00
9.373021315815206478e+00
1.769793569896924623e+01
6.863662517577697741e+00
9.965574970333758387e+00
1.058513485680245481e+01
7.312732791431452384e+00
7.225151993843566878e+00
