1.236077446474206631e+01
8.214724333230154940e+00
1.458187244392064308e+01
1.642944866646030988e+01
1.538904010394216471e+01
1.325545386523797831e+01
1.431752655671925822e+01
7.312732791431452384e+00
1.306193320280393344e+01
1.436192209445157708e+01
1.372732503515539548e+01
1.335116235624909109e+01
1.440618081907316395e+01
1.479855404066383784e+01
1.449429283826230197e+01
1.413855043925722121e+01
1.052482020710848865e+01
1.156244577056221523e+01
9.965574970333758387e+00
4.513516668382050234e+00
1.607692842495848140e+01
1.276615297284584649e+01
1.599753570059363028e+01
8.136857890256438353e+00
1.034176589165282145e+01
1.325545386523797831e+01
6.955796338302048021e+00
1.117038385124011413e+01
6.770275002573075795e+00
1.377362305878664728e+01
1.015541250385961369e+01
1.751715531361111644e+01
1.391159267660409604e+01
1.595769121605730767e+01
8.519075891779829490e+00
1.505445578434700415e+01
9.373021315815206478e+00
8.593479713983121826e+00
1.296408962885714899e+01
8.884866446580955923e+00
1.547155565579009817e+01
1.591774699517169012e+01
8.812923024107547576e+00
1.117038385124011413e+01
1.509668435477122017e+01
1.381976597885341995e+01
1.363425735166143049e+01
1.251433034574463399e+01
9.965574970333758387e+00
1.538904010394216471e+01
7.569397566060480642e+00
1.236077446474206631e+01
8.519075891779829490e+00
1.595769121605730767e+01
1.488434347843123184e+01
1.296408962885714899e+01
1.002925341359354938e+01
1.094004191971426110e+01
9.965574970333758387e+00
9.640875829802336483e+00
1.418350619798065715e+01
1.488434347843123184e+01
1.241217083805063837e+01
9.373021315815206478e+00
9.901487006738307173e+00
7.978845608028653835e+00
6.675581178124545545e+00
1.111324596323282954e+01
1.526443044094783019e+01
1.908262324195121096e+01
1.427299292922216978e+01
1.230916348999737586e+01
1.400281721259029588e+01
1.167204486311898926e+01
1.673656774376800982e+01
1.178062436274634450e+01
9.574614729634383536e+00
1.194164264288369282e+01
1.281592373849173683e+01
1.475547227809780537e+01
9.097283682934460103e+00
1.354055000514615159e+01
1.571650316319191809e+01
1.368087033328175828e+01
1.737117647432762624e+01
8.884866446580955923e+00
9.965574970333758387e+00
2.763953195770683990e+00
9.373021315815206478e+00
1.748077488947326685e+01
7.312732791431452384e+00
9.965574970333758387e+00
1.040314189572019821e+01
7.978845608028653835e+00
3.385137501286537898e+00
