1.178062436274634450e+01
9.373021315815206478e+00
1.436192209445157708e+01
1.530607971465162365e+01
1.603728119216292924e+01
1.320733953636073110e+01
1.409345127989185542e+01
8.593479713983121826e+00
1.306193320280393344e+01
1.431752655671925822e+01
1.368087033328175828e+01
1.320733953636073110e+01
1.436192209445157708e+01
1.445030398768713376e+01
1.335116235624909109e+01
1.386575534383213970e+01
1.058513485680245481e+01
1.167204486311898926e+01
7.569397566060480642e+00
9.373021315815206478e+00
1.595769121605730767e+01
1.246335526484300615e+01
1.599753570059363028e+01
8.136857890256438353e+00
1.040314189572019821e+01
1.296408962885714899e+01
7.898654169668588132e+00
1.111324596323282954e+01
6.863662517577697741e+00
8.291859587312051971e+00
3.908820095223359381e+00
9.965574970333758387e+00
1.286550196516137312e+01
1.658371917462410394e+01
1.579730833933717626e+01
1.339876023397903637e+01
8.519075891779829490e+00
1.484151074652385738e+01
9.373021315815206478e+00
8.956231982162769611e+00
1.296408962885714899e+01
9.574614729634383536e+00
1.526443044094783019e+01
1.559451034962034477e+01
9.373021315815206478e+00
1.117038385124011413e+01
1.436192209445157708e+01
1.339876023397903637e+01
1.325545386523797831e+01
1.256509862862843541e+01
1.021790793990058255e+01
1.513879513212096128e+01
8.368283871884004910e+00
3.568248232305542444e+00
9.373021315815206478e+00
1.236077446474206631e+01
1.422831991532699902e+01
1.555363345008750464e+01
1.296408962885714899e+01
1.021790793990058255e+01
1.111324596323282954e+01
9.965574970333758387e+00
9.373021315815206478e+00
1.395727947504383337e+01
1.458187244392064308e+01
1.220528683538465842e+01
9.373021315815206478e+00
9.965574970333758387e+00
8.593479713983121826e+00
8.368283871884004910e+00
1.117038385124011413e+01
1.436192209445157708e+01
1.829923496393627147e+01
1.339876023397903637e+01
1.210051848659980855e+01
1.339876023397903637e+01
1.070474469691662733e+01
1.607692842495848140e+01
6.482044814428574497e+00
1.156244577056221523e+01
7.136496464611084889e+00
5.046265044040320724e+00
9.373021315815206478e+00
1.178062436274634450e+01
1.271618740744904485e+01
1.436192209445157708e+01
9.373021315815206478e+00
1.436192209445157708e+01
1.266602473693425601e+01
1.320733953636073110e+01
1.611647812414279102e+01
4.370193722368316713e+00
9.373021315815206478e+00
9.965574970333758387e+00
7.225151993843566878e+00
9.373021315815206478e+00
1.642944866646030988e+01
8.136857890256438353e+00
5.046265044040320724e+00
9.965574970333758387e+00
1.015541250385961369e+01
9.097283682934460103e+00
6.863662517577697741e+00
