1.167204486311898926e+01
8.740387444736633427e+00
1.349345229721172146e+01
1.518078909665319287e+01
1.427299292922216978e+01
6.282549314314217703e+00
5.753627391751591880e+00
1.236077446474206631e+01
1.286550196516137312e+01
9.965574970333758387e+00
1.301310337505149661e+01
1.422831991532699902e+01
1.363425735166143049e+01
1.246335526484300615e+01
1.349345229721172146e+01
1.381976597885341995e+01
1.236077446474206631e+01
8.136857890256438353e+00
1.344618962205996482e+01
1.058513485680245481e+01
1.178062436274634450e+01
4.787307364817191768e+00
8.740387444736633427e+00
9.373021315815206478e+00
1.538904010394216471e+01
1.236077446474206631e+01
1.462546558286290477e+01
8.444016491289504600e+00
1.076405121554611632e+01
1.161737456321036532e+01
8.740387444736633427e+00
1.009253008808064145e+01
8.740387444736633427e+00
9.097283682934460103e+00
5.527906391541367981e+00
7.569397566060480642e+00
9.965574970333758387e+00
1.183454054540639433e+01
8.136857890256438353e+00
1.381976597885341995e+01
1.471226436021925466e+01
1.276615297284584649e+01
8.593479713983121826e+00
8.136857890256438353e+00
1.368087033328175828e+01
9.373021315815206478e+00
8.136857890256438353e+00
1.178062436274634450e+01
9.640875829802336483e+00
7.399277020331918919e+00
1.413855043925722121e+01
1.330339418036568588e+01
5.753627391751591880e+00
9.373021315815206478e+00
7.898654169668588132e+00
1.117038385124011413e+01
8.136857890256438353e+00
1.271618740744904485e+01
1.111324596323282954e+01
1.194164264288369282e+01
8.136857890256438353e+00
1.266602473693425601e+01
1.058513485680245481e+01
1.344618962205996482e+01
8.136857890256438353e+00
8.740387444736633427e+00
8.740387444736633427e+00
1.117038385124011413e+01
1.449429283826230197e+01
1.296408962885714899e+01
1.215301555949299761e+01
8.136857890256438353e+00
9.965574970333758387e+00
9.965574970333758387e+00
1.015541250385961369e+01
8.136857890256438353e+00
9.373021315815206478e+00
1.291488987023529766e+01
1.236077446474206631e+01
1.296408962885714899e+01
9.373021315815206478e+00
6.383076486422923246e+00
9.965574970333758387e+00
8.956231982162769611e+00
9.507891862878782518e+00
6.675581178124545545e+00
1.301310337505149661e+01
1.009253008808064145e+01
1.595769121605730767e+01
1.150725478350318376e+01
3.908820095223359381e+00
1.178062436274634450e+01
1.266602473693425601e+01
9.574614729634383536e+00
7.569397566060480642e+00
1.453814859003845150e+01
8.291859587312051971e+00
1.002925341359354938e+01
8.291859587312051971e+00
7.399277020331918919e+00
8.740387444736633427e+00
6.863662517577697741e+00
9.166995688475081394e+00
1.167204486311898926e+01
1.172646028567007725e+01
5.292567428401227403e+00
4.652426491681278087e+00
6.282549314314217703e+00
1.236077446474206631e+01
9.236181543108379799e+00
1.183454054540639433e+01
1.070474469691662733e+01
6.863662517577697741e+00
8.368283871884004910e+00
1.117038385124011413e+01
1.395727947504383337e+01
9.373021315815206478e+00
9.965574970333758387e+00
8.291859587312051971e+00
9.373021315815206478e+00
8.136857890256438353e+00
1.354055000514615159e+01
8.136857890256438353e+00
5.527906391541367981e+00
7.978845608028653835e+00
8.136857890256438353e+00
9.574614729634383536e+00
9.373021315815206478e+00
9.507891862878782518e+00
8.136857890256438353e+00
