1.150725478350318376e+01
9.027033336764100468e+00
1.320733953636073110e+01
1.386575534383213970e+01
1.475547227809780537e+01
7.569397566060480642e+00
7.225151993843566878e+00
3.385137501286537898e+00
1.194164264288369282e+01
1.256509862862843541e+01
1.002925341359354938e+01
1.404820733880128181e+01
1.236077446474206631e+01
2.763953195770683990e+00
1.363425735166143049e+01
4.222008245644752300e+00
1.194164264288369282e+01
1.325545386523797831e+01
1.354055000514615159e+01
1.236077446474206631e+01
8.291859587312051971e+00
1.311058116710494836e+01
6.863662517577697741e+00
1.058513485680245481e+01
1.178062436274634450e+01
8.812923024107547576e+00
9.373021315815206478e+00
1.505445578434700415e+01
1.236077446474206631e+01
1.395727947504383337e+01
8.136857890256438353e+00
1.105581278308273596e+01
1.021790793990058255e+01
8.593479713983121826e+00
9.836981518731869656e+00
8.740387444736633427e+00
7.046725639945927711e+00
9.373021315815206478e+00
4.918490759365934828e+00
7.569397566060480642e+00
9.706684619910241452e+00
5.753627391751591880e+00
1.178062436274634450e+01
8.444016491289504600e+00
1.291488987023529766e+01
1.276615297284584649e+01
1.339876023397903637e+01
8.444016491289504600e+00
8.136857890256438353e+00
1.339876023397903637e+01
3.385137501286537898e+00
9.373021315815206478e+00
8.667244841319218907e+00
1.145179781116143225e+01
9.574614729634383536e+00
8.136857890256438353e+00
7.978845608028653835e+00
1.325545386523797831e+01
1.286550196516137312e+01
9.373021315815206478e+00
8.368283871884004910e+00
1.117038385124011413e+01
8.136857890256438353e+00
1.194164264288369282e+01
1.058513485680245481e+01
1.178062436274634450e+01
8.740387444736633427e+00
1.230916348999737586e+01
1.058513485680245481e+01
1.296408962885714899e+01
8.444016491289504600e+00
8.740387444736633427e+00
8.593479713983121826e+00
6.675581178124545545e+00
1.105581278308273596e+01
1.413855043925722121e+01
1.215301555949299761e+01
1.178062436274634450e+01
8.740387444736633427e+00
9.574614729634383536e+00
9.965574970333758387e+00
9.373021315815206478e+00
8.444016491289504600e+00
3.385137501286537898e+00
9.373021315815206478e+00
1.281592373849173683e+01
1.225733520300188317e+01
1.194164264288369282e+01
5.527906391541367981e+00
9.373021315815206478e+00
7.046725639945927711e+00
9.965574970333758387e+00
9.027033336764100468e+00
7.735777827895049086e+00
8.519075891779829490e+00
1.261566261010080048e+01
1.009253008808064145e+01
4.513516668382050234e+00
1.513879513212096128e+01
6.863662517577697741e+00
1.009253008808064145e+01
1.156244577056221523e+01
1.188821220645068522e+01
9.373021315815206478e+00
8.136857890256438353e+00
4.222008245644752300e+00
1.372732503515539548e+01
8.136857890256438353e+00
9.965574970333758387e+00
8.519075891779829490e+00
7.484820637019110379e+00
8.444016491289504600e+00
8.136857890256438353e+00
8.740387444736633427e+00
1.082303275961201905e+01
6.863662517577697741e+00
6.863662517577697741e+00
1.134007028277388685e+01
1.128379167095512559e+00
7.136496464611084889e+00
1.167204486311898926e+01
8.884866446580955923e+00
1.954410047611679691e+00
1.150725478350318376e+01
1.058513485680245481e+01
7.225151993843566878e+00
8.291859587312051971e+00
1.070474469691662733e+01
1.301310337505149661e+01
6.383076486422923246e+00
9.373021315815206478e+00
9.965574970333758387e+00
8.444016491289504600e+00
9.373021315815206478e+00
8.136857890256438353e+00
8.444016491289504600e+00
1.296408962885714899e+01
6.675581178124545545e+00
8.593479713983121826e+00
8.136857890256438353e+00
9.507891862878782518e+00
9.373021315815206478e+00
9.507891862878782518e+00
8.519075891779829490e+00
