1.236077446474206631e+01
7.898654169668588132e+00
1.471226436021925466e+01
1.650676414605009157e+01
1.538904010394216471e+01
1.330339418036568588e+01
1.431752655671925822e+01
1.306193320280393344e+01
1.436192209445157708e+01
6.955796338302048021e+00
1.377362305878664728e+01
1.335116235624909109e+01
1.445030398768713376e+01
1.479855404066383784e+01
1.509668435477122017e+01
1.427299292922216978e+01
1.046415791390898242e+01
1.167204486311898926e+01
9.965574970333758387e+00
1.619528777809902209e+01
1.281592373849173683e+01
1.603728119216292924e+01
8.214724333230154940e+00
1.021790793990058255e+01
1.330339418036568588e+01
6.770275002573075795e+00
1.117038385124011413e+01
6.076507779746498805e+00
1.381976597885341995e+01
1.009253008808064145e+01
1.755346033766304004e+01
1.404820733880128181e+01
1.611647812414279102e+01
8.136857890256438353e+00
1.530607971465162365e+01
9.373021315815206478e+00
8.444016491289504600e+00
1.296408962885714899e+01
8.667244841319218907e+00
1.555363345008750464e+01
1.591774699517169012e+01
8.740387444736633427e+00
1.117038385124011413e+01
1.522266721510391640e+01
1.391159267660409604e+01
1.363425735166143049e+01
1.251433034574463399e+01
9.901487006738307173e+00
1.538904010394216471e+01
7.225151993843566878e+00
1.236077446474206631e+01
8.136857890256438353e+00
1.595769121605730767e+01
1.496964127403822076e+01
1.296408962885714899e+01
9.836981518731869656e+00
1.088169461344923583e+01
9.965574970333758387e+00
9.507891862878782518e+00
1.418350619798065715e+01
1.488434347843123184e+01
1.246335526484300615e+01
9.166995688475081394e+00
9.772050238058398008e+00
7.735777827895049086e+00
5.970821321441846408e+00
1.105581278308273596e+01
1.526443044094783019e+01
1.453814859003845150e+01
1.908262324195121096e+01
1.225733520300188317e+01
1.395727947504383337e+01
1.161737456321036532e+01
1.688803298257900920e+01
1.178062436274634450e+01
9.373021315815206478e+00
1.194164264288369282e+01
1.281592373849173683e+01
1.484151074652385738e+01
9.097283682934460103e+00
1.354055000514615159e+01
1.591774699517169012e+01
1.377362305878664728e+01
1.755346033766304004e+01
8.812923024107547576e+00
9.965574970333758387e+00
9.373021315815206478e+00
1.769793569896924623e+01
7.225151993843566878e+00
9.965574970333758387e+00
1.058513485680245481e+01
7.735777827895049086e+00
