1.178062436274634450e+01
9.236181543108379799e+00
1.409345127989185542e+01
1.492705330360461602e+01
1.579730833933717626e+01
1.306193320280393344e+01
1.377362305878664728e+01
9.236181543108379799e+00
1.306193320280393344e+01
1.431752655671925822e+01
1.368087033328175828e+01
1.301310337505149661e+01
1.418350619798065715e+01
1.418350619798065715e+01
1.281592373849173683e+01
1.377362305878664728e+01
5.527906391541367981e+00
1.058513485680245481e+01
1.178062436274634450e+01
8.740387444736633427e+00
9.373021315815206478e+00
1.543035303761632804e+01
1.236077446474206631e+01
1.567594437773643001e+01
8.740387444736633427e+00
1.076405121554611632e+01
1.266602473693425601e+01
8.667244841319218907e+00
1.099807968464679142e+01
8.136857890256438353e+00
8.519075891779829490e+00
7.046725639945927711e+00
9.965574970333758387e+00
1.256509862862843541e+01
6.863662517577697741e+00
1.530607971465162365e+01
1.575695754970980111e+01
1.301310337505149661e+01
8.519075891779829490e+00
7.817640190446718762e+00
1.422831991532699902e+01
9.373021315815206478e+00
6.383076486422923246e+00
1.178062436274634450e+01
9.507891862878782518e+00
4.513516668382050234e+00
1.453814859003845150e+01
1.422831991532699902e+01
9.373021315815206478e+00
5.641895835477562571e+00
1.117038385124011413e+01
6.863662517577697741e+00
1.194164264288369282e+01
1.325545386523797831e+01
1.256509862862843541e+01
1.256509862862843541e+01
7.136496464611084889e+00
1.058513485680245481e+01
1.427299292922216978e+01
7.225151993843566878e+00
8.136857890256438353e+00
8.740387444736633427e+00
1.117038385124011413e+01
1.526443044094783019e+01
1.349345229721172146e+01
1.271618740744904485e+01
6.863662517577697741e+00
9.965574970333758387e+00
1.094004191971426110e+01
9.965574970333758387e+00
6.863662517577697741e+00
9.373021315815206478e+00
1.325545386523797831e+01
1.358748446131948917e+01
1.236077446474206631e+01
9.373021315815206478e+00
9.965574970333758387e+00
8.740387444736633427e+00
9.304852983362556174e+00
3.742410318509555189e+00
1.117038385124011413e+01
1.381976597885341995e+01
1.766192765414112031e+01
1.236077446474206631e+01
1.178062436274634450e+01
1.281592373849173683e+01
9.640875829802336483e+00
4.370193722368316713e+00
1.538904010394216471e+01
8.136857890256438353e+00
1.070474469691662733e+01
8.368283871884004910e+00
7.136496464611084889e+00
7.817640190446718762e+00
9.373021315815206478e+00
1.178062436274634450e+01
1.236077446474206631e+01
1.368087033328175828e+01
9.373021315815206478e+00
1.330339418036568588e+01
1.178062436274634450e+01
1.266602473693425601e+01
7.817640190446718762e+00
1.513879513212096128e+01
9.440697438826296306e+00
9.965574970333758387e+00
8.519075891779829490e+00
9.373021315815206478e+00
6.955796338302048021e+00
1.492705330360461602e+01
7.569397566060480642e+00
6.579524642479540830e+00
7.898654169668588132e+00
9.965574970333758387e+00
9.373021315815206478e+00
9.640875829802336483e+00
7.898654169668588132e+00
