1.236077446474206631e+01
7.225151993843566878e+00
1.479855404066383784e+01
1.662206308517478703e+01
1.551264883747923129e+01
1.330339418036568588e+01
1.445030398768713376e+01
1.301310337505149661e+01
1.436192209445157708e+01
5.292567428401227403e+00
1.377362305878664728e+01
1.335116235624909109e+01
1.449429283826230197e+01
1.479855404066383784e+01
1.522266721510391640e+01
1.445030398768713376e+01
1.034176589165282145e+01
1.167204486311898926e+01
9.965574970333758387e+00
1.666031874701878124e+01
1.286550196516137312e+01
1.603728119216292924e+01
8.136857890256438353e+00
1.009253008808064145e+01
1.335116235624909109e+01
5.170882945826410726e+00
1.117038385124011413e+01
2.256758334191025117e+00
1.404820733880128181e+01
9.965574970333758387e+00
1.805406667352820094e+01
1.436192209445157708e+01
1.627371578051287671e+01
7.484820637019110379e+00
1.559451034962034477e+01
9.373021315815206478e+00
8.136857890256438353e+00
1.296408962885714899e+01
8.136857890256438353e+00
1.587770228520368221e+01
1.603728119216292924e+01
8.444016491289504600e+00
1.099807968464679142e+01
1.547155565579009817e+01
1.395727947504383337e+01
1.377362305878664728e+01
1.251433034574463399e+01
9.772050238058398008e+00
1.547155565579009817e+01
6.383076486422923246e+00
1.220528683538465842e+01
1.631278838364701755e+01
7.225151993843566878e+00
1.543035303761632804e+01
1.296408962885714899e+01
9.965574970333758387e+00
1.076405121554611632e+01
1.002925341359354938e+01
9.373021315815206478e+00
1.427299292922216978e+01
1.518078909665319287e+01
1.246335526484300615e+01
9.097283682934460103e+00
9.373021315815206478e+00
7.225151993843566878e+00
1.677456227108388731e+01
1.538904010394216471e+01
1.526443044094783019e+01
1.914922945926876707e+01
1.400281721259029588e+01
1.161737456321036532e+01
1.688803298257900920e+01
1.178062436274634450e+01
9.097283682934460103e+00
1.178062436274634450e+01
1.286550196516137312e+01
1.488434347843123184e+01
8.812923024107547576e+00
1.368087033328175828e+01
1.595769121605730767e+01
1.391159267660409604e+01
1.805406667352820094e+01
8.136857890256438353e+00
9.965574970333758387e+00
9.236181543108379799e+00
1.776973289316191185e+01
6.076507779746498805e+00
9.965574970333758387e+00
1.058513485680245481e+01
6.863662517577697741e+00
7.136496464611084889e+00
