1.178062436274634450e+01
9.373021315815206478e+00
1.436192209445157708e+01
1.530607971465162365e+01
1.591774699517169012e+01
1.315904928495908166e+01
1.404820733880128181e+01
8.667244841319218907e+00
1.306193320280393344e+01
1.431752655671925822e+01
1.368087033328175828e+01
1.315904928495908166e+01
1.436192209445157708e+01
1.445030398768713376e+01
1.320733953636073110e+01
1.386575534383213970e+01
1.058513485680245481e+01
1.167204486311898926e+01
7.817640190446718762e+00
9.373021315815206478e+00
1.591774699517169012e+01
1.236077446474206631e+01
1.595769121605730767e+01
8.136857890256438353e+00
1.052482020710848865e+01
1.286550196516137312e+01
8.058239062071395509e+00
1.117038385124011413e+01
7.225151993843566878e+00
8.444016491289504600e+00
4.918490759365934828e+00
9.965574970333758387e+00
1.286550196516137312e+01
1.650676414605009157e+01
1.579730833933717626e+01
1.335116235624909109e+01
8.593479713983121826e+00
1.484151074652385738e+01
9.373021315815206478e+00
9.097283682934460103e+00
1.291488987023529766e+01
9.574614729634383536e+00
1.522266721510391640e+01
1.547155565579009817e+01
9.373021315815206478e+00
1.117038385124011413e+01
1.418350619798065715e+01
1.339876023397903637e+01
1.311058116710494836e+01
1.256509862862843541e+01
1.028002345391383443e+01
3.568248232305542444e+00
1.505445578434700415e+01
4.787307364817191768e+00
8.214724333230154940e+00
9.373021315815206478e+00
1.230916348999737586e+01
1.418350619798065715e+01
1.547155565579009817e+01
1.296408962885714899e+01
1.009253008808064145e+01
1.111324596323282954e+01
9.965574970333758387e+00
9.507891862878782518e+00
1.391159267660409604e+01
1.445030398768713376e+01
1.215301555949299761e+01
9.373021315815206478e+00
9.965574970333758387e+00
8.667244841319218907e+00
8.667244841319218907e+00
1.117038385124011413e+01
1.436192209445157708e+01
1.815954410458608237e+01
1.315904928495908166e+01
1.194164264288369282e+01
1.330339418036568588e+01
1.028002345391383443e+01
1.575695754970980111e+01
6.863662517577697741e+00
1.156244577056221523e+01
7.312732791431452384e+00
5.753627391751591880e+00
9.373021315815206478e+00
1.178062436274634450e+01
1.266602473693425601e+01
1.409345127989185542e+01
9.373021315815206478e+00
1.422831991532699902e+01
1.256509862862843541e+01
1.296408962885714899e+01
1.587770228520368221e+01
5.170882945826410726e+00
9.507891862878782518e+00
9.965574970333758387e+00
7.569397566060480642e+00
9.373021315815206478e+00
1.635176762293251684e+01
1.595769121605730811e+00
7.817640190446718762e+00
6.076507779746498805e+00
9.965574970333758387e+00
9.640875829802336483e+00
9.166995688475081394e+00
6.863662517577697741e+00
