1.167204486311898926e+01
8.740387444736633427e+00
1.339876023397903637e+01
1.488434347843123184e+01
1.413855043925722121e+01
6.863662517577697741e+00
6.579524642479540830e+00
1.215301555949299761e+01
1.276615297284584649e+01
9.965574970333758387e+00
1.286550196516137312e+01
1.413855043925722121e+01
1.368087033328175828e+01
1.225733520300188317e+01
1.335116235624909109e+01
1.372732503515539548e+01
1.236077446474206631e+01
8.136857890256438353e+00
1.344618962205996482e+01
1.058513485680245481e+01
5.753627391751591880e+00
1.178062436274634450e+01
8.884866446580955923e+00
9.373021315815206478e+00
1.526443044094783019e+01
1.236077446474206631e+01
1.431752655671925822e+01
8.368283871884004910e+00
1.082303275961201905e+01
1.128379167095512514e+01
8.740387444736633427e+00
9.965574970333758387e+00
8.740387444736633427e+00
9.166995688475081394e+00
6.383076486422923246e+00
7.569397566060480642e+00
9.965574970333758387e+00
1.178062436274634450e+01
4.370193722368316713e+00
8.136857890256438353e+00
1.363425735166143049e+01
1.409345127989185542e+01
1.276615297284584649e+01
8.519075891779829490e+00
8.136857890256438353e+00
1.354055000514615159e+01
9.373021315815206478e+00
8.291859587312051971e+00
1.167204486311898926e+01
9.640875829802336483e+00
7.898654169668588132e+00
6.770275002573075795e+00
1.395727947504383337e+01
1.315904928495908166e+01
9.373021315815206478e+00
8.136857890256438353e+00
1.117038385124011413e+01
8.136857890256438353e+00
1.236077446474206631e+01
1.082303275961201905e+01
1.178062436274634450e+01
8.444016491289504600e+00
1.256509862862843541e+01
1.058513485680245481e+01
1.325545386523797831e+01
8.136857890256438353e+00
8.740387444736633427e+00
8.740387444736633427e+00
1.117038385124011413e+01
4.513516668382050234e+00
1.445030398768713376e+01
1.286550196516137312e+01
1.178062436274634450e+01
8.444016491289504600e+00
1.009253008808064145e+01
9.965574970333758387e+00
9.640875829802336483e+00
8.136857890256438353e+00
9.373021315815206478e+00
1.286550196516137312e+01
1.236077446474206631e+01
1.256509862862843541e+01
9.373021315815206478e+00
6.482044814428574497e+00
9.965574970333758387e+00
9.097283682934460103e+00
9.640875829802336483e+00
7.046725639945927711e+00
1.281592373849173683e+01
1.009253008808064145e+01
1.575695754970980111e+01
1.128379167095512514e+01
5.411516379806009525e+00
1.167204486311898926e+01
1.241217083805063837e+01
9.507891862878782518e+00
7.898654169668588132e+00
1.418350619798065715e+01
8.291859587312051971e+00
9.965574970333758387e+00
8.444016491289504600e+00
7.569397566060480642e+00
8.740387444736633427e+00
7.399277020331918919e+00
9.166995688475081394e+00
1.139607097042601680e+01
6.076507779746498805e+00
1.156244577056221523e+01
5.753627391751591880e+00
6.955796338302048021e+00
1.194164264288369282e+01
8.956231982162769611e+00
1.178062436274634450e+01
1.070474469691662733e+01
6.863662517577697741e+00
8.214724333230154940e+00
1.117038385124011413e+01
1.372732503515539548e+01
4.222008245644752300e+00
9.373021315815206478e+00
9.965574970333758387e+00
8.291859587312051971e+00
9.373021315815206478e+00
8.136857890256438353e+00
8.214724333230154940e+00
1.325545386523797831e+01
6.076507779746498805e+00
8.136857890256438353e+00
8.136857890256438353e+00
9.507891862878782518e+00
9.373021315815206478e+00
9.507891862878782518e+00
8.368283871884004910e+00
