1.099807968464679142e+01
9.027033336764100468e+00
1.296408962885714899e+01
1.344618962205996482e+01
1.449429283826230197e+01
3.908820095223359381e+00
7.484820637019110379e+00
6.076507779746498805e+00
7.569397566060480642e+00
1.117038385124011413e+01
1.178062436274634450e+01
3.568248232305542444e+00
4.918490759365934828e+00
9.304852983362556174e+00
1.377362305878664728e+01
1.210051848659980855e+01
5.753627391751591880e+00
6.180387232371033157e+00
1.301310337505149661e+01
5.411516379806009525e+00
1.178062436274634450e+01
1.306193320280393344e+01
1.306193320280393344e+01
1.215301555949299761e+01
8.667244841319218907e+00
1.241217083805063837e+01
7.312732791431452384e+00
1.058513485680245481e+01
1.178062436274634450e+01
8.812923024107547576e+00
9.373021315815206478e+00
1.479855404066383784e+01
1.220528683538465842e+01
1.344618962205996482e+01
8.136857890256438353e+00
1.105581278308273596e+01
1.009253008808064145e+01
8.593479713983121826e+00
9.236181543108379799e+00
8.740387444736633427e+00
7.399277020331918919e+00
9.373021315815206478e+00
6.383076486422923246e+00
7.569397566060480642e+00
9.507891862878782518e+00
6.383076486422923246e+00
1.178062436274634450e+01
8.444016491289504600e+00
1.220528683538465842e+01
1.256509862862843541e+01
1.241217083805063837e+01
8.368283871884004910e+00
5.411516379806009525e+00
5.753627391751591880e+00
8.444016491289504600e+00
1.301310337505149661e+01
9.640875829802336483e+00
8.740387444736633427e+00
9.373021315815206478e+00
1.058513485680245481e+01
8.136857890256438353e+00
8.136857890256438353e+00
1.266602473693425601e+01
1.296408962885714899e+01
9.373021315815206478e+00
8.667244841319218907e+00
1.117038385124011413e+01
8.136857890256438353e+00
1.178062436274634450e+01
1.040314189572019821e+01
1.178062436274634450e+01
8.740387444736633427e+00
1.215301555949299761e+01
1.058513485680245481e+01
1.296408962885714899e+01
8.444016491289504600e+00
8.740387444736633427e+00
8.519075891779829490e+00
7.225151993843566878e+00
1.088169461344923583e+01
1.377362305878664728e+01
5.046265044040320724e+00
1.150725478350318376e+01
1.139607097042601680e+01
8.812923024107547576e+00
9.965574970333758387e+00
9.166995688475081394e+00
9.373021315815206478e+00
8.519075891779829490e+00
6.076507779746498805e+00
9.373021315815206478e+00
1.271618740744904485e+01
1.188821220645068522e+01
1.145179781116143225e+01
6.482044814428574497e+00
9.373021315815206478e+00
7.399277020331918919e+00
5.046265044040320724e+00
9.901487006738307173e+00
8.740387444736633427e+00
7.225151993843566878e+00
8.444016491289504600e+00
1.220528683538465842e+01
1.009253008808064145e+01
6.282549314314217703e+00
1.449429283826230197e+01
7.312732791431452384e+00
1.009253008808064145e+01
1.076405121554611632e+01
9.304852983362556174e+00
1.099807968464679142e+01
8.136857890256438353e+00
5.970821321441846408e+00
1.311058116710494836e+01
8.136857890256438353e+00
9.965574970333758387e+00
5.046265044040320724e+00
8.740387444736633427e+00
7.817640190446718762e+00
8.136857890256438353e+00
8.291859587312051971e+00
8.740387444736633427e+00
1.058513485680245481e+01
7.225151993843566878e+00
7.399277020331918919e+00
5.753627391751591880e+00
3.385137501286537898e+00
1.094004191971426110e+01
7.484820637019110379e+00
5.527906391541367981e+00
1.117038385124011413e+01
8.884866446580955923e+00
1.046415791390898242e+01
1.070474469691662733e+01
7.225151993843566878e+00
8.368283871884004910e+00
6.675581178124545545e+00
1.058513485680245481e+01
1.225733520300188317e+01
9.373021315815206478e+00
1.002925341359354938e+01
8.444016491289504600e+00
9.440697438826296306e+00
8.136857890256438353e+00
8.593479713983121826e+00
1.271618740744904485e+01
6.863662517577697741e+00
8.740387444736633427e+00
8.136857890256438353e+00
9.507891862878782518e+00
9.373021315815206478e+00
9.507891862878782518e+00
8.444016491289504600e+00
