1.178062436274634450e+01
9.304852983362556174e+00
1.413855043925722121e+01
1.559451034962034477e+01
1.471226436021925466e+01
1.301310337505149661e+01
1.358748446131948917e+01
9.574614729634383536e+00
1.306193320280393344e+01
1.422831991532699902e+01
1.368087033328175828e+01
1.301310337505149661e+01
1.409345127989185542e+01
1.391159267660409604e+01
1.271618740744904485e+01
1.368087033328175828e+01
6.180387232371033157e+00
1.058513485680245481e+01
1.178062436274634450e+01
8.740387444736633427e+00
9.373021315815206478e+00
1.543035303761632804e+01
1.236077446474206631e+01
1.559451034962034477e+01
8.740387444736633427e+00
1.076405121554611632e+01
1.261566261010080048e+01
8.740387444736633427e+00
1.105581278308273596e+01
8.136857890256438353e+00
8.593479713983121826e+00
7.484820637019110379e+00
9.965574970333758387e+00
1.230916348999737586e+01
7.136496464611084889e+00
1.479855404066383784e+01
1.563528038089343752e+01
1.281592373849173683e+01
8.740387444736633427e+00
7.898654169668588132e+00
1.413855043925722121e+01
9.373021315815206478e+00
6.955796338302048021e+00
1.178062436274634450e+01
9.507891862878782518e+00
5.753627391751591880e+00
1.453814859003845150e+01
1.395727947504383337e+01
9.373021315815206478e+00
6.282549314314217703e+00
1.117038385124011413e+01
7.312732791431452384e+00
1.178062436274634450e+01
1.320733953636073110e+01
1.246335526484300615e+01
1.261566261010080048e+01
7.399277020331918919e+00
1.058513485680245481e+01
1.409345127989185542e+01
7.569397566060480642e+00
8.136857890256438353e+00
8.740387444736633427e+00
1.117038385124011413e+01
1.505445578434700415e+01
1.335116235624909109e+01
1.266602473693425601e+01
7.399277020331918919e+00
9.965574970333758387e+00
1.094004191971426110e+01
9.965574970333758387e+00
7.225151993843566878e+00
9.373021315815206478e+00
1.315904928495908166e+01
1.236077446474206631e+01
1.335116235624909109e+01
9.373021315815206478e+00
9.965574970333758387e+00
8.740387444736633427e+00
9.304852983362556174e+00
5.411516379806009525e+00
1.105581278308273596e+01
1.368087033328175828e+01
1.707547527140466670e+01
1.204779266504070279e+01
1.178062436274634450e+01
1.276615297284584649e+01
9.640875829802336483e+00
5.753627391751591880e+00
1.522266721510391640e+01
8.136857890256438353e+00
1.058513485680245481e+01
8.291859587312051971e+00
7.136496464611084889e+00
8.058239062071395509e+00
9.373021315815206478e+00
1.178062436274634450e+01
1.225733520300188317e+01
1.349345229721172146e+01
9.373021315815206478e+00
1.271618740744904485e+01
1.167204486311898926e+01
1.236077446474206631e+01
8.136857890256438353e+00
1.488434347843123184e+01
9.373021315815206478e+00
9.965574970333758387e+00
8.519075891779829490e+00
9.373021315815206478e+00
7.225151993843566878e+00
1.466892917224166482e+01
7.978845608028653835e+00
6.863662517577697741e+00
7.978845608028653835e+00
9.901487006738307173e+00
9.373021315815206478e+00
9.901487006738307173e+00
8.136857890256438353e+00
