1.178062436274634450e+01
9.027033336764100468e+00
1.404820733880128181e+01
1.551264883747923129e+01
1.449429283826230197e+01
2.523132522020160362e+00
1.301310337505149661e+01
1.339876023397903637e+01
9.574614729634383536e+00
1.296408962885714899e+01
1.422831991532699902e+01
1.363425735166143049e+01
1.301310337505149661e+01
1.391159267660409604e+01
1.391159267660409604e+01
1.271618740744904485e+01
6.770275002573075795e+00
1.363425735166143049e+01
1.058513485680245481e+01
1.178062436274634450e+01
8.740387444736633427e+00
9.373021315815206478e+00
1.538904010394216471e+01
1.236077446474206631e+01
1.547155565579009817e+01
8.740387444736633427e+00
1.076405121554611632e+01
1.251433034574463399e+01
8.740387444736633427e+00
1.082303275961201905e+01
8.444016491289504600e+00
8.740387444736633427e+00
7.484820637019110379e+00
9.965574970333758387e+00
1.225733520300188317e+01
7.312732791431452384e+00
1.471226436021925466e+01
1.563528038089343752e+01
1.276615297284584649e+01
8.740387444736633427e+00
7.898654169668588132e+00
1.400281721259029588e+01
9.373021315815206478e+00
7.484820637019110379e+00
1.178062436274634450e+01
9.507891862878782518e+00
6.282549314314217703e+00
1.445030398768713376e+01
1.377362305878664728e+01
9.373021315815206478e+00
6.863662517577697741e+00
1.117038385124011413e+01
7.399277020331918919e+00
1.156244577056221523e+01
1.306193320280393344e+01
1.236077446474206631e+01
7.817640190446718762e+00
1.266602473693425601e+01
1.058513485680245481e+01
1.391159267660409604e+01
7.898654169668588132e+00
8.444016491289504600e+00
8.740387444736633427e+00
1.117038385124011413e+01
1.496964127403822076e+01
1.325545386523797831e+01
1.266602473693425601e+01
7.569397566060480642e+00
9.965574970333758387e+00
1.088169461344923583e+01
9.965574970333758387e+00
7.484820637019110379e+00
9.373021315815206478e+00
1.306193320280393344e+01
1.236077446474206631e+01
1.330339418036568588e+01
9.373021315815206478e+00
9.965574970333758387e+00
8.740387444736633427e+00
9.236181543108379799e+00
5.753627391751591880e+00
1.088169461344923583e+01
1.354055000514615159e+01
1.685029431422315938e+01
1.178062436274634450e+01
1.178062436274634450e+01
1.276615297284584649e+01
9.574614729634383536e+00
6.076507779746498805e+00
1.505445578434700415e+01
8.136857890256438353e+00
1.046415791390898242e+01
8.291859587312051971e+00
7.225151993843566878e+00
8.291859587312051971e+00
4.370193722368316713e+00
9.507891862878782518e+00
1.178062436274634450e+01
1.210051848659980855e+01
1.311058116710494836e+01
4.222008245644752300e+00
9.373021315815206478e+00
1.161737456321036532e+01
1.236077446474206631e+01
1.236077446474206631e+01
8.136857890256438353e+00
4.652426491681278087e+00
1.479855404066383784e+01
9.373021315815206478e+00
9.965574970333758387e+00
8.291859587312051971e+00
9.373021315815206478e+00
7.569397566060480642e+00
1.436192209445157708e+01
8.136857890256438353e+00
7.136496464611084889e+00
8.136857890256438353e+00
9.836981518731869656e+00
9.373021315815206478e+00
9.836981518731869656e+00
8.136857890256438353e+00
