1.105581278308273596e+01
9.236181543108379799e+00
1.296408962885714899e+01
1.377362305878664728e+01
1.449429283826230197e+01
7.569397566060480642e+00
5.292567428401227403e+00
7.569397566060480642e+00
1.134007028277388685e+01
1.215301555949299761e+01
9.640875829802336483e+00
3.191538243211461623e+00
1.386575534383213970e+01
1.225733520300188317e+01
5.170882945826410726e+00
5.970821321441846408e+00
1.330339418036568588e+01
3.908820095223359381e+00
1.178062436274634450e+01
1.306193320280393344e+01
1.320733953636073110e+01
1.225733520300188317e+01
8.368283871884004910e+00
1.256509862862843541e+01
7.225151993843566878e+00
1.058513485680245481e+01
1.178062436274634450e+01
8.812923024107547576e+00
9.373021315815206478e+00
1.496964127403822076e+01
1.230916348999737586e+01
1.368087033328175828e+01
8.136857890256438353e+00
1.105581278308273596e+01
1.009253008808064145e+01
8.593479713983121826e+00
9.440697438826296306e+00
8.740387444736633427e+00
7.225151993843566878e+00
9.373021315815206478e+00
5.970821321441846408e+00
7.569397566060480642e+00
9.706684619910241452e+00
6.383076486422923246e+00
1.178062436274634450e+01
8.444016491289504600e+00
1.225733520300188317e+01
1.266602473693425601e+01
1.281592373849173683e+01
8.444016491289504600e+00
4.513516668382050234e+00
5.046265044040320724e+00
8.136857890256438353e+00
1.320733953636073110e+01
9.640875829802336483e+00
8.740387444736633427e+00
1.094004191971426110e+01
9.373021315815206478e+00
8.136857890256438353e+00
8.136857890256438353e+00
1.271618740744904485e+01
1.296408962885714899e+01
9.373021315815206478e+00
8.593479713983121826e+00
1.117038385124011413e+01
8.136857890256438353e+00
1.178062436274634450e+01
1.058513485680245481e+01
1.178062436274634450e+01
8.740387444736633427e+00
1.220528683538465842e+01
1.058513485680245481e+01
1.296408962885714899e+01
8.444016491289504600e+00
8.740387444736633427e+00
8.519075891779829490e+00
6.863662517577697741e+00
1.094004191971426110e+01
1.386575534383213970e+01
1.167204486311898926e+01
1.161737456321036532e+01
4.222008245644752300e+00
8.740387444736633427e+00
9.965574970333758387e+00
9.304852983362556174e+00
9.507891862878782518e+00
8.444016491289504600e+00
5.170882945826410726e+00
9.373021315815206478e+00
1.271618740744904485e+01
1.215301555949299761e+01
1.161737456321036532e+01
6.076507779746498805e+00
9.373021315815206478e+00
7.312732791431452384e+00
4.222008245644752300e+00
9.965574970333758387e+00
8.812923024107547576e+00
7.312732791431452384e+00
8.519075891779829490e+00
1.241217083805063837e+01
1.009253008808064145e+01
6.076507779746498805e+00
1.466892917224166482e+01
7.046725639945927711e+00
1.009253008808064145e+01
1.105581278308273596e+01
9.373021315815206478e+00
1.117038385124011413e+01
8.136857890256438353e+00
5.527906391541367981e+00
1.339876023397903637e+01
8.136857890256438353e+00
9.965574970333758387e+00
4.222008245644752300e+00
8.519075891779829490e+00
7.653039857325811823e+00
8.136857890256438353e+00
8.291859587312051971e+00
8.740387444736633427e+00
1.058513485680245481e+01
7.225151993843566878e+00
7.225151993843566878e+00
1.117038385124011413e+01
5.046265044040320724e+00
7.484820637019110379e+00
1.139607097042601680e+01
5.170882945826410726e+00
8.884866446580955923e+00
1.058513485680245481e+01
7.312732791431452384e+00
1.105581278308273596e+01
8.368283871884004910e+00
1.058513485680245481e+01
1.256509862862843541e+01
6.383076486422923246e+00
9.373021315815206478e+00
1.002925341359354938e+01
8.444016491289504600e+00
9.373021315815206478e+00
8.136857890256438353e+00
8.444016491289504600e+00
1.276615297284584649e+01
6.863662517577697741e+00
8.740387444736633427e+00
8.136857890256438353e+00
9.507891862878782518e+00
9.373021315815206478e+00
9.440697438826296306e+00
8.444016491289504600e+00
4.068428945128219176e+00
