1.178062436274634450e+01
9.373021315815206478e+00
1.436192209445157708e+01
1.530607971465162365e+01
1.595769121605730767e+01
1.315904928495908166e+01
1.404820733880128181e+01
8.667244841319218907e+00
1.306193320280393344e+01
1.431752655671925822e+01
1.368087033328175828e+01
1.315904928495908166e+01
1.436192209445157708e+01
1.445030398768713376e+01
1.330339418036568588e+01
1.386575534383213970e+01
1.058513485680245481e+01
1.167204486311898926e+01
7.653039857325811823e+00
9.373021315815206478e+00
1.595769121605730767e+01
1.236077446474206631e+01
1.595769121605730767e+01
8.136857890256438353e+00
1.052482020710848865e+01
1.291488987023529766e+01
8.058239062071395509e+00
1.117038385124011413e+01
7.136496464611084889e+00
8.368283871884004910e+00
4.513516668382050234e+00
9.965574970333758387e+00
1.286550196516137312e+01
1.650676414605009157e+01
1.579730833933717626e+01
1.335116235624909109e+01
8.519075891779829490e+00
1.484151074652385738e+01
9.373021315815206478e+00
9.097283682934460103e+00
1.296408962885714899e+01
9.574614729634383536e+00
1.526443044094783019e+01
1.547155565579009817e+01
9.373021315815206478e+00
1.117038385124011413e+01
1.418350619798065715e+01
1.339876023397903637e+01
1.315904928495908166e+01
1.256509862862843541e+01
1.021790793990058255e+01
2.985410660720923204e+00
1.505445578434700415e+01
4.222008245644752300e+00
8.214724333230154940e+00
9.373021315815206478e+00
1.236077446474206631e+01
1.422831991532699902e+01
1.547155565579009817e+01
1.296408962885714899e+01
1.015541250385961369e+01
1.111324596323282954e+01
9.965574970333758387e+00
9.507891862878782518e+00
1.395727947504383337e+01
1.453814859003845150e+01
1.215301555949299761e+01
9.373021315815206478e+00
9.965574970333758387e+00
8.593479713983121826e+00
8.444016491289504600e+00
1.117038385124011413e+01
1.436192209445157708e+01
1.819456736586892021e+01
1.330339418036568588e+01
1.204779266504070279e+01
1.330339418036568588e+01
1.058513485680245481e+01
1.591774699517169012e+01
6.863662517577697741e+00
1.156244577056221523e+01
7.399277020331918919e+00
5.641895835477562571e+00
9.373021315815206478e+00
1.178062436274634450e+01
1.261566261010080048e+01
1.422831991532699902e+01
9.373021315815206478e+00
1.427299292922216978e+01
1.266602473693425601e+01
1.315904928495908166e+01
1.591774699517169012e+01
5.046265044040320724e+00
9.373021315815206478e+00
9.965574970333758387e+00
7.312732791431452384e+00
9.373021315815206478e+00
1.639065416446577927e+01
8.136857890256438353e+00
5.527906391541367981e+00
9.965574970333758387e+00
9.965574970333758387e+00
9.166995688475081394e+00
6.863662517577697741e+00
