1.210051848659980855e+01
8.812923024107547576e+00
1.440618081907316395e+01
1.619528777809902209e+01
1.538904010394216471e+01
1.320733953636073110e+01
1.422831991532699902e+01
7.978845608028653835e+00
1.306193320280393344e+01
1.436192209445157708e+01
1.372732503515539548e+01
1.325545386523797831e+01
1.436192209445157708e+01
1.458187244392064308e+01
1.386575534383213970e+01
1.409345127989185542e+01
1.058513485680245481e+01
1.156244577056221523e+01
6.482044814428574497e+00
9.507891862878782518e+00
1.603728119216292924e+01
1.266602473693425601e+01
1.599753570059363028e+01
8.136857890256438353e+00
1.046415791390898242e+01
1.315904928495908166e+01
7.225151993843566878e+00
1.111324596323282954e+01
5.411516379806009525e+00
7.484820637019110379e+00
1.339876023397903637e+01
9.965574970333758387e+00
1.733448968263843781e+01
1.372732503515539548e+01
1.587770228520368221e+01
8.740387444736633427e+00
1.492705330360461602e+01
9.373021315815206478e+00
8.740387444736633427e+00
1.296408962885714899e+01
9.166995688475081394e+00
1.534761596392107741e+01
1.583755632390385770e+01
9.097283682934460103e+00
1.117038385124011413e+01
1.488434347843123184e+01
1.368087033328175828e+01
1.354055000514615159e+01
1.256509862862843541e+01
1.002925341359354938e+01
1.538904010394216471e+01
8.136857890256438353e+00
9.097283682934460103e+00
1.236077446474206631e+01
1.571650316319191809e+01
1.471226436021925466e+01
1.296408962885714899e+01
1.028002345391383443e+01
1.105581278308273596e+01
9.965574970333758387e+00
9.507891862878782518e+00
1.409345127989185542e+01
1.479855404066383784e+01
1.246335526484300615e+01
9.373021315815206478e+00
9.965574970333758387e+00
8.136857890256438353e+00
7.817640190446718762e+00
5.046265044040320724e+00
1.117038385124011413e+01
1.479855404066383784e+01
1.867799869518773193e+01
1.386575534383213970e+01
1.230916348999737586e+01
1.395727947504383337e+01
1.105581278308273596e+01
1.662206308517478703e+01
1.167204486311898926e+01
2.985410660720923204e+00
5.170882945826410726e+00
9.507891862878782518e+00
1.194164264288369282e+01
1.276615297284584649e+01
1.462546558286290477e+01
9.236181543108379799e+00
1.522266721510391640e+01
1.320733953636073110e+01
1.349345229721172146e+01
1.688803298257900920e+01
9.373021315815206478e+00
9.965574970333758387e+00
5.753627391751591880e+00
9.507891862878782518e+00
1.726088217525477830e+01
7.978845608028653835e+00
9.965574970333758387e+00
1.028002345391383443e+01
8.667244841319218907e+00
5.970821321441846408e+00
