1.150725478350318376e+01
9.027033336764100468e+00
1.315904928495908166e+01
1.386575534383213970e+01
1.471226436021925466e+01
7.569397566060480642e+00
4.222008245644752300e+00
7.312732791431452384e+00
1.188821220645068522e+01
1.241217083805063837e+01
1.009253008808064145e+01
1.395727947504383337e+01
1.230916348999737586e+01
3.742410318509555189e+00
1.358748446131948917e+01
4.918490759365934828e+00
1.178062436274634450e+01
1.325545386523797831e+01
1.335116235624909109e+01
1.236077446474206631e+01
8.291859587312051971e+00
1.306193320280393344e+01
7.046725639945927711e+00
1.058513485680245481e+01
1.178062436274634450e+01
8.812923024107547576e+00
9.373021315815206478e+00
1.505445578434700415e+01
1.236077446474206631e+01
1.377362305878664728e+01
8.136857890256438353e+00
1.105581278308273596e+01
1.021790793990058255e+01
8.593479713983121826e+00
9.706684619910241452e+00
8.740387444736633427e+00
7.046725639945927711e+00
9.373021315815206478e+00
5.170882945826410726e+00
7.569397566060480642e+00
9.706684619910241452e+00
6.076507779746498805e+00
1.178062436274634450e+01
8.444016491289504600e+00
1.261566261010080048e+01
1.266602473693425601e+01
1.325545386523797831e+01
8.444016491289504600e+00
2.523132522020160362e+00
4.222008245644752300e+00
8.136857890256438353e+00
1.330339418036568588e+01
9.507891862878782518e+00
8.740387444736633427e+00
1.105581278308273596e+01
9.507891862878782518e+00
8.136857890256438353e+00
7.978845608028653835e+00
1.315904928495908166e+01
1.281592373849173683e+01
9.373021315815206478e+00
8.444016491289504600e+00
1.117038385124011413e+01
8.136857890256438353e+00
1.188821220645068522e+01
1.058513485680245481e+01
1.178062436274634450e+01
8.740387444736633427e+00
1.225733520300188317e+01
1.058513485680245481e+01
1.296408962885714899e+01
8.444016491289504600e+00
8.740387444736633427e+00
8.519075891779829490e+00
6.863662517577697741e+00
1.094004191971426110e+01
1.400281721259029588e+01
1.188821220645068522e+01
1.178062436274634450e+01
2.256758334191025117e+00
8.740387444736633427e+00
9.965574970333758387e+00
9.304852983362556174e+00
9.373021315815206478e+00
8.368283871884004910e+00
4.068428945128219176e+00
9.373021315815206478e+00
1.271618740744904485e+01
1.215301555949299761e+01
1.178062436274634450e+01
5.753627391751591880e+00
9.373021315815206478e+00
7.136496464611084889e+00
9.965574970333758387e+00
8.956231982162769611e+00
7.653039857325811823e+00
8.519075891779829490e+00
1.251433034574463399e+01
1.009253008808064145e+01
5.170882945826410726e+00
1.488434347843123184e+01
6.955796338302048021e+00
1.009253008808064145e+01
1.150725478350318376e+01
1.178062436274634450e+01
9.373021315815206478e+00
8.136857890256438353e+00
4.652426491681278087e+00
1.368087033328175828e+01
8.136857890256438353e+00
9.965574970333758387e+00
8.444016491289504600e+00
7.484820637019110379e+00
8.136857890256438353e+00
8.214724333230154940e+00
8.740387444736633427e+00
1.082303275961201905e+01
7.046725639945927711e+00
7.046725639945927711e+00
1.122723095552866468e+01
4.068428945128219176e+00
7.399277020331918919e+00
1.156244577056221523e+01
3.742410318509555189e+00
8.884866446580955923e+00
1.128379167095512514e+01
1.058513485680245481e+01
7.225151993843566878e+00
8.368283871884004910e+00
1.070474469691662733e+01
1.286550196516137312e+01
6.383076486422923246e+00
9.373021315815206478e+00
9.965574970333758387e+00
8.444016491289504600e+00
9.373021315815206478e+00
8.136857890256438353e+00
8.444016491289504600e+00
1.296408962885714899e+01
6.675581178124545545e+00
8.593479713983121826e+00
8.136857890256438353e+00
9.507891862878782518e+00
9.373021315815206478e+00
9.507891862878782518e+00
8.444016491289504600e+00
