1.178062436274634450e+01
9.027033336764100468e+00
1.381976597885341995e+01
1.547155565579009817e+01
1.440618081907316395e+01
4.513516668382050234e+00
1.286550196516137312e+01
1.330339418036568588e+01
9.706684619910241452e+00
1.306193320280393344e+01
1.422831991532699902e+01
1.363425735166143049e+01
1.291488987023529766e+01
1.391159267660409604e+01
1.391159267660409604e+01
1.261566261010080048e+01
7.136496464611084889e+00
1.363425735166143049e+01
1.058513485680245481e+01
1.178062436274634450e+01
8.740387444736633427e+00
9.507891862878782518e+00
1.538904010394216471e+01
1.236077446474206631e+01
1.530607971465162365e+01
8.740387444736633427e+00
1.076405121554611632e+01
3.908820095223359381e+00
1.261566261010080048e+01
8.740387444736633427e+00
1.040314189572019821e+01
8.593479713983121826e+00
8.740387444736633427e+00
7.735777827895049086e+00
9.965574970333758387e+00
1.215301555949299761e+01
7.653039857325811823e+00
1.440618081907316395e+01
1.551264883747923129e+01
1.276615297284584649e+01
8.740387444736633427e+00
7.978845608028653835e+00
1.386575534383213970e+01
9.373021315815206478e+00
7.484820637019110379e+00
1.178062436274634450e+01
9.507891862878782518e+00
6.863662517577697741e+00
1.440618081907316395e+01
1.354055000514615159e+01
9.373021315815206478e+00
7.225151993843566878e+00
1.117038385124011413e+01
7.653039857325811823e+00
1.150725478350318376e+01
1.301310337505149661e+01
8.058239062071395509e+00
1.276615297284584649e+01
1.058513485680245481e+01
1.395727947504383337e+01
8.058239062071395509e+00
8.444016491289504600e+00
8.740387444736633427e+00
1.117038385124011413e+01
1.475547227809780537e+01
1.325545386523797831e+01
1.256509862862843541e+01
7.978845608028653835e+00
9.965574970333758387e+00
1.082303275961201905e+01
9.965574970333758387e+00
7.735777827895049086e+00
9.373021315815206478e+00
1.296408962885714899e+01
1.236077446474206631e+01
1.320733953636073110e+01
9.373021315815206478e+00
9.965574970333758387e+00
3.908820095223359381e+00
8.740387444736633427e+00
9.236181543108379799e+00
6.076507779746498805e+00
1.052482020710848865e+01
1.354055000514615159e+01
1.669848676668040710e+01
1.178062436274634450e+01
1.178062436274634450e+01
1.271618740744904485e+01
9.574614729634383536e+00
6.770275002573075795e+00
1.496964127403822076e+01
8.444016491289504600e+00
1.034176589165282145e+01
8.291859587312051971e+00
7.225151993843566878e+00
8.444016491289504600e+00
5.527906391541367981e+00
9.507891862878782518e+00
1.178062436274634450e+01
1.204779266504070279e+01
1.291488987023529766e+01
5.292567428401227403e+00
9.373021315815206478e+00
1.150725478350318376e+01
1.236077446474206631e+01
1.215301555949299761e+01
8.444016491289504600e+00
5.170882945826410726e+00
1.458187244392064308e+01
9.373021315815206478e+00
9.965574970333758387e+00
8.214724333230154940e+00
9.373021315815206478e+00
7.735777827895049086e+00
1.409345127989185542e+01
8.136857890256438353e+00
7.399277020331918919e+00
2.985410660720923204e+00
8.136857890256438353e+00
9.706684619910241452e+00
9.373021315815206478e+00
9.574614729634383536e+00
8.136857890256438353e+00
