1.178062436274634450e+01
9.027033336764100468e+00
1.404820733880128181e+01
1.551264883747923129e+01
1.445030398768713376e+01
4.068428945128219176e+00
1.296408962885714899e+01
1.335116235624909109e+01
9.706684619910241452e+00
1.296408962885714899e+01
1.422831991532699902e+01
1.363425735166143049e+01
1.301310337505149661e+01
1.391159267660409604e+01
1.391159267660409604e+01
1.261566261010080048e+01
6.955796338302048021e+00
1.363425735166143049e+01
1.058513485680245481e+01
1.178062436274634450e+01
8.740387444736633427e+00
9.373021315815206478e+00
1.538904010394216471e+01
1.236077446474206631e+01
1.547155565579009817e+01
8.740387444736633427e+00
1.076405121554611632e+01
2.763953195770683990e+00
1.251433034574463399e+01
8.740387444736633427e+00
1.052482020710848865e+01
8.444016491289504600e+00
8.740387444736633427e+00
7.569397566060480642e+00
9.965574970333758387e+00
1.225733520300188317e+01
7.653039857325811823e+00
1.453814859003845150e+01
1.555363345008750464e+01
1.276615297284584649e+01
8.740387444736633427e+00
7.898654169668588132e+00
1.400281721259029588e+01
9.373021315815206478e+00
7.484820637019110379e+00
1.178062436274634450e+01
9.507891862878782518e+00
6.770275002573075795e+00
1.445030398768713376e+01
1.368087033328175828e+01
9.373021315815206478e+00
6.863662517577697741e+00
1.117038385124011413e+01
7.399277020331918919e+00
1.156244577056221523e+01
1.306193320280393344e+01
1.236077446474206631e+01
7.898654169668588132e+00
1.271618740744904485e+01
1.058513485680245481e+01
1.391159267660409604e+01
7.978845608028653835e+00
8.444016491289504600e+00
8.740387444736633427e+00
1.117038385124011413e+01
1.488434347843123184e+01
1.325545386523797831e+01
1.261566261010080048e+01
7.817640190446718762e+00
9.965574970333758387e+00
1.094004191971426110e+01
9.965574970333758387e+00
7.653039857325811823e+00
9.373021315815206478e+00
1.296408962885714899e+01
1.236077446474206631e+01
1.330339418036568588e+01
9.373021315815206478e+00
9.965574970333758387e+00
8.740387444736633427e+00
9.236181543108379799e+00
5.753627391751591880e+00
1.070474469691662733e+01
1.354055000514615159e+01
1.677456227108388731e+01
1.178062436274634450e+01
1.178062436274634450e+01
1.276615297284584649e+01
9.574614729634383536e+00
6.482044814428574497e+00
1.496964127403822076e+01
8.368283871884004910e+00
1.040314189572019821e+01
8.291859587312051971e+00
7.225151993843566878e+00
8.291859587312051971e+00
4.918490759365934828e+00
9.507891862878782518e+00
1.178062436274634450e+01
1.204779266504070279e+01
1.291488987023529766e+01
4.918490759365934828e+00
9.373021315815206478e+00
1.156244577056221523e+01
1.236077446474206631e+01
1.225733520300188317e+01
8.291859587312051971e+00
5.170882945826410726e+00
1.466892917224166482e+01
9.373021315815206478e+00
9.965574970333758387e+00
8.214724333230154940e+00
9.373021315815206478e+00
7.653039857325811823e+00
1.422831991532699902e+01
8.136857890256438353e+00
7.312732791431452384e+00
8.136857890256438353e+00
9.706684619910241452e+00
9.373021315815206478e+00
9.836981518731869656e+00
8.136857890256438353e+00
