1.156244577056221523e+01
9.027033336764100468e+00
1.330339418036568588e+01
1.395727947504383337e+01
1.479855404066383784e+01
7.569397566060480642e+00
7.225151993843566878e+00
1.204779266504070279e+01
1.261566261010080048e+01
9.965574970333758387e+00
1.246335526484300615e+01
1.404820733880128181e+01
1.354055000514615159e+01
3.908820095223359381e+00
1.204779266504070279e+01
1.325545386523797831e+01
1.368087033328175828e+01
1.236077446474206631e+01
8.291859587312051971e+00
1.311058116710494836e+01
6.863662517577697741e+00
1.058513485680245481e+01
1.178062436274634450e+01
8.812923024107547576e+00
9.373021315815206478e+00
1.518078909665319287e+01
1.236077446474206631e+01
1.395727947504383337e+01
8.136857890256438353e+00
1.099807968464679142e+01
1.021790793990058255e+01
8.593479713983121826e+00
9.965574970333758387e+00
8.740387444736633427e+00
7.046725639945927711e+00
9.373021315815206478e+00
4.513516668382050234e+00
7.569397566060480642e+00
9.901487006738307173e+00
5.753627391751591880e+00
1.178062436274634450e+01
8.444016491289504600e+00
1.291488987023529766e+01
1.276615297284584649e+01
1.354055000514615159e+01
8.444016491289504600e+00
8.136857890256438353e+00
1.344618962205996482e+01
9.373021315815206478e+00
8.667244841319218907e+00
1.150725478350318376e+01
9.640875829802336483e+00
8.136857890256438353e+00
7.653039857325811823e+00
1.335116235624909109e+01
1.286550196516137312e+01
9.373021315815206478e+00
8.291859587312051971e+00
1.117038385124011413e+01
8.136857890256438353e+00
1.210051848659980855e+01
1.070474469691662733e+01
1.178062436274634450e+01
8.740387444736633427e+00
1.236077446474206631e+01
1.058513485680245481e+01
1.306193320280393344e+01
8.444016491289504600e+00
8.740387444736633427e+00
8.740387444736633427e+00
1.105581278308273596e+01
6.383076486422923246e+00
1.431752655671925822e+01
1.246335526484300615e+01
1.178062436274634450e+01
8.740387444736633427e+00
9.706684619910241452e+00
9.965574970333758387e+00
9.507891862878782518e+00
8.444016491289504600e+00
9.373021315815206478e+00
1.281592373849173683e+01
1.230916348999737586e+01
1.204779266504070279e+01
5.170882945826410726e+00
9.373021315815206478e+00
7.046725639945927711e+00
9.965574970333758387e+00
9.027033336764100468e+00
7.653039857325811823e+00
8.812923024107547576e+00
1.261566261010080048e+01
1.015541250385961369e+01
3.908820095223359381e+00
1.522266721510391640e+01
6.579524642479540830e+00
1.028002345391383443e+01
1.161737456321036532e+01
1.210051848659980855e+01
9.373021315815206478e+00
8.136857890256438353e+00
1.372732503515539548e+01
2.985410660720923204e+00
8.136857890256438353e+00
9.965574970333758387e+00
8.519075891779829490e+00
7.484820637019110379e+00
8.812923024107547576e+00
8.136857890256438353e+00
8.740387444736633427e+00
1.082303275961201905e+01
6.863662517577697741e+00
6.770275002573075795e+00
1.139607097042601680e+01
7.046725639945927711e+00
1.167204486311898926e+01
8.884866446580955923e+00
1.167204486311898926e+01
1.058513485680245481e+01
7.312732791431452384e+00
8.214724333230154940e+00
1.088169461344923583e+01
1.330339418036568588e+01
6.180387232371033157e+00
9.373021315815206478e+00
9.965574970333758387e+00
8.444016491289504600e+00
9.373021315815206478e+00
8.136857890256438353e+00
8.444016491289504600e+00
1.301310337505149661e+01
6.482044814428574497e+00
8.444016491289504600e+00
8.136857890256438353e+00
9.507891862878782518e+00
9.373021315815206478e+00
9.507891862878782518e+00
8.444016491289504600e+00
