1.194164264288369282e+01
9.236181543108379799e+00
1.436192209445157708e+01
1.538904010394216471e+01
1.603728119216292924e+01
1.320733953636073110e+01
1.427299292922216978e+01
8.136857890256438353e+00
1.306193320280393344e+01
1.436192209445157708e+01
1.368087033328175828e+01
1.325545386523797831e+01
1.436192209445157708e+01
1.453814859003845150e+01
1.368087033328175828e+01
1.395727947504383337e+01
1.058513485680245481e+01
1.156244577056221523e+01
7.225151993843566878e+00
9.440697438826296306e+00
1.599753570059363028e+01
1.266602473693425601e+01
1.599753570059363028e+01
8.136857890256438353e+00
1.046415791390898242e+01
1.311058116710494836e+01
7.569397566060480642e+00
1.111324596323282954e+01
6.180387232371033157e+00
7.817640190446718762e+00
1.315904928495908166e+01
9.965574970333758387e+00
1.714987856615383066e+01
1.368087033328175828e+01
1.587770228520368221e+01
8.740387444736633427e+00
1.484151074652385738e+01
9.373021315815206478e+00
8.812923024107547576e+00
1.296408962885714899e+01
9.304852983362556174e+00
1.534761596392107741e+01
1.575695754970980111e+01
9.236181543108379799e+00
1.117038385124011413e+01
1.471226436021925466e+01
1.363425735166143049e+01
1.344618962205996482e+01
1.256509862862843541e+01
1.021790793990058255e+01
1.530607971465162365e+01
8.368283871884004910e+00
9.373021315815206478e+00
1.236077446474206631e+01
1.559451034962034477e+01
1.445030398768713376e+01
1.296408962885714899e+01
1.052482020710848865e+01
1.111324596323282954e+01
9.965574970333758387e+00
9.507891862878782518e+00
1.400281721259029588e+01
1.471226436021925466e+01
1.236077446474206631e+01
9.373021315815206478e+00
9.965574970333758387e+00
8.291859587312051971e+00
8.136857890256438353e+00
1.117038385124011413e+01
1.466892917224166482e+01
1.857546544836034741e+01
1.368087033328175828e+01
1.220528683538465842e+01
1.386575534383213970e+01
1.088169461344923583e+01
1.654528640181426269e+01
1.167204486311898926e+01
5.170882945826410726e+00
6.383076486422923246e+00
9.440697438826296306e+00
1.194164264288369282e+01
1.276615297284584649e+01
1.458187244392064308e+01
9.373021315815206478e+00
1.488434347843123184e+01
1.311058116710494836e+01
1.330339418036568588e+01
1.646815177937675045e+01
9.373021315815206478e+00
9.965574970333758387e+00
6.579524642479540830e+00
9.373021315815206478e+00
1.700074635581867355e+01
8.136857890256438353e+00
9.965574970333758387e+00
1.021790793990058255e+01
8.667244841319218907e+00
6.180387232371033157e+00
