1.178062436274634450e+01
9.027033336764100468e+00
1.349345229721172146e+01
1.534761596392107741e+01
1.436192209445157708e+01
5.970821321441846408e+00
5.292567428401227403e+00
1.241217083805063837e+01
1.286550196516137312e+01
9.965574970333758387e+00
1.301310337505149661e+01
1.422831991532699902e+01
1.363425735166143049e+01
1.261566261010080048e+01
1.354055000514615159e+01
1.381976597885341995e+01
1.236077446474206631e+01
7.978845608028653835e+00
1.349345229721172146e+01
1.058513485680245481e+01
1.178062436274634450e+01
3.385137501286537898e+00
8.740387444736633427e+00
9.440697438826296306e+00
1.538904010394216471e+01
1.236077446474206631e+01
1.479855404066383784e+01
8.444016491289504600e+00
1.076405121554611632e+01
1.199483507827737583e+01
8.740387444736633427e+00
1.009253008808064145e+01
8.740387444736633427e+00
8.812923024107547576e+00
4.513516668382050234e+00
7.569397566060480642e+00
9.965574970333758387e+00
1.194164264288369282e+01
8.136857890256438353e+00
1.395727947504383337e+01
1.492705330360461602e+01
1.276615297284584649e+01
8.740387444736633427e+00
8.136857890256438353e+00
1.377362305878664728e+01
9.373021315815206478e+00
7.978845608028653835e+00
1.178062436274634450e+01
9.574614729634383536e+00
7.225151993843566878e+00
1.422831991532699902e+01
1.344618962205996482e+01
4.787307364817191768e+00
9.373021315815206478e+00
7.569397566060480642e+00
1.117038385124011413e+01
8.058239062071395509e+00
1.286550196516137312e+01
1.117038385124011413e+01
1.215301555949299761e+01
8.136857890256438353e+00
1.271618740744904485e+01
1.058513485680245481e+01
1.354055000514615159e+01
8.136857890256438353e+00
8.667244841319218907e+00
8.740387444736633427e+00
1.117038385124011413e+01
1.449429283826230197e+01
1.306193320280393344e+01
1.236077446474206631e+01
8.136857890256438353e+00
9.965574970333758387e+00
1.028002345391383443e+01
9.965574970333758387e+00
8.136857890256438353e+00
9.373021315815206478e+00
1.296408962885714899e+01
1.236077446474206631e+01
1.301310337505149661e+01
9.373021315815206478e+00
5.527906391541367981e+00
9.965574970333758387e+00
8.740387444736633427e+00
9.373021315815206478e+00
6.675581178124545545e+00
1.028002345391383443e+01
1.330339418036568588e+01
1.631278838364701755e+01
1.156244577056221523e+01
1.178062436274634450e+01
1.271618740744904485e+01
9.574614729634383536e+00
7.225151993843566878e+00
1.471226436021925466e+01
8.519075891779829490e+00
1.009253008808064145e+01
8.291859587312051971e+00
7.225151993843566878e+00
8.740387444736633427e+00
6.675581178124545545e+00
9.373021315815206478e+00
1.178062436274634450e+01
1.172646028567007725e+01
4.787307364817191768e+00
2.763953195770683990e+00
6.076507779746498805e+00
1.251433034574463399e+01
9.373021315815206478e+00
1.105581278308273596e+01
1.210051848659980855e+01
6.282549314314217703e+00
8.444016491289504600e+00
1.122723095552866468e+01
1.404820733880128181e+01
9.373021315815206478e+00
9.965574970333758387e+00
8.291859587312051971e+00
9.373021315815206478e+00
8.136857890256438353e+00
1.363425735166143049e+01
8.136857890256438353e+00
5.170882945826410726e+00
7.817640190446718762e+00
8.136857890256438353e+00
9.640875829802336483e+00
9.373021315815206478e+00
9.507891862878782518e+00
8.136857890256438353e+00
