1.178062436274634450e+01
9.373021315815206478e+00
1.436192209445157708e+01
1.538904010394216471e+01
1.603728119216292924e+01
1.320733953636073110e+01
1.418350619798065715e+01
8.444016491289504600e+00
1.306193320280393344e+01
1.431752655671925822e+01
1.368087033328175828e+01
1.325545386523797831e+01
1.436192209445157708e+01
1.449429283826230197e+01
1.358748446131948917e+01
1.395727947504383337e+01
1.058513485680245481e+01
1.167204486311898926e+01
7.312732791431452384e+00
9.373021315815206478e+00
1.595769121605730767e+01
1.256509862862843541e+01
1.599753570059363028e+01
8.136857890256438353e+00
1.046415791390898242e+01
1.301310337505149661e+01
7.735777827895049086e+00
1.105581278308273596e+01
6.579524642479540830e+00
8.058239062071395509e+00
9.965574970333758387e+00
1.286550196516137312e+01
1.688803298257900920e+01
1.354055000514615159e+01
1.587770228520368221e+01
8.740387444736633427e+00
1.484151074652385738e+01
9.373021315815206478e+00
8.884866446580955923e+00
1.296408962885714899e+01
9.304852983362556174e+00
1.534761596392107741e+01
1.567594437773643001e+01
9.373021315815206478e+00
1.117038385124011413e+01
1.449429283826230197e+01
1.349345229721172146e+01
1.339876023397903637e+01
1.256509862862843541e+01
1.021790793990058255e+01
1.530607971465162365e+01
8.519075891779829490e+00
9.373021315815206478e+00
1.236077446474206631e+01
1.436192209445157708e+01
1.555363345008750464e+01
1.296408962885714899e+01
1.052482020710848865e+01
1.111324596323282954e+01
9.965574970333758387e+00
9.373021315815206478e+00
1.400281721259029588e+01
1.466892917224166482e+01
1.225733520300188317e+01
9.373021315815206478e+00
9.965574970333758387e+00
8.444016491289504600e+00
8.136857890256438353e+00
1.117038385124011413e+01
1.445030398768713376e+01
1.840330728156092377e+01
1.354055000514615159e+01
1.215301555949299761e+01
1.358748446131948917e+01
1.082303275961201905e+01
1.631278838364701755e+01
1.161737456321036532e+01
5.641895835477562571e+00
6.863662517577697741e+00
9.373021315815206478e+00
3.742410318509555189e+00
1.178062436274634450e+01
1.276615297284584649e+01
1.453814859003845150e+01
9.373021315815206478e+00
1.458187244392064308e+01
1.296408962885714899e+01
1.325545386523797831e+01
1.627371578051287671e+01
9.373021315815206478e+00
9.965574970333758387e+00
7.136496464611084889e+00
9.373021315815206478e+00
1.681247093473193388e+01
8.136857890256438353e+00
4.222008245644752300e+00
9.965574970333758387e+00
1.015541250385961369e+01
9.027033336764100468e+00
6.579524642479540830e+00
