1.178062436274634450e+01
9.373021315815206478e+00
1.427299292922216978e+01
1.496964127403822076e+01
1.583755632390385770e+01
1.311058116710494836e+01
1.377362305878664728e+01
9.236181543108379799e+00
1.306193320280393344e+01
1.431752655671925822e+01
1.368087033328175828e+01
1.306193320280393344e+01
1.418350619798065715e+01
1.422831991532699902e+01
1.286550196516137312e+01
1.377362305878664728e+01
4.513516668382050234e+00
1.058513485680245481e+01
1.178062436274634450e+01
8.667244841319218907e+00
9.373021315815206478e+00
1.547155565579009817e+01
1.236077446474206631e+01
1.583755632390385770e+01
8.667244841319218907e+00
1.076405121554611632e+01
1.266602473693425601e+01
8.593479713983121826e+00
1.099807968464679142e+01
8.136857890256438353e+00
8.444016491289504600e+00
6.955796338302048021e+00
9.965574970333758387e+00
1.266602473693425601e+01
6.282549314314217703e+00
1.543035303761632804e+01
1.575695754970980111e+01
1.306193320280393344e+01
8.667244841319218907e+00
7.735777827895049086e+00
1.431752655671925822e+01
9.373021315815206478e+00
6.383076486422923246e+00
1.188821220645068522e+01
9.574614729634383536e+00
2.763953195770683990e+00
1.458187244392064308e+01
1.436192209445157708e+01
9.373021315815206478e+00
4.513516668382050234e+00
1.117038385124011413e+01
6.675581178124545545e+00
1.251433034574463399e+01
1.325545386523797831e+01
1.266602473693425601e+01
1.256509862862843541e+01
6.863662517577697741e+00
1.058513485680245481e+01
1.440618081907316395e+01
7.225151993843566878e+00
8.136857890256438353e+00
8.740387444736633427e+00
1.122723095552866468e+01
1.530607971465162365e+01
1.354055000514615159e+01
1.276615297284584649e+01
6.383076486422923246e+00
9.965574970333758387e+00
1.111324596323282954e+01
9.965574970333758387e+00
6.383076486422923246e+00
9.373021315815206478e+00
1.335116235624909109e+01
1.363425735166143049e+01
1.236077446474206631e+01
9.373021315815206478e+00
9.965574970333758387e+00
8.884866446580955923e+00
9.236181543108379799e+00
1.117038385124011413e+01
1.381976597885341995e+01
1.780552292517845459e+01
1.236077446474206631e+01
1.178062436274634450e+01
1.281592373849173683e+01
9.640875829802336483e+00
1.538904010394216471e+01
7.978845608028653835e+00
1.099807968464679142e+01
8.291859587312051971e+00
6.675581178124545545e+00
7.569397566060480642e+00
9.373021315815206478e+00
1.178062436274634450e+01
1.236077446474206631e+01
1.372732503515539548e+01
9.373021315815206478e+00
1.344618962205996482e+01
1.178062436274634450e+01
1.266602473693425601e+01
7.484820637019110379e+00
1.522266721510391640e+01
9.507891862878782518e+00
9.965574970333758387e+00
8.291859587312051971e+00
9.373021315815206478e+00
6.863662517577697741e+00
1.496964127403822076e+01
7.484820637019110379e+00
7.735777827895049086e+00
5.753627391751591880e+00
9.965574970333758387e+00
9.373021315815206478e+00
9.640875829802336483e+00
7.735777827895049086e+00
