1.236077446474206631e+01
8.136857890256438353e+00
1.458187244392064308e+01
1.642944866646030988e+01
1.538904010394216471e+01
1.325545386523797831e+01
1.431752655671925822e+01
7.136496464611084889e+00
1.306193320280393344e+01
1.436192209445157708e+01
1.372732503515539548e+01
1.335116235624909109e+01
1.440618081907316395e+01
1.479855404066383784e+01
1.462546558286290477e+01
1.413855043925722121e+01
1.052482020710848865e+01
1.161737456321036532e+01
9.965574970333758387e+00
1.607692842495848140e+01
3.568248232305542444e+00
1.276615297284584649e+01
1.603728119216292924e+01
8.136857890256438353e+00
1.028002345391383443e+01
1.325545386523797831e+01
6.863662517577697741e+00
1.117038385124011413e+01
6.675581178124545545e+00
1.377362305878664728e+01
1.015541250385961369e+01
1.751715531361111644e+01
1.391159267660409604e+01
1.595769121605730767e+01
8.444016491289504600e+00
1.522266721510391640e+01
9.373021315815206478e+00
8.444016491289504600e+00
1.296408962885714899e+01
8.812923024107547576e+00
1.551264883747923129e+01
1.591774699517169012e+01
8.740387444736633427e+00
1.117038385124011413e+01
1.518078909665319287e+01
1.381976597885341995e+01
1.363425735166143049e+01
1.251433034574463399e+01
9.965574970333758387e+00
1.538904010394216471e+01
7.484820637019110379e+00
1.236077446474206631e+01
8.368283871884004910e+00
1.599753570059363028e+01
1.488434347843123184e+01
1.296408962885714899e+01
9.965574970333758387e+00
1.094004191971426110e+01
9.965574970333758387e+00
9.640875829802336483e+00
1.418350619798065715e+01
1.488434347843123184e+01
1.246335526484300615e+01
9.304852983362556174e+00
9.901487006738307173e+00
7.978845608028653835e+00
6.282549314314217703e+00
1.105581278308273596e+01
1.526443044094783019e+01
1.901578372575756504e+01
1.427299292922216978e+01
1.230916348999737586e+01
1.395727947504383337e+01
1.172646028567007725e+01
1.673656774376800982e+01
1.178062436274634450e+01
9.440697438826296306e+00
1.194164264288369282e+01
1.281592373849173683e+01
1.475547227809780537e+01
9.097283682934460103e+00
1.354055000514615159e+01
1.583755632390385770e+01
1.368087033328175828e+01
1.737117647432762624e+01
8.812923024107547576e+00
9.965574970333758387e+00
9.373021315815206478e+00
1.751715531361111644e+01
7.225151993843566878e+00
9.965574970333758387e+00
1.058513485680245481e+01
7.978845608028653835e+00
