1.230916348999737586e+01
8.368283871884004910e+00
1.449429283826230197e+01
1.642944866646030988e+01
1.538904010394216471e+01
1.325545386523797831e+01
1.427299292922216978e+01
7.484820637019110379e+00
1.306193320280393344e+01
1.436192209445157708e+01
1.372732503515539548e+01
1.335116235624909109e+01
1.440618081907316395e+01
1.471226436021925466e+01
1.440618081907316395e+01
1.413855043925722121e+01
1.052482020710848865e+01
1.156244577056221523e+01
9.901487006738307173e+00
5.170882945826410726e+00
1.607692842495848140e+01
1.271618740744904485e+01
1.599753570059363028e+01
8.136857890256438353e+00
1.034176589165282145e+01
1.315904928495908166e+01
7.046725639945927711e+00
1.117038385124011413e+01
6.955796338302048021e+00
1.372732503515539548e+01
1.009253008808064145e+01
1.737117647432762624e+01
1.391159267660409604e+01
1.595769121605730767e+01
8.740387444736633427e+00
1.496964127403822076e+01
9.373021315815206478e+00
8.593479713983121826e+00
1.296408962885714899e+01
9.166995688475081394e+00
1.543035303761632804e+01
1.587770228520368221e+01
8.884866446580955923e+00
1.117038385124011413e+01
1.509668435477122017e+01
1.381976597885341995e+01
1.363425735166143049e+01
1.256509862862843541e+01
1.002925341359354938e+01
1.538904010394216471e+01
7.735777827895049086e+00
1.236077446474206631e+01
8.667244841319218907e+00
1.591774699517169012e+01
1.475547227809780537e+01
1.296408962885714899e+01
1.021790793990058255e+01
1.099807968464679142e+01
9.965574970333758387e+00
9.507891862878782518e+00
1.418350619798065715e+01
1.488434347843123184e+01
1.241217083805063837e+01
9.373021315815206478e+00
9.901487006738307173e+00
7.978845608028653835e+00
6.955796338302048021e+00
1.111324596323282954e+01
1.522266721510391640e+01
1.888139487765259261e+01
1.422831991532699902e+01
1.236077446474206631e+01
1.400281721259029588e+01
1.156244577056221523e+01
1.673656774376800982e+01
1.178062436274634450e+01
9.640875829802336483e+00
1.194164264288369282e+01
1.281592373849173683e+01
1.471226436021925466e+01
9.097283682934460103e+00
1.354055000514615159e+01
1.559451034962034477e+01
1.368087033328175828e+01
1.718695942796624365e+01
9.027033336764100468e+00
9.965574970333758387e+00
3.908820095223359381e+00
9.373021315815206478e+00
1.737117647432762624e+01
7.569397566060480642e+00
9.965574970333758387e+00
1.034176589165282145e+01
7.978845608028653835e+00
4.222008245644752300e+00
