1.210051848659980855e+01
8.956231982162769611e+00
1.440618081907316395e+01
1.611647812414279102e+01
1.538904010394216471e+01
1.320733953636073110e+01
1.418350619798065715e+01
8.058239062071395509e+00
1.306193320280393344e+01
1.436192209445157708e+01
1.372732503515539548e+01
1.325545386523797831e+01
1.436192209445157708e+01
1.453814859003845150e+01
1.381976597885341995e+01
1.404820733880128181e+01
1.058513485680245481e+01
1.156244577056221523e+01
6.675581178124545545e+00
9.507891862878782518e+00
1.603728119216292924e+01
1.261566261010080048e+01
1.599753570059363028e+01
8.136857890256438353e+00
1.046415791390898242e+01
1.315904928495908166e+01
7.399277020331918919e+00
1.111324596323282954e+01
5.753627391751591880e+00
7.484820637019110379e+00
1.330339418036568588e+01
9.965574970333758387e+00
1.726088217525477830e+01
1.368087033328175828e+01
1.587770228520368221e+01
8.740387444736633427e+00
1.492705330360461602e+01
9.373021315815206478e+00
8.740387444736633427e+00
1.296408962885714899e+01
9.166995688475081394e+00
1.534761596392107741e+01
1.583755632390385770e+01
9.097283682934460103e+00
1.117038385124011413e+01
1.479855404066383784e+01
1.368087033328175828e+01
1.349345229721172146e+01
1.256509862862843541e+01
1.009253008808064145e+01
1.530607971465162365e+01
8.291859587312051971e+00
9.097283682934460103e+00
1.236077446474206631e+01
1.571650316319191809e+01
1.462546558286290477e+01
1.296408962885714899e+01
1.040314189572019821e+01
1.111324596323282954e+01
9.965574970333758387e+00
9.507891862878782518e+00
1.409345127989185542e+01
1.475547227809780537e+01
1.241217083805063837e+01
9.373021315815206478e+00
9.965574970333758387e+00
8.136857890256438353e+00
7.898654169668588132e+00
1.117038385124011413e+01
1.479855404066383784e+01
1.864388360059940553e+01
1.386575534383213970e+01
1.225733520300188317e+01
1.395727947504383337e+01
1.099807968464679142e+01
1.654528640181426269e+01
1.167204486311898926e+01
3.742410318509555189e+00
5.411516379806009525e+00
9.507891862878782518e+00
1.194164264288369282e+01
1.276615297284584649e+01
1.458187244392064308e+01
9.304852983362556174e+00
1.501210842680413826e+01
1.320733953636073110e+01
1.344618962205996482e+01
1.666031874701878124e+01
9.373021315815206478e+00
9.965574970333758387e+00
6.076507779746498805e+00
9.440697438826296306e+00
1.707547527140466670e+01
7.978845608028653835e+00
9.965574970333758387e+00
1.028002345391383443e+01
8.667244841319218907e+00
6.076507779746498805e+00
