1.034176589165282145e+01
9.097283682934460103e+00
1.281592373849173683e+01
5.753627391751591880e+00
1.281592373849173683e+01
1.431752655671925822e+01
7.653039857325811823e+00
6.863662517577697741e+00
7.569397566060480642e+00
1.117038385124011413e+01
1.172646028567007725e+01
5.863230142835038627e+00
6.076507779746498805e+00
9.027033336764100468e+00
1.368087033328175828e+01
1.178062436274634450e+01
6.675581178124545545e+00
6.863662517577697741e+00
1.271618740744904485e+01
6.482044814428574497e+00
1.178062436274634450e+01
1.276615297284584649e+01
1.266602473693425601e+01
1.183454054540639433e+01
8.740387444736633427e+00
1.139607097042601680e+01
7.817640190446718762e+00
1.046415791390898242e+01
1.167204486311898926e+01
8.740387444736633427e+00
9.440697438826296306e+00
1.453814859003845150e+01
3.908820095223359381e+00
1.204779266504070279e+01
1.306193320280393344e+01
8.291859587312051971e+00
1.046415791390898242e+01
9.901487006738307173e+00
8.740387444736633427e+00
9.027033336764100468e+00
9.166995688475081394e+00
7.569397566060480642e+00
9.236181543108379799e+00
6.955796338302048021e+00
7.569397566060480642e+00
4.787307364817191768e+00
6.863662517577697741e+00
9.373021315815206478e+00
1.167204486311898926e+01
8.593479713983121826e+00
1.194164264288369282e+01
1.236077446474206631e+01
8.136857890256438353e+00
1.178062436274634450e+01
6.383076486422923246e+00
6.383076486422923246e+00
8.291859587312051971e+00
1.236077446474206631e+01
9.706684619910241452e+00
8.740387444736633427e+00
9.373021315815206478e+00
1.021790793990058255e+01
8.136857890256438353e+00
8.291859587312051971e+00
1.236077446474206631e+01
1.261566261010080048e+01
9.507891862878782518e+00
8.740387444736633427e+00
3.908820095223359381e+00
1.117038385124011413e+01
8.368283871884004910e+00
1.178062436274634450e+01
1.009253008808064145e+01
1.178062436274634450e+01
8.740387444736633427e+00
1.194164264288369282e+01
1.058513485680245481e+01
1.286550196516137312e+01
8.593479713983121826e+00
8.956231982162769611e+00
8.740387444736633427e+00
7.484820637019110379e+00
1.052482020710848865e+01
1.363425735166143049e+01
6.383076486422923246e+00
1.099807968464679142e+01
1.088169461344923583e+01
8.740387444736633427e+00
1.002925341359354938e+01
8.956231982162769611e+00
9.166995688475081394e+00
8.740387444736633427e+00
6.675581178124545545e+00
9.166995688475081394e+00
1.241217083805063837e+01
1.128379167095512514e+01
1.088169461344923583e+01
6.863662517577697741e+00
9.304852983362556174e+00
6.076507779746498805e+00
7.312732791431452384e+00
9.640875829802336483e+00
3.908820095223359381e+00
8.740387444736633427e+00
6.863662517577697741e+00
3.908820095223359381e+00
8.444016491289504600e+00
9.373021315815206478e+00
1.178062436274634450e+01
4.513516668382050234e+00
6.863662517577697741e+00
1.368087033328175828e+01
5.292567428401227403e+00
7.484820637019110379e+00
9.640875829802336483e+00
1.052482020710848865e+01
8.740387444736633427e+00
1.070474469691662733e+01
8.136857890256438353e+00
6.482044814428574497e+00
1.266602473693425601e+01
8.136857890256438353e+00
6.282549314314217703e+00
9.965574970333758387e+00
8.740387444736633427e+00
7.817640190446718762e+00
7.735777827895049086e+00
8.136857890256438353e+00
8.740387444736633427e+00
1.058513485680245481e+01
7.569397566060480642e+00
5.527906391541367981e+00
6.482044814428574497e+00
1.064510777218481152e+01
7.484820637019110379e+00
6.383076486422923246e+00
1.117038385124011413e+01
9.027033336764100468e+00
1.028002345391383443e+01
1.028002345391383443e+01
7.136496464611084889e+00
8.593479713983121826e+00
7.046725639945927711e+00
1.058513485680245481e+01
1.199483507827737583e+01
9.373021315815206478e+00
1.021790793990058255e+01
8.444016491289504600e+00
9.574614729634383536e+00
8.444016491289504600e+00
8.444016491289504600e+00
1.256509862862843541e+01
7.136496464611084889e+00
8.740387444736633427e+00
8.136857890256438353e+00
9.640875829802336483e+00
9.373021315815206478e+00
9.373021315815206478e+00
8.444016491289504600e+00
