1.178062436274634450e+01
9.373021315815206478e+00
1.436192209445157708e+01
1.522266721510391640e+01
1.587770228520368221e+01
1.315904928495908166e+01
1.404820733880128181e+01
8.740387444736633427e+00
1.306193320280393344e+01
1.431752655671925822e+01
1.368087033328175828e+01
1.315904928495908166e+01
1.436192209445157708e+01
1.445030398768713376e+01
1.315904928495908166e+01
1.381976597885341995e+01
1.058513485680245481e+01
1.167204486311898926e+01
7.817640190446718762e+00
9.373021315815206478e+00
1.587770228520368221e+01
1.236077446474206631e+01
1.595769121605730767e+01
8.136857890256438353e+00
1.058513485680245481e+01
1.286550196516137312e+01
8.058239062071395509e+00
1.117038385124011413e+01
7.312732791431452384e+00
8.519075891779829490e+00
5.292567428401227403e+00
9.965574970333758387e+00
1.286550196516137312e+01
1.650676414605009157e+01
1.579730833933717626e+01
1.335116235624909109e+01
8.444016491289504600e+00
1.484151074652385738e+01
9.373021315815206478e+00
9.097283682934460103e+00
1.291488987023529766e+01
9.507891862878782518e+00
1.513879513212096128e+01
1.526443044094783019e+01
9.373021315815206478e+00
1.117038385124011413e+01
1.391159267660409604e+01
1.595769121605730811e+00
1.339876023397903637e+01
1.311058116710494836e+01
1.256509862862843541e+01
4.918490759365934828e+00
1.034176589165282145e+01
1.484151074652385738e+01
5.292567428401227403e+00
8.214724333230154940e+00
9.373021315815206478e+00
1.215301555949299761e+01
1.413855043925722121e+01
1.547155565579009817e+01
1.296408962885714899e+01
1.002925341359354938e+01
1.105581278308273596e+01
9.965574970333758387e+00
9.507891862878782518e+00
1.372732503515539548e+01
1.440618081907316395e+01
1.220528683538465842e+01
9.373021315815206478e+00
9.965574970333758387e+00
8.740387444736633427e+00
8.884866446580955923e+00
1.117038385124011413e+01
1.427299292922216978e+01
1.815954410458608237e+01
1.301310337505149661e+01
1.194164264288369282e+01
1.325545386523797831e+01
1.009253008808064145e+01
1.571650316319191809e+01
6.863662517577697741e+00
1.156244577056221523e+01
7.225151993843566878e+00
3.742410318509555189e+00
5.753627391751591880e+00
9.373021315815206478e+00
1.178062436274634450e+01
1.266602473693425601e+01
1.400281721259029588e+01
9.373021315815206478e+00
1.409345127989185542e+01
1.246335526484300615e+01
1.296408962885714899e+01
5.863230142835038627e+00
1.583755632390385770e+01
9.507891862878782518e+00
9.965574970333758387e+00
7.735777827895049086e+00
9.373021315815206478e+00
1.619528777809902209e+01
3.908820095223359381e+00
7.817640190446718762e+00
6.383076486422923246e+00
9.965574970333758387e+00
9.507891862878782518e+00
9.166995688475081394e+00
6.863662517577697741e+00
