1.178062436274634450e+01
9.507891862878782518e+00
1.427299292922216978e+01
1.522266721510391640e+01
1.583755632390385770e+01
1.315904928495908166e+01
1.400281721259029588e+01
9.097283682934460103e+00
1.306193320280393344e+01
1.431752655671925822e+01
1.368087033328175828e+01
1.306193320280393344e+01
1.440618081907316395e+01
1.445030398768713376e+01
1.311058116710494836e+01
1.377362305878664728e+01
1.058513485680245481e+01
1.167204486311898926e+01
8.136857890256438353e+00
9.373021315815206478e+00
1.579730833933717626e+01
1.236077446474206631e+01
1.595769121605730767e+01
8.444016491289504600e+00
1.070474469691662733e+01
1.266602473693425601e+01
8.291859587312051971e+00
1.105581278308273596e+01
7.653039857325811823e+00
8.291859587312051971e+00
5.753627391751591880e+00
9.965574970333758387e+00
1.276615297284584649e+01
4.370193722368316713e+00
1.623454913941802857e+01
1.579730833933717626e+01
1.325545386523797831e+01
8.593479713983121826e+00
1.475547227809780537e+01
9.373021315815206478e+00
9.440697438826296306e+00
1.256509862862843541e+01
9.574614729634383536e+00
1.496964127403822076e+01
1.492705330360461602e+01
9.373021315815206478e+00
1.117038385124011413e+01
5.046265044040320724e+00
1.354055000514615159e+01
1.335116235624909109e+01
1.286550196516137312e+01
1.256509862862843541e+01
5.641895835477562571e+00
1.046415791390898242e+01
1.466892917224166482e+01
6.282549314314217703e+00
8.291859587312051971e+00
9.166995688475081394e+00
1.188821220645068522e+01
1.400281721259029588e+01
1.538904010394216471e+01
1.291488987023529766e+01
9.965574970333758387e+00
1.105581278308273596e+01
9.965574970333758387e+00
4.370193722368316713e+00
4.068428945128219176e+00
9.373021315815206478e+00
1.354055000514615159e+01
1.395727947504383337e+01
1.236077446474206631e+01
9.373021315815206478e+00
9.965574970333758387e+00
8.740387444736633427e+00
9.097283682934460103e+00
1.117038385124011413e+01
1.400281721259029588e+01
1.815954410458608237e+01
1.271618740744904485e+01
1.178062436274634450e+01
1.315904928495908166e+01
9.965574970333758387e+00
1.555363345008750464e+01
7.399277020331918919e+00
1.145179781116143225e+01
7.735777827895049086e+00
6.955796338302048021e+00
5.046265044040320724e+00
9.373021315815206478e+00
1.178062436274634450e+01
1.266602473693425601e+01
1.381976597885341995e+01
9.373021315815206478e+00
1.377362305878664728e+01
1.230916348999737586e+01
1.296408962885714899e+01
6.482044814428574497e+00
1.559451034962034477e+01
9.574614729634383536e+00
9.965574970333758387e+00
8.136857890256438353e+00
9.373021315815206478e+00
1.607692842495848140e+01
5.411516379806009525e+00
6.675581178124545545e+00
7.653039857325811823e+00
9.965574970333758387e+00
9.507891862878782518e+00
9.236181543108379799e+00
7.399277020331918919e+00
