1.199483507827737583e+01
9.097283682934460103e+00
1.436192209445157708e+01
1.538904010394216471e+01
1.603728119216292924e+01
1.320733953636073110e+01
1.418350619798065715e+01
8.136857890256438353e+00
1.306193320280393344e+01
1.436192209445157708e+01
1.372732503515539548e+01
1.325545386523797831e+01
1.436192209445157708e+01
1.453814859003845150e+01
1.372732503515539548e+01
1.400281721259029588e+01
1.058513485680245481e+01
1.156244577056221523e+01
6.863662517577697741e+00
9.507891862878782518e+00
1.603728119216292924e+01
1.266602473693425601e+01
1.599753570059363028e+01
8.136857890256438353e+00
1.046415791390898242e+01
1.315904928495908166e+01
7.484820637019110379e+00
1.111324596323282954e+01
5.753627391751591880e+00
7.484820637019110379e+00
1.325545386523797831e+01
9.965574970333758387e+00
1.714987856615383066e+01
1.368087033328175828e+01
1.587770228520368221e+01
8.740387444736633427e+00
1.488434347843123184e+01
9.373021315815206478e+00
8.740387444736633427e+00
1.296408962885714899e+01
9.236181543108379799e+00
1.534761596392107741e+01
1.575695754970980111e+01
9.166995688475081394e+00
1.117038385124011413e+01
1.479855404066383784e+01
1.363425735166143049e+01
1.349345229721172146e+01
1.256509862862843541e+01
1.009253008808064145e+01
1.530607971465162365e+01
8.368283871884004910e+00
9.236181543108379799e+00
1.236077446474206631e+01
1.567594437773643001e+01
1.462546558286290477e+01
1.296408962885714899e+01
1.052482020710848865e+01
1.111324596323282954e+01
9.965574970333758387e+00
9.507891862878782518e+00
1.404820733880128181e+01
1.475547227809780537e+01
1.236077446474206631e+01
9.373021315815206478e+00
9.965574970333758387e+00
8.136857890256438353e+00
8.058239062071395509e+00
1.117038385124011413e+01
1.475547227809780537e+01
1.860970596672511235e+01
1.372732503515539548e+01
1.225733520300188317e+01
1.391159267660409604e+01
1.094004191971426110e+01
1.654528640181426269e+01
1.167204486311898926e+01
4.787307364817191768e+00
5.753627391751591880e+00
9.507891862878782518e+00
1.194164264288369282e+01
1.276615297284584649e+01
1.458187244392064308e+01
9.373021315815206478e+00
1.496964127403822076e+01
1.320733953636073110e+01
1.335116235624909109e+01
1.646815177937675045e+01
9.373021315815206478e+00
9.965574970333758387e+00
6.482044814428574497e+00
9.440697438826296306e+00
1.703815178355965898e+01
8.058239062071395509e+00
9.965574970333758387e+00
1.028002345391383443e+01
8.667244841319218907e+00
6.180387232371033157e+00
