1.178062436274634450e+01
9.027033336764100468e+00
1.377362305878664728e+01
1.547155565579009817e+01
1.436192209445157708e+01
5.046265044040320724e+00
1.266602473693425601e+01
2.985410660720923204e+00
1.325545386523797831e+01
9.706684619910241452e+00
1.306193320280393344e+01
1.422831991532699902e+01
1.363425735166143049e+01
1.291488987023529766e+01
1.381976597885341995e+01
1.391159267660409604e+01
1.256509862862843541e+01
7.484820637019110379e+00
1.363425735166143049e+01
1.058513485680245481e+01
1.178062436274634450e+01
8.740387444736633427e+00
9.640875829802336483e+00
1.538904010394216471e+01
1.236077446474206631e+01
1.526443044094783019e+01
8.740387444736633427e+00
1.076405121554611632e+01
4.513516668382050234e+00
1.266602473693425601e+01
8.740387444736633427e+00
1.028002345391383443e+01
8.593479713983121826e+00
8.740387444736633427e+00
7.735777827895049086e+00
9.965574970333758387e+00
1.215301555949299761e+01
7.817640190446718762e+00
1.418350619798065715e+01
1.547155565579009817e+01
1.276615297284584649e+01
8.740387444736633427e+00
8.058239062071395509e+00
1.386575534383213970e+01
9.373021315815206478e+00
7.735777827895049086e+00
1.178062436274634450e+01
9.507891862878782518e+00
6.863662517577697741e+00
1.440618081907316395e+01
1.354055000514615159e+01
9.373021315815206478e+00
7.225151993843566878e+00
1.117038385124011413e+01
7.817640190446718762e+00
1.139607097042601680e+01
1.296408962885714899e+01
1.236077446474206631e+01
8.136857890256438353e+00
1.271618740744904485e+01
1.058513485680245481e+01
1.381976597885341995e+01
8.136857890256438353e+00
8.519075891779829490e+00
8.740387444736633427e+00
1.117038385124011413e+01
1.471226436021925466e+01
1.315904928495908166e+01
1.251433034574463399e+01
7.978845608028653835e+00
9.965574970333758387e+00
1.070474469691662733e+01
9.965574970333758387e+00
7.978845608028653835e+00
9.373021315815206478e+00
1.296408962885714899e+01
1.236077446474206631e+01
1.311058116710494836e+01
9.373021315815206478e+00
9.965574970333758387e+00
4.513516668382050234e+00
8.740387444736633427e+00
9.236181543108379799e+00
6.180387232371033157e+00
1.046415791390898242e+01
1.349345229721172146e+01
1.658371917462410394e+01
1.172646028567007725e+01
1.178062436274634450e+01
1.271618740744904485e+01
9.574614729634383536e+00
6.955796338302048021e+00
1.492705330360461602e+01
8.667244841319218907e+00
1.028002345391383443e+01
8.291859587312051971e+00
7.225151993843566878e+00
8.593479713983121826e+00
5.753627391751591880e+00
9.574614729634383536e+00
1.178062436274634450e+01
1.194164264288369282e+01
1.276615297284584649e+01
5.292567428401227403e+00
9.373021315815206478e+00
1.150725478350318376e+01
1.236077446474206631e+01
1.199483507827737583e+01
8.444016491289504600e+00
5.411516379806009525e+00
1.453814859003845150e+01
9.373021315815206478e+00
9.965574970333758387e+00
8.291859587312051971e+00
9.373021315815206478e+00
7.978845608028653835e+00
1.409345127989185542e+01
8.136857890256438353e+00
7.399277020331918919e+00
3.568248232305542444e+00
8.136857890256438353e+00
9.706684619910241452e+00
9.373021315815206478e+00
9.507891862878782518e+00
8.136857890256438353e+00
