1.156244577056221523e+01
9.027033336764100468e+00
1.330339418036568588e+01
1.395727947504383337e+01
1.484151074652385738e+01
6.863662517577697741e+00
7.225151993843566878e+00
1.215301555949299761e+01
1.271618740744904485e+01
9.965574970333758387e+00
1.271618740744904485e+01
1.409345127989185542e+01
1.368087033328175828e+01
1.215301555949299761e+01
1.335116235624909109e+01
1.368087033328175828e+01
1.236077446474206631e+01
8.291859587312051971e+00
1.320733953636073110e+01
1.058513485680245481e+01
6.579524642479540830e+00
1.178062436274634450e+01
8.884866446580955923e+00
9.373021315815206478e+00
1.518078909665319287e+01
1.236077446474206631e+01
1.413855043925722121e+01
8.136857890256438353e+00
1.082303275961201905e+01
1.076405121554611632e+01
8.740387444736633427e+00
9.965574970333758387e+00
8.740387444736633427e+00
6.675581178124545545e+00
9.236181543108379799e+00
7.569397566060480642e+00
1.128379167095512559e+00
9.965574970333758387e+00
5.527906391541367981e+00
1.178062436274634450e+01
8.136857890256438353e+00
1.315904928495908166e+01
1.266602473693425601e+01
1.381976597885341995e+01
8.444016491289504600e+00
8.136857890256438353e+00
1.344618962205996482e+01
9.373021315815206478e+00
8.593479713983121826e+00
1.161737456321036532e+01
9.640875829802336483e+00
8.136857890256438353e+00
7.225151993843566878e+00
1.368087033328175828e+01
1.296408962885714899e+01
9.373021315815206478e+00
8.136857890256438353e+00
1.117038385124011413e+01
8.136857890256438353e+00
1.225733520300188317e+01
1.076405121554611632e+01
1.178062436274634450e+01
8.593479713983121826e+00
1.236077446474206631e+01
1.058513485680245481e+01
1.315904928495908166e+01
8.444016491289504600e+00
8.740387444736633427e+00
8.740387444736633427e+00
1.117038385124011413e+01
5.753627391751591880e+00
1.431752655671925822e+01
1.276615297284584649e+01
1.178062436274634450e+01
8.593479713983121826e+00
9.901487006738307173e+00
9.965574970333758387e+00
9.507891862878782518e+00
8.291859587312051971e+00
9.373021315815206478e+00
1.286550196516137312e+01
1.236077446474206631e+01
1.236077446474206631e+01
9.373021315815206478e+00
3.568248232305542444e+00
6.863662517577697741e+00
9.965574970333758387e+00
9.097283682934460103e+00
7.225151993843566878e+00
8.956231982162769611e+00
1.276615297284584649e+01
1.021790793990058255e+01
1.555363345008750464e+01
1.094004191971426110e+01
6.076507779746498805e+00
1.161737456321036532e+01
1.241217083805063837e+01
9.507891862878782518e+00
8.136857890256438353e+00
1.377362305878664728e+01
8.136857890256438353e+00
9.965574970333758387e+00
8.444016491289504600e+00
7.225151993843566878e+00
8.884866446580955923e+00
7.898654169668588132e+00
8.884866446580955923e+00
1.094004191971426110e+01
6.863662517577697741e+00
1.150725478350318376e+01
6.282549314314217703e+00
6.955796338302048021e+00
1.178062436274634450e+01
8.956231982162769611e+00
1.178062436274634450e+01
1.058513485680245481e+01
7.312732791431452384e+00
8.136857890256438353e+00
1.099807968464679142e+01
1.349345229721172146e+01
5.527906391541367981e+00
9.373021315815206478e+00
9.965574970333758387e+00
8.444016491289504600e+00
9.373021315815206478e+00
8.136857890256438353e+00
8.444016491289504600e+00
1.315904928495908166e+01
6.383076486422923246e+00
8.368283871884004910e+00
8.136857890256438353e+00
9.507891862878782518e+00
9.373021315815206478e+00
9.507891862878782518e+00
8.444016491289504600e+00
