1.236077446474206631e+01
7.735777827895049086e+00
1.471226436021925466e+01
1.658371917462410394e+01
1.538904010394216471e+01
1.330339418036568588e+01
1.445030398768713376e+01
1.301310337505149661e+01
1.436192209445157708e+01
6.482044814428574497e+00
1.381976597885341995e+01
1.335116235624909109e+01
1.445030398768713376e+01
1.479855404066383784e+01
1.522266721510391640e+01
1.431752655671925822e+01
1.040314189572019821e+01
1.167204486311898926e+01
9.965574970333758387e+00
1.631278838364701755e+01
1.286550196516137312e+01
1.603728119216292924e+01
8.214724333230154940e+00
1.015541250385961369e+01
1.335116235624909109e+01
6.076507779746498805e+00
1.117038385124011413e+01
5.641895835477562571e+00
1.386575534383213970e+01
1.002925341359354938e+01
1.784124116152771222e+01
1.418350619798065715e+01
1.619528777809902209e+01
8.058239062071395509e+00
1.551264883747923129e+01
9.373021315815206478e+00
8.136857890256438353e+00
1.296408962885714899e+01
8.444016491289504600e+00
1.567594437773643001e+01
1.595769121605730767e+01
8.667244841319218907e+00
1.111324596323282954e+01
1.522266721510391640e+01
1.395727947504383337e+01
1.372732503515539548e+01
1.251433034574463399e+01
9.836981518731869656e+00
1.538904010394216471e+01
7.046725639945927711e+00
1.230916348999737586e+01
7.735777827895049086e+00
1.615593100600235843e+01
1.501210842680413826e+01
1.296408962885714899e+01
9.901487006738307173e+00
1.088169461344923583e+01
9.965574970333758387e+00
9.507891862878782518e+00
1.418350619798065715e+01
1.492705330360461602e+01
1.246335526484300615e+01
9.166995688475081394e+00
9.772050238058398008e+00
7.484820637019110379e+00
4.513516668382050234e+00
1.105581278308273596e+01
1.538904010394216471e+01
1.471226436021925466e+01
1.911595536035255805e+01
1.225733520300188317e+01
1.404820733880128181e+01
1.161737456321036532e+01
1.688803298257900920e+01
1.178062436274634450e+01
9.304852983362556174e+00
1.178062436274634450e+01
1.281592373849173683e+01
1.484151074652385738e+01
9.027033336764100468e+00
1.354055000514615159e+01
1.595769121605730767e+01
1.381976597885341995e+01
1.769793569896924623e+01
8.444016491289504600e+00
9.965574970333758387e+00
9.373021315815206478e+00
1.769793569896924623e+01
6.863662517577697741e+00
9.965574970333758387e+00
1.058513485680245481e+01
7.484820637019110379e+00
