1.236077446474206631e+01
7.225151993843566878e+00
1.475547227809780537e+01
1.658371917462410394e+01
1.551264883747923129e+01
1.330339418036568588e+01
1.445030398768713376e+01
1.301310337505149661e+01
1.436192209445157708e+01
5.753627391751591880e+00
1.372732503515539548e+01
1.335116235624909109e+01
1.440618081907316395e+01
1.479855404066383784e+01
1.522266721510391640e+01
1.440618081907316395e+01
1.034176589165282145e+01
1.167204486311898926e+01
9.965574970333758387e+00
1.654528640181426269e+01
1.286550196516137312e+01
1.603728119216292924e+01
8.136857890256438353e+00
1.009253008808064145e+01
1.335116235624909109e+01
5.411516379806009525e+00
1.117038385124011413e+01
4.068428945128219176e+00
1.395727947504383337e+01
9.965574970333758387e+00
1.801877032173578996e+01
1.436192209445157708e+01
1.623454913941802857e+01
7.569397566060480642e+00
1.559451034962034477e+01
9.373021315815206478e+00
8.136857890256438353e+00
1.296408962885714899e+01
8.136857890256438353e+00
1.583755632390385770e+01
1.599753570059363028e+01
8.444016491289504600e+00
1.099807968464679142e+01
1.534761596392107741e+01
1.395727947504383337e+01
1.377362305878664728e+01
1.251433034574463399e+01
9.836981518731869656e+00
1.547155565579009817e+01
6.770275002573075795e+00
1.220528683538465842e+01
7.312732791431452384e+00
1.627371578051287671e+01
1.534761596392107741e+01
1.296408962885714899e+01
9.965574970333758387e+00
1.076405121554611632e+01
9.965574970333758387e+00
9.373021315815206478e+00
1.422831991532699902e+01
1.509668435477122017e+01
1.246335526484300615e+01
9.097283682934460103e+00
9.507891862878782518e+00
7.312732791431452384e+00
1.673656774376800982e+01
1.538904010394216471e+01
1.526443044094783019e+01
1.914922945926876707e+01
1.400281721259029588e+01
1.161737456321036532e+01
1.688803298257900920e+01
1.178062436274634450e+01
9.166995688475081394e+00
1.178062436274634450e+01
1.286550196516137312e+01
1.484151074652385738e+01
8.884866446580955923e+00
1.363425735166143049e+01
1.595769121605730767e+01
1.386575534383213970e+01
1.805406667352820094e+01
8.291859587312051971e+00
9.965574970333758387e+00
9.236181543108379799e+00
1.776973289316191185e+01
6.482044814428574497e+00
9.965574970333758387e+00
1.058513485680245481e+01
7.046725639945927711e+00
7.225151993843566878e+00
