1.178062436274634450e+01
9.304852983362556174e+00
1.413855043925722121e+01
1.563528038089343752e+01
1.475547227809780537e+01
1.301310337505149661e+01
1.372732503515539548e+01
9.440697438826296306e+00
1.306193320280393344e+01
1.427299292922216978e+01
1.368087033328175828e+01
1.301310337505149661e+01
1.418350619798065715e+01
1.395727947504383337e+01
1.276615297284584649e+01
1.368087033328175828e+01
5.970821321441846408e+00
1.058513485680245481e+01
1.178062436274634450e+01
8.740387444736633427e+00
9.373021315815206478e+00
1.543035303761632804e+01
1.236077446474206631e+01
1.563528038089343752e+01
8.740387444736633427e+00
1.076405121554611632e+01
1.266602473693425601e+01
8.740387444736633427e+00
1.099807968464679142e+01
8.136857890256438353e+00
8.593479713983121826e+00
7.484820637019110379e+00
9.965574970333758387e+00
1.246335526484300615e+01
7.046725639945927711e+00
1.505445578434700415e+01
1.563528038089343752e+01
1.291488987023529766e+01
8.740387444736633427e+00
7.817640190446718762e+00
1.422831991532699902e+01
9.373021315815206478e+00
6.955796338302048021e+00
1.178062436274634450e+01
9.507891862878782518e+00
5.641895835477562571e+00
1.453814859003845150e+01
1.404820733880128181e+01
9.373021315815206478e+00
6.180387232371033157e+00
1.117038385124011413e+01
7.225151993843566878e+00
1.178062436274634450e+01
1.320733953636073110e+01
1.256509862862843541e+01
1.256509862862843541e+01
7.399277020331918919e+00
1.058513485680245481e+01
1.409345127989185542e+01
7.399277020331918919e+00
8.136857890256438353e+00
8.740387444736633427e+00
1.117038385124011413e+01
1.513879513212096128e+01
1.335116235624909109e+01
1.266602473693425601e+01
6.955796338302048021e+00
9.965574970333758387e+00
1.094004191971426110e+01
9.965574970333758387e+00
7.225151993843566878e+00
9.373021315815206478e+00
1.315904928495908166e+01
1.236077446474206631e+01
1.335116235624909109e+01
9.373021315815206478e+00
9.965574970333758387e+00
8.740387444736633427e+00
9.304852983362556174e+00
4.918490759365934828e+00
1.111324596323282954e+01
1.377362305878664728e+01
1.733448968263843781e+01
1.215301555949299761e+01
1.178062436274634450e+01
1.281592373849173683e+01
9.640875829802336483e+00
5.411516379806009525e+00
1.522266721510391640e+01
8.136857890256438353e+00
1.058513485680245481e+01
8.368283871884004910e+00
7.136496464611084889e+00
7.978845608028653835e+00
9.373021315815206478e+00
1.178062436274634450e+01
1.225733520300188317e+01
1.363425735166143049e+01
9.373021315815206478e+00
1.311058116710494836e+01
1.178062436274634450e+01
1.246335526484300615e+01
7.978845608028653835e+00
1.496964127403822076e+01
9.373021315815206478e+00
9.965574970333758387e+00
8.740387444736633427e+00
9.507891862878782518e+00
7.225151993843566878e+00
1.479855404066383784e+01
7.817640190446718762e+00
6.863662517577697741e+00
7.898654169668588132e+00
9.965574970333758387e+00
9.373021315815206478e+00
9.772050238058398008e+00
8.136857890256438353e+00
