1.178062436274634450e+01
9.373021315815206478e+00
1.436192209445157708e+01
1.530607971465162365e+01
1.603728119216292924e+01
1.320733953636073110e+01
1.418350619798065715e+01
8.519075891779829490e+00
1.306193320280393344e+01
1.431752655671925822e+01
1.368087033328175828e+01
1.320733953636073110e+01
1.436192209445157708e+01
1.445030398768713376e+01
1.349345229721172146e+01
1.391159267660409604e+01
1.058513485680245481e+01
1.167204486311898926e+01
7.569397566060480642e+00
9.373021315815206478e+00
1.595769121605730767e+01
1.256509862862843541e+01
1.603728119216292924e+01
8.136857890256438353e+00
1.046415791390898242e+01
1.296408962885714899e+01
7.735777827895049086e+00
1.105581278308273596e+01
6.675581178124545545e+00
8.214724333230154940e+00
2.763953195770683990e+00
9.965574970333758387e+00
1.286550196516137312e+01
1.669848676668040710e+01
1.349345229721172146e+01
1.587770228520368221e+01
8.593479713983121826e+00
1.484151074652385738e+01
9.373021315815206478e+00
8.884866446580955923e+00
1.296408962885714899e+01
9.507891862878782518e+00
1.530607971465162365e+01
1.563528038089343752e+01
9.373021315815206478e+00
1.117038385124011413e+01
1.440618081907316395e+01
1.339876023397903637e+01
1.335116235624909109e+01
1.256509862862843541e+01
1.021790793990058255e+01
1.526443044094783019e+01
8.519075891779829490e+00
9.373021315815206478e+00
1.236077446474206631e+01
1.431752655671925822e+01
1.555363345008750464e+01
1.296408962885714899e+01
1.040314189572019821e+01
1.111324596323282954e+01
9.965574970333758387e+00
9.373021315815206478e+00
1.395727947504383337e+01
1.458187244392064308e+01
1.225733520300188317e+01
9.373021315815206478e+00
9.965574970333758387e+00
8.444016491289504600e+00
8.368283871884004910e+00
1.117038385124011413e+01
1.431752655671925822e+01
1.836868202552426155e+01
1.349345229721172146e+01
1.210051848659980855e+01
1.344618962205996482e+01
1.076405121554611632e+01
1.619528777809902209e+01
1.156244577056221523e+01
5.970821321441846408e+00
6.863662517577697741e+00
4.513516668382050234e+00
9.373021315815206478e+00
1.178062436274634450e+01
1.276615297284584649e+01
1.449429283826230197e+01
9.373021315815206478e+00
1.453814859003845150e+01
1.276615297284584649e+01
1.320733953636073110e+01
1.627371578051287671e+01
3.908820095223359381e+00
9.373021315815206478e+00
9.965574970333758387e+00
7.225151993843566878e+00
9.373021315815206478e+00
1.654528640181426269e+01
8.136857890256438353e+00
4.652426491681278087e+00
9.965574970333758387e+00
1.015541250385961369e+01
9.027033336764100468e+00
6.675581178124545545e+00
