1.167204486311898926e+01
8.884866446580955923e+00
1.349345229721172146e+01
1.522266721510391640e+01
1.436192209445157708e+01
6.180387232371033157e+00
5.641895835477562571e+00
1.241217083805063837e+01
1.286550196516137312e+01
9.965574970333758387e+00
1.301310337505149661e+01
1.422831991532699902e+01
1.363425735166143049e+01
1.256509862862843541e+01
1.354055000514615159e+01
1.381976597885341995e+01
1.236077446474206631e+01
8.136857890256438353e+00
1.349345229721172146e+01
1.058513485680245481e+01
1.178062436274634450e+01
4.222008245644752300e+00
8.740387444736633427e+00
9.373021315815206478e+00
1.538904010394216471e+01
1.236077446474206631e+01
1.471226436021925466e+01
8.444016491289504600e+00
1.076405121554611632e+01
1.178062436274634450e+01
8.740387444736633427e+00
1.009253008808064145e+01
8.740387444736633427e+00
8.956231982162769611e+00
4.652426491681278087e+00
7.569397566060480642e+00
9.965574970333758387e+00
1.194164264288369282e+01
8.136857890256438353e+00
1.395727947504383337e+01
1.475547227809780537e+01
1.276615297284584649e+01
8.593479713983121826e+00
8.136857890256438353e+00
1.372732503515539548e+01
9.373021315815206478e+00
8.058239062071395509e+00
1.178062436274634450e+01
9.640875829802336483e+00
7.312732791431452384e+00
1.422831991532699902e+01
1.335116235624909109e+01
5.292567428401227403e+00
9.373021315815206478e+00
7.735777827895049086e+00
1.117038385124011413e+01
8.136857890256438353e+00
1.286550196516137312e+01
1.111324596323282954e+01
1.204779266504070279e+01
8.136857890256438353e+00
1.271618740744904485e+01
1.058513485680245481e+01
1.354055000514615159e+01
8.136857890256438353e+00
8.740387444736633427e+00
8.740387444736633427e+00
1.117038385124011413e+01
1.449429283826230197e+01
1.296408962885714899e+01
1.236077446474206631e+01
8.136857890256438353e+00
9.965574970333758387e+00
1.028002345391383443e+01
9.965574970333758387e+00
8.136857890256438353e+00
9.373021315815206478e+00
1.296408962885714899e+01
1.236077446474206631e+01
1.296408962885714899e+01
9.373021315815206478e+00
5.970821321441846408e+00
9.965574970333758387e+00
8.740387444736633427e+00
9.440697438826296306e+00
6.770275002573075795e+00
1.015541250385961369e+01
1.311058116710494836e+01
1.607692842495848140e+01
1.150725478350318376e+01
2.256758334191025117e+00
1.178062436274634450e+01
1.266602473693425601e+01
9.574614729634383536e+00
7.312732791431452384e+00
1.453814859003845150e+01
8.368283871884004910e+00
1.009253008808064145e+01
8.291859587312051971e+00
7.225151993843566878e+00
8.740387444736633427e+00
6.863662517577697741e+00
9.373021315815206478e+00
1.178062436274634450e+01
1.172646028567007725e+01
5.170882945826410726e+00
4.068428945128219176e+00
6.180387232371033157e+00
1.246335526484300615e+01
9.304852983362556174e+00
1.088169461344923583e+01
1.194164264288369282e+01
6.482044814428574497e+00
8.368283871884004910e+00
1.117038385124011413e+01
1.404820733880128181e+01
9.373021315815206478e+00
9.965574970333758387e+00
8.291859587312051971e+00
9.373021315815206478e+00
8.136857890256438353e+00
1.363425735166143049e+01
8.136857890256438353e+00
5.292567428401227403e+00
7.978845608028653835e+00
8.136857890256438353e+00
9.640875829802336483e+00
9.373021315815206478e+00
9.507891862878782518e+00
8.136857890256438353e+00
