1.178062436274634450e+01
9.440697438826296306e+00
1.427299292922216978e+01
1.513879513212096128e+01
1.583755632390385770e+01
1.315904928495908166e+01
1.400281721259029588e+01
9.097283682934460103e+00
1.306193320280393344e+01
1.431752655671925822e+01
1.368087033328175828e+01
1.306193320280393344e+01
1.422831991532699902e+01
1.440618081907316395e+01
1.286550196516137312e+01
1.377362305878664728e+01
1.058513485680245481e+01
1.172646028567007725e+01
8.667244841319218907e+00
9.373021315815206478e+00
1.563528038089343752e+01
1.236077446474206631e+01
1.591774699517169012e+01
8.593479713983121826e+00
1.076405121554611632e+01
1.266602473693425601e+01
8.368283871884004910e+00
1.099807968464679142e+01
8.136857890256438353e+00
8.444016491289504600e+00
6.955796338302048021e+00
9.965574970333758387e+00
1.266602473693425601e+01
5.970821321441846408e+00
1.587770228520368221e+01
1.575695754970980111e+01
1.311058116710494836e+01
8.740387444736633427e+00
7.817640190446718762e+00
1.440618081907316395e+01
9.373021315815206478e+00
5.641895835477562571e+00
1.210051848659980855e+01
9.640875829802336483e+00
1.484151074652385738e+01
1.475547227809780537e+01
9.373021315815206478e+00
1.117038385124011413e+01
2.985410660720923204e+00
6.383076486422923246e+00
1.301310337505149661e+01
1.330339418036568588e+01
1.271618740744904485e+01
1.256509862862843541e+01
6.863662517577697741e+00
1.058513485680245481e+01
1.449429283826230197e+01
6.770275002573075795e+00
8.136857890256438353e+00
8.740387444736633427e+00
1.150725478350318376e+01
1.538904010394216471e+01
1.354055000514615159e+01
1.276615297284584649e+01
6.180387232371033157e+00
9.965574970333758387e+00
1.117038385124011413e+01
9.965574970333758387e+00
5.753627391751591880e+00
9.373021315815206478e+00
1.339876023397903637e+01
1.372732503515539548e+01
1.236077446474206631e+01
9.373021315815206478e+00
9.965574970333758387e+00
8.884866446580955923e+00
9.236181543108379799e+00
1.117038385124011413e+01
1.391159267660409604e+01
1.798340469329240676e+01
1.261566261010080048e+01
1.178062436274634450e+01
1.306193320280393344e+01
9.706684619910241452e+00
1.538904010394216471e+01
7.817640190446718762e+00
1.128379167095512514e+01
8.291859587312051971e+00
6.383076486422923246e+00
7.484820637019110379e+00
9.373021315815206478e+00
1.178062436274634450e+01
1.246335526484300615e+01
1.377362305878664728e+01
9.373021315815206478e+00
1.354055000514615159e+01
1.178062436274634450e+01
1.286550196516137312e+01
7.225151993843566878e+00
1.534761596392107741e+01
9.507891862878782518e+00
9.965574970333758387e+00
8.136857890256438353e+00
9.373021315815206478e+00
6.076507779746498805e+00
1.551264883747923129e+01
7.225151993843566878e+00
7.569397566060480642e+00
5.170882945826410726e+00
9.965574970333758387e+00
9.507891862878782518e+00
9.507891862878782518e+00
7.484820637019110379e+00
