1.236077446474206631e+01
7.735777827895049086e+00
1.471226436021925466e+01
1.650676414605009157e+01
1.538904010394216471e+01
1.330339418036568588e+01
1.445030398768713376e+01
1.301310337505149661e+01
1.436192209445157708e+01
6.770275002573075795e+00
1.381976597885341995e+01
1.335116235624909109e+01
1.445030398768713376e+01
1.479855404066383784e+01
1.518078909665319287e+01
1.431752655671925822e+01
1.046415791390898242e+01
1.167204486311898926e+01
9.965574970333758387e+00
1.627371578051287671e+01
1.286550196516137312e+01
1.603728119216292924e+01
8.291859587312051971e+00
1.021790793990058255e+01
1.335116235624909109e+01
6.675581178124545545e+00
1.117038385124011413e+01
5.753627391751591880e+00
1.386575534383213970e+01
1.009253008808064145e+01
1.776973289316191185e+01
1.413855043925722121e+01
1.619528777809902209e+01
8.136857890256438353e+00
1.538904010394216471e+01
9.373021315815206478e+00
8.136857890256438353e+00
1.296408962885714899e+01
8.593479713983121826e+00
1.555363345008750464e+01
1.591774699517169012e+01
8.740387444736633427e+00
1.111324596323282954e+01
1.522266721510391640e+01
1.395727947504383337e+01
1.368087033328175828e+01
1.251433034574463399e+01
9.836981518731869656e+00
1.538904010394216471e+01
7.225151993843566878e+00
1.230916348999737586e+01
7.978845608028653835e+00
1.599753570059363028e+01
1.501210842680413826e+01
1.296408962885714899e+01
9.836981518731869656e+00
1.088169461344923583e+01
9.965574970333758387e+00
9.507891862878782518e+00
1.418350619798065715e+01
1.488434347843123184e+01
1.246335526484300615e+01
9.166995688475081394e+00
9.772050238058398008e+00
7.569397566060480642e+00
5.292567428401227403e+00
1.105581278308273596e+01
1.530607971465162365e+01
1.466892917224166482e+01
1.911595536035255805e+01
1.225733520300188317e+01
1.400281721259029588e+01
1.161737456321036532e+01
1.688803298257900920e+01
1.178062436274634450e+01
9.304852983362556174e+00
1.183454054540639433e+01
1.281592373849173683e+01
1.484151074652385738e+01
9.097283682934460103e+00
1.354055000514615159e+01
1.591774699517169012e+01
1.377362305878664728e+01
1.755346033766304004e+01
8.593479713983121826e+00
9.965574970333758387e+00
9.373021315815206478e+00
1.769793569896924623e+01
6.863662517577697741e+00
9.965574970333758387e+00
1.058513485680245481e+01
7.735777827895049086e+00
