1.178062436274634450e+01
9.166995688475081394e+00
1.413855043925722121e+01
1.484151074652385738e+01
1.567594437773643001e+01
1.306193320280393344e+01
1.372732503515539548e+01
9.373021315815206478e+00
1.306193320280393344e+01
1.427299292922216978e+01
1.368087033328175828e+01
1.301310337505149661e+01
1.418350619798065715e+01
1.400281721259029588e+01
1.276615297284584649e+01
1.372732503515539548e+01
5.753627391751591880e+00
1.058513485680245481e+01
1.178062436274634450e+01
8.740387444736633427e+00
9.373021315815206478e+00
1.543035303761632804e+01
1.236077446474206631e+01
1.563528038089343752e+01
8.740387444736633427e+00
1.076405121554611632e+01
1.266602473693425601e+01
8.667244841319218907e+00
1.099807968464679142e+01
8.136857890256438353e+00
8.444016491289504600e+00
7.312732791431452384e+00
9.965574970333758387e+00
1.256509862862843541e+01
6.955796338302048021e+00
1.513879513212096128e+01
1.571650316319191809e+01
1.301310337505149661e+01
8.667244841319218907e+00
7.817640190446718762e+00
1.422831991532699902e+01
9.373021315815206478e+00
6.770275002573075795e+00
1.178062436274634450e+01
9.507891862878782518e+00
5.046265044040320724e+00
1.453814859003845150e+01
1.422831991532699902e+01
9.373021315815206478e+00
5.970821321441846408e+00
1.117038385124011413e+01
7.136496464611084889e+00
1.183454054540639433e+01
1.320733953636073110e+01
1.256509862862843541e+01
1.256509862862843541e+01
7.312732791431452384e+00
1.058513485680245481e+01
1.418350619798065715e+01
7.225151993843566878e+00
8.136857890256438353e+00
8.740387444736633427e+00
1.117038385124011413e+01
1.522266721510391640e+01
1.339876023397903637e+01
1.271618740744904485e+01
6.955796338302048021e+00
9.965574970333758387e+00
1.094004191971426110e+01
9.965574970333758387e+00
7.046725639945927711e+00
9.373021315815206478e+00
1.325545386523797831e+01
1.349345229721172146e+01
1.236077446474206631e+01
9.373021315815206478e+00
9.965574970333758387e+00
8.740387444736633427e+00
9.304852983362556174e+00
4.370193722368316713e+00
1.117038385124011413e+01
1.377362305878664728e+01
1.751715531361111644e+01
1.215301555949299761e+01
1.178062436274634450e+01
1.281592373849173683e+01
9.640875829802336483e+00
4.787307364817191768e+00
1.534761596392107741e+01
8.136857890256438353e+00
1.070474469691662733e+01
8.444016491289504600e+00
7.136496464611084889e+00
7.817640190446718762e+00
9.373021315815206478e+00
1.178062436274634450e+01
1.236077446474206631e+01
1.368087033328175828e+01
9.373021315815206478e+00
1.315904928495908166e+01
1.178062436274634450e+01
1.251433034574463399e+01
7.898654169668588132e+00
1.505445578434700415e+01
9.373021315815206478e+00
9.965574970333758387e+00
8.519075891779829490e+00
9.507891862878782518e+00
7.046725639945927711e+00
1.484151074652385738e+01
7.735777827895049086e+00
6.675581178124545545e+00
7.898654169668588132e+00
9.965574970333758387e+00
9.373021315815206478e+00
9.772050238058398008e+00
8.058239062071395509e+00
