1.178062436274634450e+01
9.027033336764100468e+00
1.368087033328175828e+01
1.543035303761632804e+01
1.436192209445157708e+01
5.292567428401227403e+00
1.256509862862843541e+01
4.222008245644752300e+00
1.306193320280393344e+01
9.772050238058398008e+00
1.306193320280393344e+01
1.422831991532699902e+01
1.363425735166143049e+01
1.296408962885714899e+01
1.358748446131948917e+01
1.391159267660409604e+01
1.251433034574463399e+01
7.569397566060480642e+00
1.363425735166143049e+01
1.058513485680245481e+01
1.178062436274634450e+01
8.740387444736633427e+00
9.640875829802336483e+00
1.538904010394216471e+01
1.236077446474206631e+01
1.509668435477122017e+01
8.740387444736633427e+00
1.076405121554611632e+01
5.170882945826410726e+00
1.236077446474206631e+01
8.740387444736633427e+00
1.021790793990058255e+01
8.667244841319218907e+00
8.740387444736633427e+00
7.817640190446718762e+00
9.965574970333758387e+00
1.210051848659980855e+01
7.898654169668588132e+00
1.409345127989185542e+01
1.513879513212096128e+01
1.276615297284584649e+01
8.740387444736633427e+00
8.136857890256438353e+00
1.381976597885341995e+01
9.373021315815206478e+00
7.817640190446718762e+00
1.178062436274634450e+01
9.507891862878782518e+00
6.863662517577697741e+00
1.431752655671925822e+01
1.354055000514615159e+01
9.373021315815206478e+00
2.256758334191025117e+00
7.225151993843566878e+00
1.117038385124011413e+01
7.817640190446718762e+00
1.291488987023529766e+01
1.128379167095512514e+01
1.215301555949299761e+01
8.136857890256438353e+00
1.271618740744904485e+01
1.058513485680245481e+01
1.377362305878664728e+01
8.136857890256438353e+00
8.593479713983121826e+00
8.740387444736633427e+00
1.117038385124011413e+01
1.462546558286290477e+01
1.315904928495908166e+01
1.246335526484300615e+01
8.136857890256438353e+00
9.965574970333758387e+00
1.058513485680245481e+01
9.965574970333758387e+00
7.978845608028653835e+00
9.373021315815206478e+00
1.296408962885714899e+01
1.236077446474206631e+01
1.311058116710494836e+01
9.373021315815206478e+00
9.965574970333758387e+00
4.513516668382050234e+00
8.740387444736633427e+00
9.236181543108379799e+00
6.282549314314217703e+00
1.046415791390898242e+01
1.335116235624909109e+01
1.654528640181426269e+01
1.156244577056221523e+01
1.178062436274634450e+01
1.271618740744904485e+01
9.574614729634383536e+00
7.046725639945927711e+00
1.488434347843123184e+01
8.740387444736633427e+00
1.015541250385961369e+01
8.291859587312051971e+00
7.225151993843566878e+00
8.667244841319218907e+00
6.076507779746498805e+00
9.507891862878782518e+00
1.178062436274634450e+01
1.194164264288369282e+01
2.763953195770683990e+00
5.863230142835038627e+00
1.261566261010080048e+01
9.373021315815206478e+00
1.139607097042601680e+01
1.220528683538465842e+01
5.863230142835038627e+00
1.183454054540639433e+01
8.444016491289504600e+00
1.436192209445157708e+01
9.373021315815206478e+00
9.965574970333758387e+00
8.291859587312051971e+00
9.373021315815206478e+00
7.978845608028653835e+00
1.395727947504383337e+01
8.136857890256438353e+00
4.787307364817191768e+00
7.569397566060480642e+00
8.136857890256438353e+00
9.706684619910241452e+00
9.373021315815206478e+00
9.507891862878782518e+00
8.136857890256438353e+00
