1.117038385124011413e+01
9.097283682934460103e+00
1.301310337505149661e+01
1.386575534383213970e+01
1.462546558286290477e+01
7.569397566060480642e+00
4.918490759365934828e+00
7.399277020331918919e+00
1.150725478350318376e+01
1.225733520300188317e+01
9.901487006738307173e+00
1.391159267660409604e+01
1.225733520300188317e+01
4.787307364817191768e+00
1.354055000514615159e+01
5.411516379806009525e+00
1.178062436274634450e+01
1.320733953636073110e+01
1.330339418036568588e+01
1.236077446474206631e+01
8.291859587312051971e+00
1.286550196516137312e+01
7.225151993843566878e+00
1.058513485680245481e+01
1.178062436274634450e+01
8.812923024107547576e+00
9.373021315815206478e+00
1.505445578434700415e+01
1.236077446474206631e+01
1.372732503515539548e+01
8.136857890256438353e+00
1.105581278308273596e+01
1.021790793990058255e+01
8.593479713983121826e+00
9.507891862878782518e+00
8.740387444736633427e+00
7.046725639945927711e+00
9.373021315815206478e+00
5.641895835477562571e+00
7.569397566060480642e+00
9.706684619910241452e+00
6.180387232371033157e+00
1.178062436274634450e+01
8.444016491289504600e+00
1.236077446474206631e+01
1.266602473693425601e+01
1.301310337505149661e+01
8.444016491289504600e+00
3.908820095223359381e+00
4.652426491681278087e+00
8.136857890256438353e+00
1.320733953636073110e+01
9.574614729634383536e+00
8.740387444736633427e+00
1.105581278308273596e+01
9.507891862878782518e+00
8.136857890256438353e+00
8.136857890256438353e+00
1.306193320280393344e+01
1.271618740744904485e+01
9.373021315815206478e+00
8.444016491289504600e+00
1.117038385124011413e+01
8.136857890256438353e+00
1.178062436274634450e+01
1.058513485680245481e+01
1.178062436274634450e+01
8.740387444736633427e+00
1.225733520300188317e+01
1.058513485680245481e+01
1.296408962885714899e+01
8.444016491289504600e+00
8.740387444736633427e+00
8.519075891779829490e+00
6.863662517577697741e+00
1.094004191971426110e+01
1.395727947504383337e+01
1.178062436274634450e+01
1.178062436274634450e+01
3.908820095223359381e+00
8.740387444736633427e+00
9.965574970333758387e+00
9.304852983362556174e+00
9.373021315815206478e+00
8.444016491289504600e+00
5.170882945826410726e+00
9.373021315815206478e+00
1.271618740744904485e+01
1.215301555949299761e+01
1.172646028567007725e+01
6.076507779746498805e+00
9.373021315815206478e+00
7.225151993843566878e+00
3.191538243211461623e+00
9.965574970333758387e+00
8.884866446580955923e+00
7.312732791431452384e+00
8.519075891779829490e+00
1.251433034574463399e+01
1.009253008808064145e+01
5.641895835477562571e+00
1.479855404066383784e+01
6.955796338302048021e+00
9.965574970333758387e+00
1.117038385124011413e+01
9.373021315815206478e+00
1.139607097042601680e+01
8.136857890256438353e+00
5.046265044040320724e+00
1.349345229721172146e+01
8.136857890256438353e+00
9.965574970333758387e+00
3.191538243211461623e+00
8.444016491289504600e+00
7.484820637019110379e+00
8.136857890256438353e+00
8.291859587312051971e+00
8.740387444736633427e+00
1.070474469691662733e+01
7.225151993843566878e+00
7.225151993843566878e+00
1.117038385124011413e+01
4.513516668382050234e+00
7.484820637019110379e+00
1.150725478350318376e+01
4.652426491681278087e+00
8.884866446580955923e+00
1.058513485680245481e+01
7.312732791431452384e+00
1.105581278308273596e+01
8.368283871884004910e+00
1.064510777218481152e+01
1.271618740744904485e+01
6.383076486422923246e+00
9.373021315815206478e+00
1.002925341359354938e+01
8.444016491289504600e+00
9.373021315815206478e+00
8.136857890256438353e+00
8.444016491289504600e+00
1.286550196516137312e+01
6.675581178124545545e+00
8.667244841319218907e+00
8.136857890256438353e+00
9.507891862878782518e+00
9.373021315815206478e+00
9.507891862878782518e+00
8.444016491289504600e+00
2.256758334191025117e+00
