7.046725639945927711e+00
1.422831991532699902e+01
1.058513485680245481e+01
1.286550196516137312e+01
4.222008245644752300e+00
1.530607971465162365e+01
8.136857890256438353e+00
1.685029431422315938e+01
9.027033336764100468e+00
1.046415791390898242e+01
9.373021315815206478e+00
8.136857890256438353e+00
7.484820637019110379e+00
7.898654169668588132e+00
1.178062436274634450e+01
1.583755632390385770e+01
1.479855404066383784e+01
7.735777827895049086e+00
1.117038385124011413e+01
1.631278838364701755e+01
1.178062436274634450e+01
1.501210842680413826e+01
1.266602473693425601e+01
1.117038385124011413e+01
1.261566261010080048e+01
1.354055000514615159e+01
1.492705330360461602e+01
9.965574970333758387e+00
6.955796338302048021e+00
1.210051848659980855e+01
8.058239062071395509e+00
1.276615297284584649e+01
1.427299292922216978e+01
1.070474469691662733e+01
8.740387444736633427e+00
1.178062436274634450e+01
8.667244841319218907e+00
1.122723095552866468e+01
6.076507779746498805e+00
1.058513485680245481e+01
4.068428945128219176e+00
1.458187244392064308e+01
9.373021315815206478e+00
8.884866446580955923e+00
1.386575534383213970e+01
1.276615297284584649e+01
1.256509862862843541e+01
1.445030398768713376e+01
1.150725478350318376e+01
5.292567428401227403e+00
1.178062436274634450e+01
1.178062436274634450e+01
8.740387444736633427e+00
1.058513485680245481e+01
1.236077446474206631e+01
1.335116235624909109e+01
8.519075891779829490e+00
1.453814859003845150e+01
1.271618740744904485e+01
1.117038385124011413e+01
9.965574970333758387e+00
9.373021315815206478e+00
1.058513485680245481e+01
9.965574970333758387e+00
1.070474469691662733e+01
1.368087033328175828e+01
1.296408962885714899e+01
7.046725639945927711e+00
1.215301555949299761e+01
1.058513485680245481e+01
1.145179781116143225e+01
6.675581178124545545e+00
8.136857890256438353e+00
1.286550196516137312e+01
7.653039857325811823e+00
1.178062436274634450e+01
1.178062436274634450e+01
1.150725478350318376e+01
1.034176589165282145e+01
1.117038385124011413e+01
1.058513485680245481e+01
8.136857890256438353e+00
1.466892917224166482e+01
1.335116235624909109e+01
1.386575534383213970e+01
7.046725639945927711e+00
1.530607971465162365e+01
1.306193320280393344e+01
1.210051848659980855e+01
9.373021315815206478e+00
9.373021315815206478e+00
1.320733953636073110e+01
7.817640190446718762e+00
9.373021315815206478e+00
1.021790793990058255e+01
9.965574970333758387e+00
1.117038385124011413e+01
6.383076486422923246e+00
8.812923024107547576e+00
1.509668435477122017e+01
1.400281721259029588e+01
9.373021315815206478e+00
1.256509862862843541e+01
1.266602473693425601e+01
2.763953195770683990e+00
1.276615297284584649e+01
1.046415791390898242e+01
1.587770228520368221e+01
9.965574970333758387e+00
9.440697438826296306e+00
1.422831991532699902e+01
4.918490759365934828e+00
6.675581178124545545e+00
8.136857890256438353e+00
1.188821220645068522e+01
5.292567428401227403e+00
8.812923024107547576e+00
1.418350619798065715e+01
5.641895835477562571e+00
1.082303275961201905e+01
6.180387232371033157e+00
7.399277020331918919e+00
