7.046725639945927711e+00
1.422831991532699902e+01
1.058513485680245481e+01
1.296408962885714899e+01
3.908820095223359381e+00
1.530607971465162365e+01
8.136857890256438353e+00
1.692568750643268771e+01
9.236181543108379799e+00
1.034176589165282145e+01
9.373021315815206478e+00
8.058239062071395509e+00
7.312732791431452384e+00
7.653039857325811823e+00
1.178062436274634450e+01
1.587770228520368221e+01
1.479855404066383784e+01
1.122723095552866468e+01
7.569397566060480642e+00
1.635176762293251684e+01
1.178062436274634450e+01
1.505445578434700415e+01
1.266602473693425601e+01
1.117038385124011413e+01
1.261566261010080048e+01
1.354055000514615159e+01
1.492705330360461602e+01
9.965574970333758387e+00
6.579524642479540830e+00
1.220528683538465842e+01
7.898654169668588132e+00
1.286550196516137312e+01
1.427299292922216978e+01
1.070474469691662733e+01
8.740387444736633427e+00
1.178062436274634450e+01
8.593479713983121826e+00
1.117038385124011413e+01
6.076507779746498805e+00
1.058513485680245481e+01
2.985410660720923204e+00
1.479855404066383784e+01
9.373021315815206478e+00
8.884866446580955923e+00
1.391159267660409604e+01
1.276615297284584649e+01
1.256509862862843541e+01
1.453814859003845150e+01
1.150725478350318376e+01
5.170882945826410726e+00
1.178062436274634450e+01
1.178062436274634450e+01
8.667244841319218907e+00
1.058513485680245481e+01
1.236077446474206631e+01
1.335116235624909109e+01
8.444016491289504600e+00
1.462546558286290477e+01
1.271618740744904485e+01
1.117038385124011413e+01
9.965574970333758387e+00
9.373021315815206478e+00
1.058513485680245481e+01
9.965574970333758387e+00
1.070474469691662733e+01
1.368087033328175828e+01
1.296408962885714899e+01
6.955796338302048021e+00
1.215301555949299761e+01
1.058513485680245481e+01
1.150725478350318376e+01
6.282549314314217703e+00
8.136857890256438353e+00
1.286550196516137312e+01
7.653039857325811823e+00
1.188821220645068522e+01
1.178062436274634450e+01
1.150725478350318376e+01
1.040314189572019821e+01
1.117038385124011413e+01
1.058513485680245481e+01
8.136857890256438353e+00
1.466892917224166482e+01
1.335116235624909109e+01
1.386575534383213970e+01
6.675581178124545545e+00
1.534761596392107741e+01
1.301310337505149661e+01
1.220528683538465842e+01
9.373021315815206478e+00
9.373021315815206478e+00
1.339876023397903637e+01
9.373021315815206478e+00
1.021790793990058255e+01
7.399277020331918919e+00
9.965574970333758387e+00
1.117038385124011413e+01
6.076507779746498805e+00
8.593479713983121826e+00
1.518078909665319287e+01
1.404820733880128181e+01
9.373021315815206478e+00
1.256509862862843541e+01
1.271618740744904485e+01
1.276615297284584649e+01
1.052482020710848865e+01
1.587770228520368221e+01
9.965574970333758387e+00
9.507891862878782518e+00
1.422831991532699902e+01
4.652426491681278087e+00
6.770275002573075795e+00
8.136857890256438353e+00
1.199483507827737583e+01
5.170882945826410726e+00
8.812923024107547576e+00
1.422831991532699902e+01
5.292567428401227403e+00
1.094004191971426110e+01
6.076507779746498805e+00
7.399277020331918919e+00
