1.246335526484300615e+01
1.320733953636073110e+01
1.058513485680245481e+01
1.183454054540639433e+01
8.136857890256438353e+00
4.222008245644752300e+00
8.444016491289504600e+00
1.413855043925722121e+01
1.513879513212096128e+01
8.884866446580955923e+00
1.052482020710848865e+01
9.640875829802336483e+00
8.740387444736633427e+00
8.740387444736633427e+00
9.373021315815206478e+00
1.178062436274634450e+01
1.509668435477122017e+01
1.306193320280393344e+01
8.136857890256438353e+00
4.222008245644752300e+00
1.052482020710848865e+01
1.445030398768713376e+01
1.178062436274634450e+01
1.400281721259029588e+01
1.070474469691662733e+01
6.863662517577697741e+00
1.058513485680245481e+01
7.399277020331918919e+00
1.306193320280393344e+01
1.002925341359354938e+01
1.400281721259029588e+01
9.507891862878782518e+00
9.640875829802336483e+00
9.965574970333758387e+00
7.898654169668588132e+00
4.787307364817191768e+00
6.482044814428574497e+00
1.344618962205996482e+01
1.167204486311898926e+01
5.753627391751591880e+00
1.117038385124011413e+01
9.027033336764100468e+00
7.399277020331918919e+00
1.105581278308273596e+01
8.444016491289504600e+00
8.136857890256438353e+00
1.099807968464679142e+01
7.817640190446718762e+00
9.901487006738307173e+00
1.009253008808064145e+01
1.105581278308273596e+01
9.507891862878782518e+00
4.068428945128219176e+00
9.027033336764100468e+00
1.281592373849173683e+01
4.513516668382050234e+00
1.215301555949299761e+01
1.076405121554611632e+01
1.178062436274634450e+01
1.009253008808064145e+01
7.817640190446718762e+00
1.088169461344923583e+01
1.150725478350318376e+01
9.304852983362556174e+00
7.978845608028653835e+00
1.058513485680245481e+01
1.122723095552866468e+01
6.282549314314217703e+00
1.215301555949299761e+01
5.970821321441846408e+00
8.740387444736633427e+00
7.399277020331918919e+00
4.918490759365934828e+00
1.315904928495908166e+01
1.117038385124011413e+01
1.178062436274634450e+01
1.058513485680245481e+01
9.965574970333758387e+00
9.373021315815206478e+00
1.058513485680245481e+01
9.965574970333758387e+00
1.058513485680245481e+01
1.064510777218481152e+01
1.178062436274634450e+01
6.076507779746498805e+00
8.368283871884004910e+00
1.070474469691662733e+01
8.058239062071395509e+00
6.955796338302048021e+00
1.002925341359354938e+01
1.058513485680245481e+01
9.027033336764100468e+00
1.134007028277388685e+01
8.740387444736633427e+00
6.383076486422923246e+00
1.117038385124011413e+01
1.145179781116143225e+01
6.675581178124545545e+00
9.640875829802336483e+00
1.002925341359354938e+01
6.955796338302048021e+00
9.640875829802336483e+00
8.740387444736633427e+00
9.836981518731869656e+00
1.150725478350318376e+01
1.251433034574463399e+01
1.276615297284584649e+01
7.136496464611084889e+00
8.444016491289504600e+00
1.320733953636073110e+01
6.180387232371033157e+00
7.978845608028653835e+00
1.167204486311898926e+01
5.641895835477562571e+00
1.028002345391383443e+01
9.507891862878782518e+00
9.373021315815206478e+00
8.884866446580955923e+00
9.965574970333758387e+00
1.076405121554611632e+01
9.965574970333758387e+00
9.640875829802336483e+00
1.058513485680245481e+01
8.740387444736633427e+00
9.373021315815206478e+00
1.339876023397903637e+01
1.167204486311898926e+01
9.507891862878782518e+00
1.194164264288369282e+01
7.569397566060480642e+00
1.040314189572019821e+01
9.166995688475081394e+00
1.156244577056221523e+01
1.409345127989185542e+01
3.385137501286537898e+00
7.978845608028653835e+00
1.009253008808064145e+01
9.373021315815206478e+00
7.399277020331918919e+00
1.281592373849173683e+01
7.569397566060480642e+00
7.569397566060480642e+00
8.740387444736633427e+00
1.099807968464679142e+01
8.136857890256438353e+00
9.373021315815206478e+00
6.770275002573075795e+00
7.735777827895049086e+00
1.215301555949299761e+01
1.199483507827737583e+01
9.965574970333758387e+00
7.569397566060480642e+00
8.136857890256438353e+00
6.180387232371033157e+00
