1.475547227809780537e+01
1.422831991532699902e+01
1.058513485680245481e+01
1.666031874701878124e+01
7.484820637019110379e+00
1.850679436136249834e+01
1.040314189572019821e+01
9.965574970333758387e+00
8.956231982162769611e+00
6.282549314314217703e+00
1.236077446474206631e+01
1.599753570059363028e+01
1.595769121605730767e+01
1.246335526484300615e+01
1.758969042850511855e+01
1.145179781116143225e+01
1.611647812414279102e+01
1.344618962205996482e+01
1.117038385124011413e+01
1.377362305878664728e+01
1.354055000514615159e+01
1.547155565579009817e+01
9.772050238058398008e+00
1.301310337505149661e+01
1.409345127989185542e+01
2.256758334191025117e+00
1.484151074652385738e+01
1.064510777218481152e+01
8.136857890256438353e+00
1.236077446474206631e+01
1.082303275961201905e+01
5.527906391541367981e+00
1.058513485680245481e+01
1.635176762293251684e+01
9.507891862878782518e+00
8.136857890256438353e+00
1.484151074652385738e+01
1.281592373849173683e+01
1.306193320280393344e+01
1.607692842495848140e+01
1.134007028277388685e+01
1.194164264288369282e+01
1.301310337505149661e+01
1.052482020710848865e+01
1.236077446474206631e+01
3.191538243211461623e+00
1.335116235624909109e+01
6.076507779746498805e+00
1.543035303761632804e+01
1.391159267660409604e+01
1.117038385124011413e+01
1.058513485680245481e+01
9.373021315815206478e+00
1.046415791390898242e+01
9.706684619910241452e+00
1.145179781116143225e+01
1.462546558286290477e+01
1.315904928495908166e+01
1.236077446474206631e+01
1.391159267660409604e+01
1.172646028567007725e+01
1.395727947504383337e+01
1.251433034574463399e+01
1.150725478350318376e+01
1.178062436274634450e+01
1.156244577056221523e+01
1.156244577056221523e+01
1.058513485680245481e+01
1.603728119216292924e+01
1.496964127403822076e+01
1.440618081907316395e+01
1.700074635581867355e+01
1.368087033328175828e+01
1.276615297284584649e+01
7.399277020331918919e+00
1.488434347843123184e+01
9.373021315815206478e+00
8.058239062071395509e+00
1.021790793990058255e+01
9.965574970333758387e+00
1.122723095552866468e+01
1.696325844612841038e+01
1.543035303761632804e+01
9.304852983362556174e+00
1.286550196516137312e+01
1.358748446131948917e+01
1.833399137695016279e+01
1.363425735166143049e+01
1.194164264288369282e+01
9.373021315815206478e+00
8.884866446580955923e+00
1.484151074652385738e+01
1.320733953636073110e+01
1.607692842495848140e+01
4.652426491681278087e+00
1.286550196516137312e+01
4.513516668382050234e+00
