1.505445578434700415e+01
1.436192209445157708e+01
1.070474469691662733e+01
1.681247093473193388e+01
1.894870844187845549e+01
7.399277020331918919e+00
1.009253008808064145e+01
9.574614729634383536e+00
9.236181543108379799e+00
1.236077446474206631e+01
1.599753570059363028e+01
1.599753570059363028e+01
1.256509862862843541e+01
1.794796937867891984e+01
1.145179781116143225e+01
1.635176762293251684e+01
1.372732503515539548e+01
1.117038385124011413e+01
1.413855043925722121e+01
1.354055000514615159e+01
1.583755632390385770e+01
9.373021315815206478e+00
1.325545386523797831e+01
1.418350619798065715e+01
1.492705330360461602e+01
1.058513485680245481e+01
6.383076486422923246e+00
1.281592373849173683e+01
1.070474469691662733e+01
1.058513485680245481e+01
1.685029431422315938e+01
1.015541250385961369e+01
1.534761596392107741e+01
7.225151993843566878e+00
1.276615297284584649e+01
1.320733953636073110e+01
1.658371917462410394e+01
1.134007028277388685e+01
1.204779266504070279e+01
1.335116235624909109e+01
1.058513485680245481e+01
1.236077446474206631e+01
1.325545386523797831e+01
1.543035303761632804e+01
1.484151074652385738e+01
1.094004191971426110e+01
1.117038385124011413e+01
9.166995688475081394e+00
1.070474469691662733e+01
9.236181543108379799e+00
1.139607097042601680e+01
1.471226436021925466e+01
1.315904928495908166e+01
1.261566261010080048e+01
1.409345127989185542e+01
1.172646028567007725e+01
1.445030398768713376e+01
1.251433034574463399e+01
1.122723095552866468e+01
1.161737456321036532e+01
1.167204486311898926e+01
1.145179781116143225e+01
1.034176589165282145e+01
1.635176762293251684e+01
1.530607971465162365e+01
1.440618081907316395e+01
1.758969042850511855e+01
1.372732503515539548e+01
1.271618740744904485e+01
4.787307364817191768e+00
1.484151074652385738e+01
9.097283682934460103e+00
1.002925341359354938e+01
6.675581178124545545e+00
9.965574970333758387e+00
1.194164264288369282e+01
1.744431859350498826e+01
1.567594437773643001e+01
1.296408962885714899e+01
9.097283682934460103e+00
1.363425735166143049e+01
1.891508160359295942e+01
1.368087033328175828e+01
1.204779266504070279e+01
9.097283682934460103e+00
7.735777827895049086e+00
1.488434347843123184e+01
1.311058116710494836e+01
1.642944866646030988e+01
1.381976597885341995e+01
