7.735777827895049086e+00
1.409345127989185542e+01
1.058513485680245481e+01
1.236077446474206631e+01
6.955796338302048021e+00
1.475547227809780537e+01
8.136857890256438353e+00
1.627371578051287671e+01
8.740387444736633427e+00
1.094004191971426110e+01
9.373021315815206478e+00
8.136857890256438353e+00
8.136857890256438353e+00
8.740387444736633427e+00
1.178062436274634450e+01
1.567594437773643001e+01
1.458187244392064308e+01
8.444016491289504600e+00
1.117038385124011413e+01
1.571650316319191809e+01
1.178062436274634450e+01
1.471226436021925466e+01
1.225733520300188317e+01
1.117038385124011413e+01
1.354055000514615159e+01
1.204779266504070279e+01
1.479855404066383784e+01
8.444016491289504600e+00
9.965574970333758387e+00
1.194164264288369282e+01
8.444016491289504600e+00
1.230916348999737586e+01
1.422831991532699902e+01
1.082303275961201905e+01
8.740387444736633427e+00
1.167204486311898926e+01
5.527906391541367981e+00
8.740387444736633427e+00
1.139607097042601680e+01
7.735777827895049086e+00
7.136496464611084889e+00
1.058513485680245481e+01
1.281592373849173683e+01
9.574614729634383536e+00
8.740387444736633427e+00
1.354055000514615159e+01
1.261566261010080048e+01
1.395727947504383337e+01
1.225733520300188317e+01
1.117038385124011413e+01
7.225151993843566878e+00
1.178062436274634450e+01
1.178062436274634450e+01
8.740387444736633427e+00
1.058513485680245481e+01
1.215301555949299761e+01
1.271618740744904485e+01
8.740387444736633427e+00
5.292567428401227403e+00
1.422831991532699902e+01
1.236077446474206631e+01
1.117038385124011413e+01
9.965574970333758387e+00
9.373021315815206478e+00
1.058513485680245481e+01
9.965574970333758387e+00
1.058513485680245481e+01
1.296408962885714899e+01
1.271618740744904485e+01
8.136857890256438353e+00
1.167204486311898926e+01
1.058513485680245481e+01
1.076405121554611632e+01
7.817640190446718762e+00
8.740387444736633427e+00
4.787307364817191768e+00
1.246335526484300615e+01
8.214724333230154940e+00
1.167204486311898926e+01
1.178062436274634450e+01
1.088169461344923583e+01
9.965574970333758387e+00
1.105581278308273596e+01
8.884866446580955923e+00
1.046415791390898242e+01
1.404820733880128181e+01
1.271618740744904485e+01
1.325545386523797831e+01
8.136857890256438353e+00
1.466892917224166482e+01
1.595769121605730811e+00
6.282549314314217703e+00
1.276615297284584649e+01
1.105581278308273596e+01
9.507891862878782518e+00
9.373021315815206478e+00
1.261566261010080048e+01
8.593479713983121826e+00
9.772050238058398008e+00
9.965574970333758387e+00
9.965574970333758387e+00
1.117038385124011413e+01
7.978845608028653835e+00
9.373021315815206478e+00
1.458187244392064308e+01
1.236077446474206631e+01
9.373021315815206478e+00
1.251433034574463399e+01
1.215301555949299761e+01
6.863662517577697741e+00
1.230916348999737586e+01
9.640875829802336483e+00
1.509668435477122017e+01
9.965574970333758387e+00
5.863230142835038627e+00
9.373021315815206478e+00
6.863662517577697741e+00
1.386575534383213970e+01
6.383076486422923246e+00
6.863662517577697741e+00
8.740387444736633427e+00
1.122723095552866468e+01
7.312732791431452384e+00
9.373021315815206478e+00
1.330339418036568588e+01
7.225151993843566878e+00
1.320733953636073110e+01
1.009253008808064145e+01
7.046725639945927711e+00
7.653039857325811823e+00
