4.370193722368316713e+00
1.431752655671925822e+01
1.381976597885341995e+01
1.058513485680245481e+01
1.599753570059363028e+01
7.978845608028653835e+00
1.769793569896924623e+01
9.772050238058398008e+00
1.009253008808064145e+01
9.236181543108379799e+00
7.399277020331918919e+00
4.513516668382050234e+00
4.513516668382050234e+00
1.236077446474206631e+01
1.599753570059363028e+01
1.555363345008750464e+01
1.178062436274634450e+01
3.908820095223359381e+00
1.726088217525477830e+01
1.172646028567007725e+01
1.543035303761632804e+01
1.296408962885714899e+01
1.117038385124011413e+01
1.339876023397903637e+01
1.354055000514615159e+01
1.522266721510391640e+01
9.965574970333758387e+00
1.276615297284584649e+01
7.136496464611084889e+00
1.381976597885341995e+01
1.479855404066383784e+01
1.070474469691662733e+01
8.740387444736633427e+00
1.236077446474206631e+01
7.484820637019110379e+00
1.117038385124011413e+01
1.058513485680245481e+01
1.543035303761632804e+01
9.373021315815206478e+00
8.667244841319218907e+00
1.445030398768713376e+01
1.296408962885714899e+01
1.291488987023529766e+01
1.547155565579009817e+01
1.134007028277388685e+01
1.194164264288369282e+01
1.225733520300188317e+01
1.058513485680245481e+01
7.225151993843566878e+00
1.236077446474206631e+01
1.349345229721172146e+01
8.058239062071395509e+00
1.505445578434700415e+01
1.330339418036568588e+01
1.117038385124011413e+01
1.040314189572019821e+01
9.373021315815206478e+00
1.046415791390898242e+01
9.965574970333758387e+00
1.128379167095512514e+01
1.431752655671925822e+01
1.320733953636073110e+01
1.236077446474206631e+01
1.139607097042601680e+01
1.311058116710494836e+01
7.136496464611084889e+00
1.325545386523797831e+01
1.236077446474206631e+01
3.908820095223359381e+00
1.156244577056221523e+01
1.161737456321036532e+01
1.052482020710848865e+01
1.145179781116143225e+01
1.052482020710848865e+01
1.559451034962034477e+01
6.383076486422923246e+00
1.440618081907316395e+01
1.440618081907316395e+01
1.639065416446577927e+01
1.325545386523797831e+01
1.236077446474206631e+01
8.740387444736633427e+00
9.507891862878782518e+00
1.440618081907316395e+01
9.166995688475081394e+00
1.046415791390898242e+01
9.965574970333758387e+00
1.117038385124011413e+01
7.046725639945927711e+00
1.631278838364701755e+01
1.453814859003845150e+01
9.373021315815206478e+00
1.286550196516137312e+01
1.354055000514615159e+01
1.344618962205996482e+01
1.161737456321036532e+01
1.688803298257900920e+01
9.772050238058398008e+00
9.373021315815206478e+00
1.475547227809780537e+01
2.985410660720923204e+00
6.955796338302048021e+00
1.301310337505149661e+01
1.513879513212096128e+01
7.653039857325811823e+00
1.178062436274634450e+01
7.399277020331918919e+00
