7.312732791431452384e+00
1.404820733880128181e+01
1.058513485680245481e+01
1.246335526484300615e+01
6.282549314314217703e+00
1.496964127403822076e+01
8.136857890256438353e+00
1.642944866646030988e+01
8.884866446580955923e+00
1.070474469691662733e+01
9.373021315815206478e+00
8.136857890256438353e+00
8.136857890256438353e+00
8.593479713983121826e+00
1.178062436274634450e+01
1.575695754970980111e+01
1.458187244392064308e+01
8.136857890256438353e+00
1.117038385124011413e+01
1.575695754970980111e+01
1.178062436274634450e+01
1.488434347843123184e+01
1.246335526484300615e+01
1.117038385124011413e+01
1.236077446474206631e+01
1.354055000514615159e+01
1.479855404066383784e+01
9.965574970333758387e+00
7.898654169668588132e+00
1.199483507827737583e+01
8.136857890256438353e+00
1.256509862862843541e+01
1.427299292922216978e+01
1.070474469691662733e+01
8.740387444736633427e+00
1.178062436274634450e+01
8.740387444736633427e+00
1.134007028277388685e+01
7.225151993843566878e+00
6.383076486422923246e+00
1.595769121605730811e+00
1.058513485680245481e+01
1.363425735166143049e+01
9.507891862878782518e+00
8.740387444736633427e+00
1.372732503515539548e+01
1.271618740744904485e+01
1.422831991532699902e+01
1.225733520300188317e+01
1.128379167095512514e+01
6.863662517577697741e+00
1.178062436274634450e+01
1.178062436274634450e+01
8.740387444736633427e+00
1.058513485680245481e+01
1.236077446474206631e+01
1.311058116710494836e+01
8.740387444736633427e+00
1.436192209445157708e+01
1.246335526484300615e+01
1.117038385124011413e+01
9.965574970333758387e+00
9.373021315815206478e+00
1.058513485680245481e+01
9.965574970333758387e+00
1.058513485680245481e+01
1.325545386523797831e+01
1.291488987023529766e+01
7.898654169668588132e+00
1.199483507827737583e+01
1.058513485680245481e+01
1.105581278308273596e+01
7.484820637019110379e+00
8.593479713983121826e+00
1.261566261010080048e+01
8.136857890256438353e+00
1.178062436274634450e+01
1.178062436274634450e+01
1.134007028277388685e+01
9.965574970333758387e+00
1.117038385124011413e+01
8.740387444736633427e+00
1.058513485680245481e+01
1.431752655671925822e+01
1.301310337505149661e+01
1.339876023397903637e+01
8.136857890256438353e+00
1.496964127403822076e+01
5.292567428401227403e+00
1.291488987023529766e+01
1.145179781116143225e+01
9.507891862878782518e+00
9.373021315815206478e+00
1.281592373849173683e+01
8.136857890256438353e+00
9.772050238058398008e+00
9.965574970333758387e+00
9.965574970333758387e+00
1.117038385124011413e+01
7.399277020331918919e+00
9.097283682934460103e+00
1.484151074652385738e+01
1.330339418036568588e+01
9.373021315815206478e+00
1.256509862862843541e+01
1.236077446474206631e+01
6.076507779746498805e+00
1.251433034574463399e+01
9.836981518731869656e+00
1.526443044094783019e+01
9.965574970333758387e+00
3.742410318509555189e+00
9.373021315815206478e+00
6.675581178124545545e+00
1.409345127989185542e+01
5.753627391751591880e+00
6.955796338302048021e+00
8.740387444736633427e+00
1.161737456321036532e+01
6.863662517577697741e+00
9.373021315815206478e+00
1.358748446131948917e+01
6.955796338302048021e+00
1.330339418036568588e+01
1.052482020710848865e+01
6.482044814428574497e+00
7.569397566060480642e+00
