7.046725639945927711e+00
1.427299292922216978e+01
1.306193320280393344e+01
1.058513485680245481e+01
1.559451034962034477e+01
8.136857890256438353e+00
1.711271735549580697e+01
9.574614729634383536e+00
1.040314189572019821e+01
9.373021315815206478e+00
7.898654169668588132e+00
7.136496464611084889e+00
7.136496464611084889e+00
1.194164264288369282e+01
1.591774699517169012e+01
1.488434347843123184e+01
1.150725478350318376e+01
6.955796338302048021e+00
1.646815177937675045e+01
1.178062436274634450e+01
1.522266721510391640e+01
1.286550196516137312e+01
1.117038385124011413e+01
1.291488987023529766e+01
1.354055000514615159e+01
1.496964127403822076e+01
9.965574970333758387e+00
1.225733520300188317e+01
5.753627391751591880e+00
7.898654169668588132e+00
1.311058116710494836e+01
1.453814859003845150e+01
1.070474469691662733e+01
8.740387444736633427e+00
1.194164264288369282e+01
8.291859587312051971e+00
1.117038385124011413e+01
5.046265044040320724e+00
1.058513485680245481e+01
1.513879513212096128e+01
9.373021315815206478e+00
9.166995688475081394e+00
1.413855043925722121e+01
1.291488987023529766e+01
1.261566261010080048e+01
1.462546558286290477e+01
1.156244577056221523e+01
3.385137501286537898e+00
1.178062436274634450e+01
1.183454054540639433e+01
1.058513485680245481e+01
8.291859587312051971e+00
1.236077446474206631e+01
1.335116235624909109e+01
8.444016491289504600e+00
1.479855404066383784e+01
1.286550196516137312e+01
1.117038385124011413e+01
9.965574970333758387e+00
9.373021315815206478e+00
1.058513485680245481e+01
9.965574970333758387e+00
1.070474469691662733e+01
1.372732503515539548e+01
1.311058116710494836e+01
6.383076486422923246e+00
1.220528683538465842e+01
1.058513485680245481e+01
1.178062436274634450e+01
8.136857890256438353e+00
5.641895835477562571e+00
1.286550196516137312e+01
6.955796338302048021e+00
1.204779266504070279e+01
1.178062436274634450e+01
1.156244577056221523e+01
1.034176589165282145e+01
1.117038385124011413e+01
1.058513485680245481e+01
8.136857890256438353e+00
1.484151074652385738e+01
1.368087033328175828e+01
1.391159267660409604e+01
1.551264883747923129e+01
6.383076486422923246e+00
1.320733953636073110e+01
1.225733520300188317e+01
9.236181543108379799e+00
9.373021315815206478e+00
1.368087033328175828e+01
9.373021315815206478e+00
1.034176589165282145e+01
6.675581178124545545e+00
9.965574970333758387e+00
1.117038385124011413e+01
5.527906391541367981e+00
8.136857890256438353e+00
1.563528038089343752e+01
1.413855043925722121e+01
9.373021315815206478e+00
1.276615297284584649e+01
1.306193320280393344e+01
1.315904928495908166e+01
1.070474469691662733e+01
1.607692842495848140e+01
9.901487006738307173e+00
9.507891862878782518e+00
1.453814859003845150e+01
6.076507779746498805e+00
8.136857890256438353e+00
1.230916348999737586e+01
8.812923024107547576e+00
2.763953195770683990e+00
1.431752655671925822e+01
4.370193722368316713e+00
1.122723095552866468e+01
5.292567428401227403e+00
7.399277020331918919e+00
