1.509668435477122017e+01
1.436192209445157708e+01
1.070474469691662733e+01
1.685029431422315938e+01
1.908262324195121096e+01
7.484820637019110379e+00
1.009253008808064145e+01
9.373021315815206478e+00
9.373021315815206478e+00
1.236077446474206631e+01
1.599753570059363028e+01
1.599753570059363028e+01
1.261566261010080048e+01
1.791246396432553922e+01
1.150725478350318376e+01
1.642944866646030988e+01
1.372732503515539548e+01
1.117038385124011413e+01
1.418350619798065715e+01
1.354055000514615159e+01
1.603728119216292924e+01
9.373021315815206478e+00
1.325545386523797831e+01
1.418350619798065715e+01
1.492705330360461602e+01
1.046415791390898242e+01
6.180387232371033157e+00
1.281592373849173683e+01
1.070474469691662733e+01
1.052482020710848865e+01
1.692568750643268771e+01
1.002925341359354938e+01
1.534761596392107741e+01
6.863662517577697741e+00
1.276615297284584649e+01
1.320733953636073110e+01
1.658371917462410394e+01
1.139607097042601680e+01
1.199483507827737583e+01
1.330339418036568588e+01
1.052482020710848865e+01
1.230916348999737586e+01
1.325545386523797831e+01
1.547155565579009817e+01
1.475547227809780537e+01
1.094004191971426110e+01
1.117038385124011413e+01
9.027033336764100468e+00
1.070474469691662733e+01
9.166995688475081394e+00
1.134007028277388685e+01
1.471226436021925466e+01
1.315904928495908166e+01
1.261566261010080048e+01
1.409345127989185542e+01
1.167204486311898926e+01
1.445030398768713376e+01
1.251433034574463399e+01
1.122723095552866468e+01
1.156244577056221523e+01
1.178062436274634450e+01
1.150725478350318376e+01
1.015541250385961369e+01
1.635176762293251684e+01
1.534761596392107741e+01
1.458187244392064308e+01
1.773387063078969206e+01
1.377362305878664728e+01
1.266602473693425601e+01
1.484151074652385738e+01
1.954410047611679691e+00
9.027033336764100468e+00
1.002925341359354938e+01
5.970821321441846408e+00
9.901487006738307173e+00
1.220528683538465842e+01
1.755346033766304004e+01
1.571650316319191809e+01
1.306193320280393344e+01
9.027033336764100468e+00
1.363425735166143049e+01
1.894870844187845549e+01
1.368087033328175828e+01
1.199483507827737583e+01
9.097283682934460103e+00
7.399277020331918919e+00
1.488434347843123184e+01
1.311058116710494836e+01
1.642944866646030988e+01
1.386575534383213970e+01
