5.970821321441846408e+00
1.427299292922216978e+01
1.354055000514615159e+01
1.058513485680245481e+01
1.587770228520368221e+01
8.136857890256438353e+00
1.748077488947326685e+01
9.640875829802336483e+00
1.021790793990058255e+01
9.304852983362556174e+00
7.312732791431452384e+00
5.753627391751591880e+00
5.753627391751591880e+00
1.215301555949299761e+01
1.595769121605730767e+01
1.534761596392107741e+01
1.178062436274634450e+01
5.641895835477562571e+00
1.718695942796624365e+01
1.178062436274634450e+01
1.538904010394216471e+01
1.286550196516137312e+01
1.117038385124011413e+01
1.315904928495908166e+01
1.354055000514615159e+01
1.513879513212096128e+01
9.965574970333758387e+00
1.271618740744904485e+01
7.225151993843566878e+00
1.372732503515539548e+01
1.479855404066383784e+01
1.070474469691662733e+01
8.956231982162769611e+00
1.236077446474206631e+01
7.735777827895049086e+00
1.117038385124011413e+01
1.058513485680245481e+01
1.543035303761632804e+01
9.373021315815206478e+00
8.812923024107547576e+00
1.440618081907316395e+01
1.296408962885714899e+01
1.301310337505149661e+01
1.518078909665319287e+01
1.145179781116143225e+01
1.199483507827737583e+01
1.220528683538465842e+01
1.058513485680245481e+01
7.569397566060480642e+00
1.236077446474206631e+01
1.344618962205996482e+01
8.444016491289504600e+00
1.501210842680413826e+01
1.315904928495908166e+01
1.117038385124011413e+01
1.009253008808064145e+01
9.373021315815206478e+00
1.058513485680245481e+01
9.965574970333758387e+00
1.105581278308273596e+01
1.427299292922216978e+01
1.311058116710494836e+01
1.236077446474206631e+01
4.513516668382050234e+00
1.105581278308273596e+01
1.291488987023529766e+01
7.399277020331918919e+00
1.315904928495908166e+01
1.210051848659980855e+01
5.753627391751591880e+00
1.178062436274634450e+01
1.156244577056221523e+01
1.040314189572019821e+01
1.117038385124011413e+01
1.058513485680245481e+01
1.526443044094783019e+01
6.863662517577697741e+00
1.404820733880128181e+01
1.431752655671925822e+01
1.595769121605730767e+01
4.513516668382050234e+00
1.315904928495908166e+01
1.236077446474206631e+01
9.097283682934460103e+00
9.373021315815206478e+00
1.404820733880128181e+01
9.166995688475081394e+00
1.058513485680245481e+01
4.370193722368316713e+00
9.965574970333758387e+00
1.117038385124011413e+01
7.399277020331918919e+00
1.619528777809902209e+01
1.436192209445157708e+01
9.373021315815206478e+00
1.286550196516137312e+01
1.335116235624909109e+01
1.344618962205996482e+01
1.150725478350318376e+01
1.658371917462410394e+01
9.836981518731869656e+00
9.440697438826296306e+00
1.471226436021925466e+01
5.170882945826410726e+00
7.569397566060480642e+00
1.301310337505149661e+01
1.492705330360461602e+01
7.978845608028653835e+00
1.178062436274634450e+01
7.569397566060480642e+00
