1.256509862862843541e+01
1.330339418036568588e+01
1.058513485680245481e+01
1.188821220645068522e+01
8.136857890256438353e+00
3.191538243211461623e+00
8.444016491289504600e+00
1.413855043925722121e+01
1.534761596392107741e+01
8.812923024107547576e+00
1.064510777218481152e+01
9.507891862878782518e+00
8.740387444736633427e+00
8.740387444736633427e+00
9.373021315815206478e+00
1.178062436274634450e+01
1.518078909665319287e+01
1.325545386523797831e+01
8.136857890256438353e+00
1.058513485680245481e+01
3.568248232305542444e+00
1.453814859003845150e+01
1.178062436274634450e+01
1.422831991532699902e+01
1.076405121554611632e+01
6.675581178124545545e+00
1.058513485680245481e+01
7.046725639945927711e+00
1.320733953636073110e+01
1.021790793990058255e+01
1.404820733880128181e+01
9.507891862878782518e+00
9.640875829802336483e+00
9.965574970333758387e+00
7.978845608028653835e+00
4.513516668382050234e+00
6.282549314314217703e+00
1.344618962205996482e+01
1.172646028567007725e+01
5.753627391751591880e+00
1.117038385124011413e+01
9.027033336764100468e+00
7.399277020331918919e+00
1.117038385124011413e+01
8.368283871884004910e+00
8.136857890256438353e+00
1.099807968464679142e+01
7.817640190446718762e+00
1.028002345391383443e+01
1.009253008808064145e+01
1.117038385124011413e+01
9.507891862878782518e+00
3.385137501286537898e+00
9.027033336764100468e+00
1.281592373849173683e+01
3.568248232305542444e+00
1.220528683538465842e+01
1.082303275961201905e+01
1.178062436274634450e+01
1.009253008808064145e+01
7.817640190446718762e+00
1.094004191971426110e+01
1.167204486311898926e+01
9.304852983362556174e+00
7.978845608028653835e+00
1.058513485680245481e+01
1.139607097042601680e+01
6.076507779746498805e+00
1.230916348999737586e+01
5.753627391751591880e+00
8.740387444736633427e+00
7.312732791431452384e+00
3.568248232305542444e+00
1.325545386523797831e+01
1.117038385124011413e+01
1.178062436274634450e+01
1.058513485680245481e+01
9.965574970333758387e+00
9.373021315815206478e+00
1.058513485680245481e+01
9.965574970333758387e+00
1.058513485680245481e+01
1.082303275961201905e+01
1.178062436274634450e+01
5.970821321441846408e+00
8.444016491289504600e+00
1.070474469691662733e+01
7.978845608028653835e+00
6.955796338302048021e+00
1.034176589165282145e+01
1.058513485680245481e+01
8.740387444736633427e+00
1.134007028277388685e+01
8.740387444736633427e+00
6.180387232371033157e+00
1.117038385124011413e+01
1.150725478350318376e+01
6.383076486422923246e+00
9.640875829802336483e+00
1.002925341359354938e+01
6.955796338302048021e+00
9.640875829802336483e+00
8.740387444736633427e+00
9.836981518731869656e+00
1.156244577056221523e+01
1.261566261010080048e+01
1.286550196516137312e+01
6.863662517577697741e+00
8.214724333230154940e+00
1.339876023397903637e+01
6.076507779746498805e+00
7.978845608028653835e+00
1.188821220645068522e+01
5.170882945826410726e+00
1.040314189572019821e+01
9.373021315815206478e+00
9.373021315815206478e+00
8.740387444736633427e+00
9.965574970333758387e+00
1.088169461344923583e+01
9.965574970333758387e+00
9.640875829802336483e+00
1.058513485680245481e+01
8.740387444736633427e+00
9.373021315815206478e+00
1.377362305878664728e+01
1.178062436274634450e+01
9.507891862878782518e+00
1.210051848659980855e+01
7.569397566060480642e+00
1.064510777218481152e+01
9.236181543108379799e+00
1.156244577056221523e+01
1.418350619798065715e+01
7.978845608028653835e+00
1.002925341359354938e+01
9.373021315815206478e+00
7.569397566060480642e+00
1.291488987023529766e+01
7.569397566060480642e+00
7.569397566060480642e+00
8.740387444736633427e+00
1.099807968464679142e+01
8.136857890256438353e+00
9.373021315815206478e+00
6.675581178124545545e+00
7.653039857325811823e+00
1.225733520300188317e+01
1.210051848659980855e+01
1.009253008808064145e+01
7.569397566060480642e+00
8.136857890256438353e+00
5.970821321441846408e+00
