7.653039857325811823e+00
1.404820733880128181e+01
1.058513485680245481e+01
1.236077446474206631e+01
6.955796338302048021e+00
1.484151074652385738e+01
8.136857890256438353e+00
1.639065416446577927e+01
8.740387444736633427e+00
1.094004191971426110e+01
9.373021315815206478e+00
8.136857890256438353e+00
8.136857890256438353e+00
8.740387444736633427e+00
1.178062436274634450e+01
1.575695754970980111e+01
1.453814859003845150e+01
8.368283871884004910e+00
1.117038385124011413e+01
1.571650316319191809e+01
1.178062436274634450e+01
1.475547227809780537e+01
1.225733520300188317e+01
1.117038385124011413e+01
1.215301555949299761e+01
1.354055000514615159e+01
1.479855404066383784e+01
8.368283871884004910e+00
9.965574970333758387e+00
1.194164264288369282e+01
8.444016491289504600e+00
1.246335526484300615e+01
1.422831991532699902e+01
1.082303275961201905e+01
8.740387444736633427e+00
1.178062436274634450e+01
5.170882945826410726e+00
8.740387444736633427e+00
1.139607097042601680e+01
7.735777827895049086e+00
7.046725639945927711e+00
1.058513485680245481e+01
1.306193320280393344e+01
9.507891862878782518e+00
8.740387444736633427e+00
1.354055000514615159e+01
1.266602473693425601e+01
1.409345127989185542e+01
1.225733520300188317e+01
1.117038385124011413e+01
7.225151993843566878e+00
1.178062436274634450e+01
1.178062436274634450e+01
8.740387444736633427e+00
1.058513485680245481e+01
1.225733520300188317e+01
1.276615297284584649e+01
8.740387444736633427e+00
4.918490759365934828e+00
1.422831991532699902e+01
1.236077446474206631e+01
1.117038385124011413e+01
9.965574970333758387e+00
9.373021315815206478e+00
1.058513485680245481e+01
9.965574970333758387e+00
1.058513485680245481e+01
1.311058116710494836e+01
1.281592373849173683e+01
8.136857890256438353e+00
1.178062436274634450e+01
1.058513485680245481e+01
1.088169461344923583e+01
7.817640190446718762e+00
8.740387444736633427e+00
3.908820095223359381e+00
1.256509862862843541e+01
8.136857890256438353e+00
1.167204486311898926e+01
1.178062436274634450e+01
1.099807968464679142e+01
9.965574970333758387e+00
1.117038385124011413e+01
8.812923024107547576e+00
1.058513485680245481e+01
1.409345127989185542e+01
1.281592373849173683e+01
1.330339418036568588e+01
8.136857890256438353e+00
1.479855404066383784e+01
6.180387232371033157e+00
1.281592373849173683e+01
1.105581278308273596e+01
9.507891862878782518e+00
9.373021315815206478e+00
1.266602473693425601e+01
8.291859587312051971e+00
9.772050238058398008e+00
9.965574970333758387e+00
9.965574970333758387e+00
1.117038385124011413e+01
7.978845608028653835e+00
9.373021315815206478e+00
1.471226436021925466e+01
1.251433034574463399e+01
9.373021315815206478e+00
1.246335526484300615e+01
1.220528683538465842e+01
6.770275002573075795e+00
1.241217083805063837e+01
9.640875829802336483e+00
1.518078909665319287e+01
9.965574970333758387e+00
5.292567428401227403e+00
9.373021315815206478e+00
6.863662517577697741e+00
1.400281721259029588e+01
6.383076486422923246e+00
6.863662517577697741e+00
8.740387444736633427e+00
1.134007028277388685e+01
7.046725639945927711e+00
9.373021315815206478e+00
1.330339418036568588e+01
7.046725639945927711e+00
1.320733953636073110e+01
1.021790793990058255e+01
7.046725639945927711e+00
7.569397566060480642e+00
