7.399277020331918919e+00
1.409345127989185542e+01
1.058513485680245481e+01
1.256509862862843541e+01
6.180387232371033157e+00
1.496964127403822076e+01
8.136857890256438353e+00
1.650676414605009157e+01
8.884866446580955923e+00
1.064510777218481152e+01
9.373021315815206478e+00
8.136857890256438353e+00
8.058239062071395509e+00
8.519075891779829490e+00
1.178062436274634450e+01
1.575695754970980111e+01
1.466892917224166482e+01
8.136857890256438353e+00
1.117038385124011413e+01
1.595769121605730767e+01
1.178062436274634450e+01
1.492705330360461602e+01
1.251433034574463399e+01
1.117038385124011413e+01
1.241217083805063837e+01
1.354055000514615159e+01
1.479855404066383784e+01
1.009253008808064145e+01
7.817640190446718762e+00
1.199483507827737583e+01
8.136857890256438353e+00
1.261566261010080048e+01
1.427299292922216978e+01
1.070474469691662733e+01
8.740387444736633427e+00
1.178062436274634450e+01
8.740387444736633427e+00
1.134007028277388685e+01
7.225151993843566878e+00
6.383076486422923246e+00
1.058513485680245481e+01
1.381976597885341995e+01
9.507891862878782518e+00
8.740387444736633427e+00
1.377362305878664728e+01
1.276615297284584649e+01
1.236077446474206631e+01
1.431752655671925822e+01
1.128379167095512514e+01
6.770275002573075795e+00
1.178062436274634450e+01
1.178062436274634450e+01
8.740387444736633427e+00
1.058513485680245481e+01
1.236077446474206631e+01
1.320733953636073110e+01
8.667244841319218907e+00
1.445030398768713376e+01
1.256509862862843541e+01
1.117038385124011413e+01
9.965574970333758387e+00
9.373021315815206478e+00
1.058513485680245481e+01
9.965574970333758387e+00
1.058513485680245481e+01
1.344618962205996482e+01
1.301310337505149661e+01
7.569397566060480642e+00
1.204779266504070279e+01
1.058513485680245481e+01
1.111324596323282954e+01
7.312732791431452384e+00
8.444016491289504600e+00
1.261566261010080048e+01
8.136857890256438353e+00
1.178062436274634450e+01
1.178062436274634450e+01
1.139607097042601680e+01
9.965574970333758387e+00
1.117038385124011413e+01
8.593479713983121826e+00
1.058513485680245481e+01
1.431752655671925822e+01
1.306193320280393344e+01
1.344618962205996482e+01
8.058239062071395509e+00
1.509668435477122017e+01
5.046265044040320724e+00
1.291488987023529766e+01
1.150725478350318376e+01
9.507891862878782518e+00
9.373021315815206478e+00
1.281592373849173683e+01
8.136857890256438353e+00
9.772050238058398008e+00
9.965574970333758387e+00
9.965574970333758387e+00
1.117038385124011413e+01
7.225151993843566878e+00
8.956231982162769611e+00
1.488434347843123184e+01
1.349345229721172146e+01
9.373021315815206478e+00
1.256509862862843541e+01
1.236077446474206631e+01
5.863230142835038627e+00
1.251433034574463399e+01
9.965574970333758387e+00
1.538904010394216471e+01
9.965574970333758387e+00
9.373021315815206478e+00
6.282549314314217703e+00
1.409345127989185542e+01
6.955796338302048021e+00
5.411516379806009525e+00
8.667244841319218907e+00
1.167204486311898926e+01
6.675581178124545545e+00
9.373021315815206478e+00
1.368087033328175828e+01
6.675581178124545545e+00
1.330339418036568588e+01
1.052482020710848865e+01
6.383076486422923246e+00
7.569397566060480642e+00
