7.225151993843566878e+00
1.413855043925722121e+01
1.058513485680245481e+01
1.266602473693425601e+01
5.753627391751591880e+00
1.501210842680413826e+01
8.136857890256438353e+00
1.662206308517478703e+01
8.884866446580955923e+00
1.058513485680245481e+01
9.373021315815206478e+00
8.136857890256438353e+00
7.898654169668588132e+00
8.214724333230154940e+00
1.178062436274634450e+01
1.575695754970980111e+01
1.475547227809780537e+01
8.136857890256438353e+00
1.117038385124011413e+01
1.603728119216292924e+01
1.178062436274634450e+01
1.492705330360461602e+01
1.256509862862843541e+01
1.117038385124011413e+01
1.251433034574463399e+01
1.354055000514615159e+01
1.484151074652385738e+01
1.002925341359354938e+01
7.399277020331918919e+00
1.204779266504070279e+01
8.136857890256438353e+00
1.266602473693425601e+01
1.427299292922216978e+01
1.070474469691662733e+01
8.740387444736633427e+00
1.178062436274634450e+01
8.740387444736633427e+00
1.134007028277388685e+01
5.527906391541367981e+00
6.955796338302048021e+00
1.058513485680245481e+01
1.413855043925722121e+01
9.574614729634383536e+00
8.740387444736633427e+00
1.386575534383213970e+01
1.276615297284584649e+01
1.246335526484300615e+01
1.440618081907316395e+01
1.150725478350318376e+01
6.282549314314217703e+00
1.178062436274634450e+01
1.178062436274634450e+01
8.740387444736633427e+00
1.058513485680245481e+01
1.236077446474206631e+01
1.325545386523797831e+01
8.593479713983121826e+00
1.445030398768713376e+01
1.261566261010080048e+01
1.117038385124011413e+01
9.965574970333758387e+00
9.373021315815206478e+00
1.058513485680245481e+01
9.965574970333758387e+00
1.058513485680245481e+01
1.358748446131948917e+01
1.301310337505149661e+01
7.399277020331918919e+00
1.210051848659980855e+01
1.058513485680245481e+01
1.122723095552866468e+01
7.046725639945927711e+00
8.444016491289504600e+00
1.266602473693425601e+01
8.136857890256438353e+00
1.178062436274634450e+01
1.178062436274634450e+01
1.145179781116143225e+01
1.009253008808064145e+01
1.117038385124011413e+01
1.058513485680245481e+01
8.444016491289504600e+00
1.440618081907316395e+01
1.311058116710494836e+01
1.368087033328175828e+01
7.569397566060480642e+00
1.522266721510391640e+01
3.568248232305542444e+00
1.306193320280393344e+01
1.161737456321036532e+01
9.373021315815206478e+00
9.373021315815206478e+00
1.296408962885714899e+01
8.136857890256438353e+00
9.507891862878782518e+00
1.009253008808064145e+01
9.965574970333758387e+00
1.117038385124011413e+01
6.955796338302048021e+00
8.812923024107547576e+00
1.488434347843123184e+01
1.381976597885341995e+01
9.373021315815206478e+00
1.251433034574463399e+01
1.236077446474206631e+01
5.170882945826410726e+00
1.276615297284584649e+01
9.965574970333758387e+00
1.547155565579009817e+01
9.965574970333758387e+00
9.373021315815206478e+00
1.409345127989185542e+01
5.753627391751591880e+00
6.863662517577697741e+00
4.513516668382050234e+00
8.444016491289504600e+00
1.178062436274634450e+01
6.180387232371033157e+00
9.373021315815206478e+00
1.391159267660409604e+01
6.076507779746498805e+00
1.335116235624909109e+01
1.070474469691662733e+01
6.383076486422923246e+00
7.569397566060480642e+00
