6.482044814428574497e+00
1.427299292922216978e+01
1.325545386523797831e+01
1.058513485680245481e+01
1.583755632390385770e+01
8.136857890256438353e+00
1.722396045987370883e+01
9.507891862878782518e+00
1.034176589165282145e+01
9.373021315815206478e+00
7.653039857325811823e+00
6.579524642479540830e+00
6.863662517577697741e+00
1.204779266504070279e+01
1.591774699517169012e+01
1.509668435477122017e+01
1.167204486311898926e+01
6.282549314314217703e+00
1.685029431422315938e+01
1.178062436274634450e+01
1.530607971465162365e+01
1.286550196516137312e+01
1.117038385124011413e+01
1.291488987023529766e+01
1.354055000514615159e+01
1.501210842680413826e+01
9.965574970333758387e+00
1.230916348999737586e+01
3.568248232305542444e+00
7.569397566060480642e+00
1.335116235624909109e+01
1.462546558286290477e+01
1.070474469691662733e+01
8.812923024107547576e+00
1.215301555949299761e+01
8.058239062071395509e+00
1.117038385124011413e+01
1.058513485680245481e+01
2.763953195770683990e+00
1.530607971465162365e+01
9.373021315815206478e+00
9.097283682934460103e+00
1.431752655671925822e+01
1.296408962885714899e+01
1.271618740744904485e+01
1.488434347843123184e+01
1.156244577056221523e+01
1.194164264288369282e+01
1.210051848659980855e+01
1.058513485680245481e+01
7.978845608028653835e+00
1.236077446474206631e+01
8.519075891779829490e+00
1.339876023397903637e+01
1.488434347843123184e+01
1.286550196516137312e+01
1.117038385124011413e+01
1.009253008808064145e+01
9.373021315815206478e+00
1.058513485680245481e+01
9.965574970333758387e+00
1.088169461344923583e+01
1.391159267660409604e+01
1.311058116710494836e+01
5.753627391751591880e+00
1.225733520300188317e+01
1.058513485680245481e+01
1.210051848659980855e+01
7.898654169668588132e+00
1.286550196516137312e+01
3.908820095223359381e+00
6.482044814428574497e+00
1.204779266504070279e+01
1.178062436274634450e+01
1.156244577056221523e+01
1.040314189572019821e+01
1.117038385124011413e+01
1.058513485680245481e+01
7.484820637019110379e+00
1.496964127403822076e+01
1.386575534383213970e+01
1.404820733880128181e+01
1.571650316319191809e+01
5.641895835477562571e+00
1.315904928495908166e+01
1.230916348999737586e+01
9.166995688475081394e+00
9.373021315815206478e+00
1.381976597885341995e+01
9.166995688475081394e+00
1.052482020710848865e+01
6.076507779746498805e+00
9.965574970333758387e+00
1.117038385124011413e+01
3.742410318509555189e+00
7.898654169668588132e+00
1.595769121605730767e+01
1.427299292922216978e+01
9.373021315815206478e+00
1.291488987023529766e+01
1.325545386523797831e+01
1.339876023397903637e+01
1.094004191971426110e+01
1.623454913941802857e+01
9.836981518731869656e+00
9.507891862878782518e+00
1.466892917224166482e+01
5.753627391751591880e+00
8.058239062071395509e+00
1.276615297284584649e+01
8.444016491289504600e+00
1.471226436021925466e+01
1.150725478350318376e+01
4.513516668382050234e+00
7.225151993843566878e+00
