7.569397566060480642e+00
1.404820733880128181e+01
1.058513485680245481e+01
1.236077446474206631e+01
6.770275002573075795e+00
1.488434347843123184e+01
8.136857890256438353e+00
1.642944866646030988e+01
8.812923024107547576e+00
1.094004191971426110e+01
9.373021315815206478e+00
8.136857890256438353e+00
8.136857890256438353e+00
8.740387444736633427e+00
1.178062436274634450e+01
1.575695754970980111e+01
1.453814859003845150e+01
8.291859587312051971e+00
1.117038385124011413e+01
1.571650316319191809e+01
1.178062436274634450e+01
1.479855404066383784e+01
1.236077446474206631e+01
1.117038385124011413e+01
1.225733520300188317e+01
1.354055000514615159e+01
1.479855404066383784e+01
9.965574970333758387e+00
8.136857890256438353e+00
1.194164264288369282e+01
8.291859587312051971e+00
1.256509862862843541e+01
1.422831991532699902e+01
1.082303275961201905e+01
8.740387444736633427e+00
1.178062436274634450e+01
4.652426491681278087e+00
8.740387444736633427e+00
1.134007028277388685e+01
7.569397566060480642e+00
6.863662517577697741e+00
1.058513485680245481e+01
1.325545386523797831e+01
9.507891862878782518e+00
8.740387444736633427e+00
1.354055000514615159e+01
1.266602473693425601e+01
1.418350619798065715e+01
1.225733520300188317e+01
1.117038385124011413e+01
6.863662517577697741e+00
1.178062436274634450e+01
1.178062436274634450e+01
8.740387444736633427e+00
1.058513485680245481e+01
1.230916348999737586e+01
1.281592373849173683e+01
8.740387444736633427e+00
4.222008245644752300e+00
1.431752655671925822e+01
1.236077446474206631e+01
1.117038385124011413e+01
9.965574970333758387e+00
9.373021315815206478e+00
1.058513485680245481e+01
9.965574970333758387e+00
1.058513485680245481e+01
1.315904928495908166e+01
1.281592373849173683e+01
7.978845608028653835e+00
1.178062436274634450e+01
1.058513485680245481e+01
1.088169461344923583e+01
7.653039857325811823e+00
8.667244841319218907e+00
2.985410660720923204e+00
1.256509862862843541e+01
8.136857890256438353e+00
1.178062436274634450e+01
1.178062436274634450e+01
1.105581278308273596e+01
9.965574970333758387e+00
1.117038385124011413e+01
8.740387444736633427e+00
1.058513485680245481e+01
1.418350619798065715e+01
1.286550196516137312e+01
1.330339418036568588e+01
8.136857890256438353e+00
1.484151074652385738e+01
5.970821321441846408e+00
1.281592373849173683e+01
1.117038385124011413e+01
9.507891862878782518e+00
9.373021315815206478e+00
1.276615297284584649e+01
8.136857890256438353e+00
9.772050238058398008e+00
9.965574970333758387e+00
9.965574970333758387e+00
1.117038385124011413e+01
7.735777827895049086e+00
9.236181543108379799e+00
1.471226436021925466e+01
1.286550196516137312e+01
9.373021315815206478e+00
1.251433034574463399e+01
1.230916348999737586e+01
6.579524642479540830e+00
1.251433034574463399e+01
9.640875829802336483e+00
1.526443044094783019e+01
9.965574970333758387e+00
4.787307364817191768e+00
9.373021315815206478e+00
6.863662517577697741e+00
1.400281721259029588e+01
6.282549314314217703e+00
6.863662517577697741e+00
8.740387444736633427e+00
1.150725478350318376e+01
6.863662517577697741e+00
9.373021315815206478e+00
1.330339418036568588e+01
6.955796338302048021e+00
1.330339418036568588e+01
1.028002345391383443e+01
7.046725639945927711e+00
7.569397566060480642e+00
