1.296408962885714899e+01
1.363425735166143049e+01
1.058513485680245481e+01
1.236077446474206631e+01
7.484820637019110379e+00
1.466892917224166482e+01
8.136857890256438353e+00
1.611647812414279102e+01
8.740387444736633427e+00
1.082303275961201905e+01
9.373021315815206478e+00
8.136857890256438353e+00
8.444016491289504600e+00
9.166995688475081394e+00
1.178062436274634450e+01
1.559451034962034477e+01
1.395727947504383337e+01
8.368283871884004910e+00
1.117038385124011413e+01
1.534761596392107741e+01
1.178062436274634450e+01
1.466892917224166482e+01
1.210051848659980855e+01
1.094004191971426110e+01
3.385137501286537898e+00
1.358748446131948917e+01
1.167204486311898926e+01
4.513516668382050234e+00
1.462546558286290477e+01
8.884866446580955923e+00
9.901487006738307173e+00
1.105581278308273596e+01
8.136857890256438353e+00
1.225733520300188317e+01
1.409345127989185542e+01
1.105581278308273596e+01
8.812923024107547576e+00
1.145179781116143225e+01
6.675581178124545545e+00
8.740387444736633427e+00
1.139607097042601680e+01
8.136857890256438353e+00
7.484820637019110379e+00
1.058513485680245481e+01
1.009253008808064145e+01
1.236077446474206631e+01
9.640875829802336483e+00
8.812923024107547576e+00
1.335116235624909109e+01
1.246335526484300615e+01
1.377362305878664728e+01
1.215301555949299761e+01
1.117038385124011413e+01
7.569397566060480642e+00
1.167204486311898926e+01
1.178062436274634450e+01
9.027033336764100468e+00
1.058513485680245481e+01
1.215301555949299761e+01
1.256509862862843541e+01
8.740387444736633427e+00
6.282549314314217703e+00
1.418350619798065715e+01
1.225733520300188317e+01
1.088169461344923583e+01
9.965574970333758387e+00
9.373021315815206478e+00
1.058513485680245481e+01
9.965574970333758387e+00
1.058513485680245481e+01
1.271618740744904485e+01
1.236077446474206631e+01
8.136857890256438353e+00
1.161737456321036532e+01
8.214724333230154940e+00
1.058513485680245481e+01
1.070474469691662733e+01
8.740387444736633427e+00
6.180387232371033157e+00
1.225733520300188317e+01
8.593479713983121826e+00
1.134007028277388685e+01
1.178062436274634450e+01
1.058513485680245481e+01
9.965574970333758387e+00
1.046415791390898242e+01
8.812923024107547576e+00
1.052482020710848865e+01
1.372732503515539548e+01
1.236077446474206631e+01
1.306193320280393344e+01
5.527906391541367981e+00
8.136857890256438353e+00
1.427299292922216978e+01
7.136496464611084889e+00
4.068428945128219176e+00
1.271618740744904485e+01
1.070474469691662733e+01
9.507891862878782518e+00
9.373021315815206478e+00
1.188821220645068522e+01
8.667244841319218907e+00
9.901487006738307173e+00
9.965574970333758387e+00
9.965574970333758387e+00
1.117038385124011413e+01
8.136857890256438353e+00
9.373021315815206478e+00
1.431752655671925822e+01
1.220528683538465842e+01
9.373021315815206478e+00
1.236077446474206631e+01
1.194164264288369282e+01
7.312732791431452384e+00
1.220528683538465842e+01
9.373021315815206478e+00
1.471226436021925466e+01
6.579524642479540830e+00
9.965574970333758387e+00
9.373021315815206478e+00
6.955796338302048021e+00
1.377362305878664728e+01
6.770275002573075795e+00
6.955796338302048021e+00
8.740387444736633427e+00
1.117038385124011413e+01
7.653039857325811823e+00
9.373021315815206478e+00
1.296408962885714899e+01
3.568248232305542444e+00
7.225151993843566878e+00
1.306193320280393344e+01
9.965574970333758387e+00
7.399277020331918919e+00
7.653039857325811823e+00
