7.136496464611084889e+00
1.413855043925722121e+01
1.058513485680245481e+01
1.271618740744904485e+01
5.292567428401227403e+00
1.518078909665319287e+01
8.136857890256438353e+00
1.669848676668040710e+01
8.884866446580955923e+00
1.058513485680245481e+01
9.373021315815206478e+00
8.136857890256438353e+00
7.735777827895049086e+00
7.978845608028653835e+00
1.178062436274634450e+01
1.575695754970980111e+01
1.475547227809780537e+01
8.058239062071395509e+00
1.117038385124011413e+01
1.619528777809902209e+01
1.178062436274634450e+01
1.492705330360461602e+01
1.256509862862843541e+01
1.117038385124011413e+01
1.256509862862843541e+01
1.354055000514615159e+01
1.484151074652385738e+01
9.965574970333758387e+00
7.225151993843566878e+00
1.204779266504070279e+01
8.058239062071395509e+00
1.271618740744904485e+01
1.427299292922216978e+01
1.070474469691662733e+01
8.740387444736633427e+00
1.178062436274634450e+01
8.740387444736633427e+00
1.122723095552866468e+01
5.046265044040320724e+00
6.863662517577697741e+00
1.058513485680245481e+01
1.431752655671925822e+01
9.507891862878782518e+00
8.812923024107547576e+00
1.386575534383213970e+01
1.276615297284584649e+01
1.256509862862843541e+01
1.440618081907316395e+01
1.145179781116143225e+01
5.970821321441846408e+00
1.178062436274634450e+01
1.178062436274634450e+01
8.740387444736633427e+00
1.058513485680245481e+01
1.236077446474206631e+01
1.325545386523797831e+01
8.519075891779829490e+00
1.445030398768713376e+01
1.266602473693425601e+01
1.117038385124011413e+01
9.965574970333758387e+00
9.373021315815206478e+00
1.058513485680245481e+01
9.965574970333758387e+00
1.058513485680245481e+01
1.363425735166143049e+01
1.301310337505149661e+01
7.225151993843566878e+00
1.215301555949299761e+01
1.058513485680245481e+01
1.122723095552866468e+01
6.955796338302048021e+00
8.214724333230154940e+00
1.271618740744904485e+01
7.978845608028653835e+00
1.178062436274634450e+01
1.178062436274634450e+01
1.150725478350318376e+01
1.015541250385961369e+01
1.117038385124011413e+01
1.058513485680245481e+01
8.444016491289504600e+00
1.453814859003845150e+01
1.311058116710494836e+01
1.377362305878664728e+01
7.484820637019110379e+00
1.522266721510391640e+01
1.306193320280393344e+01
1.199483507827737583e+01
9.373021315815206478e+00
9.373021315815206478e+00
1.306193320280393344e+01
8.136857890256438353e+00
9.373021315815206478e+00
1.009253008808064145e+01
9.965574970333758387e+00
1.117038385124011413e+01
6.955796338302048021e+00
8.812923024107547576e+00
1.492705330360461602e+01
1.381976597885341995e+01
9.373021315815206478e+00
1.256509862862843541e+01
1.251433034574463399e+01
4.652426491681278087e+00
1.276615297284584649e+01
1.009253008808064145e+01
1.559451034962034477e+01
9.965574970333758387e+00
9.373021315815206478e+00
1.413855043925722121e+01
5.641895835477562571e+00
6.863662517577697741e+00
4.222008245644752300e+00
8.444016491289504600e+00
1.178062436274634450e+01
5.863230142835038627e+00
9.373021315815206478e+00
1.409345127989185542e+01
6.076507779746498805e+00
1.335116235624909109e+01
1.070474469691662733e+01
6.383076486422923246e+00
7.569397566060480642e+00
