7.735777827895049086e+00
1.404820733880128181e+01
1.058513485680245481e+01
1.236077446474206631e+01
7.046725639945927711e+00
1.475547227809780537e+01
8.136857890256438353e+00
1.627371578051287671e+01
8.740387444736633427e+00
1.094004191971426110e+01
9.373021315815206478e+00
8.136857890256438353e+00
8.136857890256438353e+00
8.812923024107547576e+00
1.178062436274634450e+01
1.559451034962034477e+01
1.449429283826230197e+01
8.444016491289504600e+00
1.117038385124011413e+01
1.567594437773643001e+01
1.178062436274634450e+01
1.466892917224166482e+01
1.225733520300188317e+01
1.117038385124011413e+01
1.354055000514615159e+01
1.210051848659980855e+01
1.471226436021925466e+01
8.444016491289504600e+00
9.965574970333758387e+00
1.178062436274634450e+01
8.444016491289504600e+00
1.230916348999737586e+01
1.422831991532699902e+01
1.088169461344923583e+01
8.740387444736633427e+00
1.161737456321036532e+01
5.863230142835038627e+00
8.740387444736633427e+00
1.139607097042601680e+01
7.978845608028653835e+00
7.225151993843566878e+00
1.058513485680245481e+01
1.241217083805063837e+01
9.574614729634383536e+00
8.740387444736633427e+00
1.354055000514615159e+01
1.256509862862843541e+01
1.386575534383213970e+01
1.225733520300188317e+01
1.117038385124011413e+01
7.225151993843566878e+00
1.167204486311898926e+01
1.178062436274634450e+01
9.027033336764100468e+00
1.058513485680245481e+01
1.215301555949299761e+01
1.271618740744904485e+01
8.740387444736633427e+00
5.863230142835038627e+00
1.422831991532699902e+01
1.236077446474206631e+01
1.105581278308273596e+01
9.965574970333758387e+00
9.373021315815206478e+00
1.058513485680245481e+01
9.965574970333758387e+00
1.058513485680245481e+01
1.296408962885714899e+01
1.266602473693425601e+01
8.136857890256438353e+00
1.167204486311898926e+01
1.058513485680245481e+01
1.076405121554611632e+01
7.817640190446718762e+00
8.740387444736633427e+00
5.292567428401227403e+00
1.236077446474206631e+01
8.444016491289504600e+00
1.156244577056221523e+01
1.178062436274634450e+01
1.070474469691662733e+01
9.965574970333758387e+00
1.088169461344923583e+01
8.884866446580955923e+00
1.046415791390898242e+01
1.404820733880128181e+01
1.256509862862843541e+01
1.325545386523797831e+01
8.136857890256438353e+00
1.462546558286290477e+01
3.908820095223359381e+00
6.770275002573075795e+00
1.271618740744904485e+01
1.094004191971426110e+01
9.507891862878782518e+00
9.373021315815206478e+00
1.256509862862843541e+01
8.593479713983121826e+00
9.836981518731869656e+00
9.965574970333758387e+00
9.965574970333758387e+00
1.117038385124011413e+01
8.136857890256438353e+00
9.373021315815206478e+00
1.453814859003845150e+01
1.236077446474206631e+01
9.373021315815206478e+00
1.246335526484300615e+01
1.215301555949299761e+01
7.046725639945927711e+00
1.230916348999737586e+01
9.640875829802336483e+00
1.501210842680413826e+01
9.965574970333758387e+00
6.180387232371033157e+00
9.373021315815206478e+00
7.136496464611084889e+00
1.386575534383213970e+01
6.383076486422923246e+00
6.863662517577697741e+00
8.740387444736633427e+00
1.117038385124011413e+01
7.399277020331918919e+00
9.373021315815206478e+00
1.311058116710494836e+01
7.225151993843566878e+00
1.315904928495908166e+01
1.002925341359354938e+01
7.046725639945927711e+00
7.653039857325811823e+00
