1.484151074652385738e+01
1.427299292922216978e+01
1.058513485680245481e+01
1.669848676668040710e+01
7.569397566060480642e+00
1.857546544836034741e+01
1.034176589165282145e+01
9.901487006738307173e+00
8.956231982162769611e+00
6.180387232371033157e+00
1.236077446474206631e+01
1.599753570059363028e+01
1.595769121605730767e+01
1.246335526484300615e+01
1.762584604821509515e+01
1.145179781116143225e+01
1.611647812414279102e+01
1.358748446131948917e+01
1.117038385124011413e+01
1.386575534383213970e+01
1.354055000514615159e+01
1.547155565579009817e+01
9.772050238058398008e+00
1.306193320280393344e+01
1.409345127989185542e+01
1.484151074652385738e+01
1.064510777218481152e+01
7.817640190446718762e+00
1.241217083805063837e+01
1.076405121554611632e+01
5.292567428401227403e+00
1.058513485680245481e+01
1.639065416446577927e+01
9.507891862878782518e+00
8.136857890256438353e+00
1.484151074652385738e+01
1.281592373849173683e+01
1.306193320280393344e+01
1.623454913941802857e+01
1.134007028277388685e+01
1.194164264288369282e+01
1.306193320280393344e+01
1.058513485680245481e+01
1.236077446474206631e+01
1.335116235624909109e+01
5.753627391751591880e+00
1.543035303761632804e+01
1.400281721259029588e+01
1.076405121554611632e+01
1.117038385124011413e+01
9.373021315815206478e+00
1.088169461344923583e+01
9.706684619910241452e+00
1.150725478350318376e+01
1.462546558286290477e+01
1.315904928495908166e+01
1.236077446474206631e+01
1.395727947504383337e+01
1.172646028567007725e+01
1.395727947504383337e+01
1.251433034574463399e+01
1.145179781116143225e+01
1.178062436274634450e+01
1.156244577056221523e+01
1.156244577056221523e+01
1.058513485680245481e+01
1.607692842495848140e+01
1.509668435477122017e+01
1.440618081907316395e+01
1.707547527140466670e+01
1.368087033328175828e+01
1.281592373849173683e+01
7.225151993843566878e+00
1.488434347843123184e+01
9.373021315815206478e+00
7.898654169668588132e+00
1.009253008808064145e+01
9.965574970333758387e+00
1.139607097042601680e+01
1.700074635581867355e+01
1.551264883747923129e+01
9.304852983362556174e+00
1.286550196516137312e+01
1.368087033328175828e+01
1.843786751347043307e+01
1.372732503515539548e+01
1.194164264288369282e+01
9.373021315815206478e+00
8.740387444736633427e+00
1.484151074652385738e+01
1.320733953636073110e+01
1.611647812414279102e+01
1.311058116710494836e+01
4.222008245644752300e+00
3.742410318509555189e+00
