5.292567428401227403e+00
1.427299292922216978e+01
1.363425735166143049e+01
1.058513485680245481e+01
1.595769121605730767e+01
8.058239062071395509e+00
1.755346033766304004e+01
9.706684619910241452e+00
1.021790793990058255e+01
9.236181543108379799e+00
7.399277020331918919e+00
5.641895835477562571e+00
5.753627391751591880e+00
1.215301555949299761e+01
1.599753570059363028e+01
1.543035303761632804e+01
1.178062436274634450e+01
5.046265044040320724e+00
1.722396045987370883e+01
1.178062436274634450e+01
1.543035303761632804e+01
1.286550196516137312e+01
1.117038385124011413e+01
1.335116235624909109e+01
1.354055000514615159e+01
1.513879513212096128e+01
9.965574970333758387e+00
1.271618740744904485e+01
7.225151993843566878e+00
1.368087033328175828e+01
1.479855404066383784e+01
1.070474469691662733e+01
8.884866446580955923e+00
1.236077446474206631e+01
7.569397566060480642e+00
1.117038385124011413e+01
1.058513485680245481e+01
1.543035303761632804e+01
9.373021315815206478e+00
8.740387444736633427e+00
1.440618081907316395e+01
1.296408962885714899e+01
1.296408962885714899e+01
1.518078909665319287e+01
1.145179781116143225e+01
1.204779266504070279e+01
1.220528683538465842e+01
1.058513485680245481e+01
7.484820637019110379e+00
1.236077446474206631e+01
1.349345229721172146e+01
8.136857890256438353e+00
1.505445578434700415e+01
1.325545386523797831e+01
1.117038385124011413e+01
1.028002345391383443e+01
9.373021315815206478e+00
1.058513485680245481e+01
9.965574970333758387e+00
1.105581278308273596e+01
1.431752655671925822e+01
1.311058116710494836e+01
1.236077446474206631e+01
4.222008245644752300e+00
1.117038385124011413e+01
1.291488987023529766e+01
7.312732791431452384e+00
1.320733953636073110e+01
1.215301555949299761e+01
5.292567428401227403e+00
1.178062436274634450e+01
1.156244577056221523e+01
1.046415791390898242e+01
1.117038385124011413e+01
1.058513485680245481e+01
1.543035303761632804e+01
6.482044814428574497e+00
1.413855043925722121e+01
1.431752655671925822e+01
1.599753570059363028e+01
4.068428945128219176e+00
1.325545386523797831e+01
1.236077446474206631e+01
8.884866446580955923e+00
9.373021315815206478e+00
1.413855043925722121e+01
9.166995688475081394e+00
1.058513485680245481e+01
3.908820095223359381e+00
9.965574970333758387e+00
1.117038385124011413e+01
7.399277020331918919e+00
1.615593100600235843e+01
1.445030398768713376e+01
9.373021315815206478e+00
1.286550196516137312e+01
1.339876023397903637e+01
1.344618962205996482e+01
1.156244577056221523e+01
1.666031874701878124e+01
9.836981518731869656e+00
9.373021315815206478e+00
1.475547227809780537e+01
4.787307364817191768e+00
7.312732791431452384e+00
1.301310337505149661e+01
1.492705330360461602e+01
7.898654169668588132e+00
1.178062436274634450e+01
7.569397566060480642e+00
