7.225151993843566878e+00
1.404820733880128181e+01
1.058513485680245481e+01
1.236077446474206631e+01
6.675581178124545545e+00
1.488434347843123184e+01
8.136857890256438353e+00
1.642944866646030988e+01
8.884866446580955923e+00
1.088169461344923583e+01
9.373021315815206478e+00
8.136857890256438353e+00
8.136857890256438353e+00
8.740387444736633427e+00
1.178062436274634450e+01
1.575695754970980111e+01
1.458187244392064308e+01
8.136857890256438353e+00
1.117038385124011413e+01
1.575695754970980111e+01
1.178062436274634450e+01
1.484151074652385738e+01
1.246335526484300615e+01
1.117038385124011413e+01
1.225733520300188317e+01
1.354055000514615159e+01
1.479855404066383784e+01
9.965574970333758387e+00
7.978845608028653835e+00
1.204779266504070279e+01
8.291859587312051971e+00
1.256509862862843541e+01
1.427299292922216978e+01
1.082303275961201905e+01
8.740387444736633427e+00
1.178062436274634450e+01
8.740387444736633427e+00
1.134007028277388685e+01
3.908820095223359381e+00
7.484820637019110379e+00
6.482044814428574497e+00
1.058513485680245481e+01
1.349345229721172146e+01
9.507891862878782518e+00
8.740387444736633427e+00
1.368087033328175828e+01
1.271618740744904485e+01
1.418350619798065715e+01
1.225733520300188317e+01
1.117038385124011413e+01
6.863662517577697741e+00
1.178062436274634450e+01
1.178062436274634450e+01
8.740387444736633427e+00
1.058513485680245481e+01
1.236077446474206631e+01
1.301310337505149661e+01
8.740387444736633427e+00
3.568248232305542444e+00
1.431752655671925822e+01
1.236077446474206631e+01
1.117038385124011413e+01
9.965574970333758387e+00
9.373021315815206478e+00
1.058513485680245481e+01
9.965574970333758387e+00
1.058513485680245481e+01
1.315904928495908166e+01
1.286550196516137312e+01
7.898654169668588132e+00
1.194164264288369282e+01
1.058513485680245481e+01
1.105581278308273596e+01
7.484820637019110379e+00
8.593479713983121826e+00
1.261566261010080048e+01
8.136857890256438353e+00
1.178062436274634450e+01
1.178062436274634450e+01
1.128379167095512514e+01
9.965574970333758387e+00
1.117038385124011413e+01
8.740387444736633427e+00
1.058513485680245481e+01
1.422831991532699902e+01
1.286550196516137312e+01
1.335116235624909109e+01
8.136857890256438353e+00
1.488434347843123184e+01
5.641895835477562571e+00
1.286550196516137312e+01
1.122723095552866468e+01
9.507891862878782518e+00
9.373021315815206478e+00
1.276615297284584649e+01
8.136857890256438353e+00
9.772050238058398008e+00
9.965574970333758387e+00
9.965574970333758387e+00
1.117038385124011413e+01
7.653039857325811823e+00
9.166995688475081394e+00
1.471226436021925466e+01
1.315904928495908166e+01
9.373021315815206478e+00
1.256509862862843541e+01
1.236077446474206631e+01
6.076507779746498805e+00
1.251433034574463399e+01
9.706684619910241452e+00
1.526443044094783019e+01
9.965574970333758387e+00
4.222008245644752300e+00
9.373021315815206478e+00
6.863662517577697741e+00
1.404820733880128181e+01
6.076507779746498805e+00
6.955796338302048021e+00
8.740387444736633427e+00
1.156244577056221523e+01
6.863662517577697741e+00
9.373021315815206478e+00
1.339876023397903637e+01
6.955796338302048021e+00
1.330339418036568588e+01
1.040314189572019821e+01
6.863662517577697741e+00
7.569397566060480642e+00
