1.395727947504383337e+01
1.058513485680245481e+01
1.236077446474206631e+01
7.312732791431452384e+00
1.475547227809780537e+01
8.136857890256438353e+00
1.623454913941802857e+01
8.740387444736633427e+00
1.094004191971426110e+01
9.373021315815206478e+00
8.136857890256438353e+00
8.214724333230154940e+00
9.027033336764100468e+00
1.178062436274634450e+01
1.559451034962034477e+01
1.422831991532699902e+01
8.593479713983121826e+00
1.117038385124011413e+01
1.563528038089343752e+01
1.178062436274634450e+01
1.466892917224166482e+01
1.220528683538465842e+01
1.105581278308273596e+01
1.354055000514615159e+01
1.204779266504070279e+01
1.466892917224166482e+01
8.812923024107547576e+00
9.965574970333758387e+00
1.156244577056221523e+01
8.368283871884004910e+00
1.230916348999737586e+01
1.409345127989185542e+01
1.099807968464679142e+01
8.740387444736633427e+00
1.156244577056221523e+01
6.076507779746498805e+00
8.740387444736633427e+00
1.139607097042601680e+01
7.978845608028653835e+00
7.312732791431452384e+00
1.058513485680245481e+01
1.236077446474206631e+01
9.574614729634383536e+00
8.740387444736633427e+00
1.344618962205996482e+01
1.256509862862843541e+01
1.386575534383213970e+01
1.225733520300188317e+01
1.117038385124011413e+01
7.225151993843566878e+00
1.167204486311898926e+01
1.178062436274634450e+01
9.027033336764100468e+00
1.058513485680245481e+01
1.215301555949299761e+01
1.266602473693425601e+01
8.740387444736633427e+00
6.180387232371033157e+00
1.422831991532699902e+01
1.236077446474206631e+01
1.099807968464679142e+01
9.965574970333758387e+00
9.373021315815206478e+00
1.058513485680245481e+01
9.965574970333758387e+00
1.058513485680245481e+01
1.281592373849173683e+01
1.261566261010080048e+01
8.136857890256438353e+00
1.167204486311898926e+01
8.136857890256438353e+00
1.058513485680245481e+01
1.070474469691662733e+01
8.740387444736633427e+00
5.411516379806009525e+00
1.236077446474206631e+01
8.444016491289504600e+00
1.156244577056221523e+01
1.178062436274634450e+01
1.058513485680245481e+01
9.965574970333758387e+00
1.076405121554611632e+01
8.956231982162769611e+00
1.052482020710848865e+01
1.400281721259029588e+01
1.256509862862843541e+01
1.315904928495908166e+01
4.513516668382050234e+00
8.136857890256438353e+00
1.449429283826230197e+01
6.955796338302048021e+00
1.271618740744904485e+01
1.088169461344923583e+01
9.507891862878782518e+00
9.373021315815206478e+00
1.236077446474206631e+01
8.593479713983121826e+00
9.836981518731869656e+00
9.965574970333758387e+00
9.965574970333758387e+00
1.117038385124011413e+01
8.136857890256438353e+00
9.373021315815206478e+00
1.440618081907316395e+01
1.236077446474206631e+01
9.373021315815206478e+00
1.246335526484300615e+01
1.199483507827737583e+01
7.225151993843566878e+00
1.225733520300188317e+01
9.640875829802336483e+00
1.492705330360461602e+01
9.965574970333758387e+00
6.180387232371033157e+00
9.373021315815206478e+00
7.225151993843566878e+00
1.381976597885341995e+01
6.675581178124545545e+00
6.863662517577697741e+00
8.740387444736633427e+00
1.117038385124011413e+01
7.399277020331918919e+00
9.440697438826296306e+00
1.311058116710494836e+01
7.225151993843566878e+00
1.306193320280393344e+01
9.965574970333758387e+00
7.046725639945927711e+00
7.653039857325811823e+00
