1.453814859003845150e+01
1.422831991532699902e+01
1.058513485680245481e+01
1.639065416446577927e+01
7.978845608028653835e+00
1.822952333923949553e+01
1.040314189572019821e+01
1.009253008808064145e+01
9.166995688475081394e+00
7.225151993843566878e+00
1.236077446474206631e+01
1.599753570059363028e+01
1.583755632390385770e+01
1.236077446474206631e+01
1.740778594902202769e+01
1.145179781116143225e+01
1.571650316319191809e+01
1.320733953636073110e+01
1.117038385124011413e+01
1.368087033328175828e+01
1.354055000514615159e+01
1.530607971465162365e+01
9.901487006738307173e+00
1.296408962885714899e+01
1.400281721259029588e+01
6.180387232371033157e+00
1.479855404066383784e+01
1.070474469691662733e+01
8.444016491289504600e+00
1.236077446474206631e+01
7.225151993843566878e+00
1.117038385124011413e+01
1.058513485680245481e+01
1.571650316319191809e+01
9.373021315815206478e+00
8.444016491289504600e+00
1.466892917224166482e+01
1.291488987023529766e+01
1.301310337505149661e+01
1.563528038089343752e+01
1.134007028277388685e+01
1.188821220645068522e+01
1.230916348999737586e+01
1.058513485680245481e+01
6.383076486422923246e+00
1.236077446474206631e+01
1.344618962205996482e+01
7.569397566060480642e+00
1.530607971465162365e+01
1.344618962205996482e+01
1.117038385124011413e+01
1.058513485680245481e+01
9.373021315815206478e+00
1.046415791390898242e+01
9.965574970333758387e+00
1.150725478350318376e+01
1.453814859003845150e+01
1.315904928495908166e+01
1.236077446474206631e+01
1.156244577056221523e+01
1.344618962205996482e+01
6.282549314314217703e+00
1.344618962205996482e+01
1.251433034574463399e+01
1.156244577056221523e+01
1.178062436274634450e+01
1.088169461344923583e+01
1.150725478350318376e+01
1.052482020710848865e+01
1.579730833933717626e+01
1.484151074652385738e+01
5.046265044040320724e+00
1.440618081907316395e+01
1.650676414605009157e+01
1.330339418036568588e+01
1.236077446474206631e+01
8.593479713983121826e+00
1.453814859003845150e+01
9.373021315815206478e+00
8.740387444736633427e+00
1.058513485680245481e+01
9.965574970333758387e+00
1.117038385124011413e+01
1.658371917462410394e+01
5.970821321441846408e+00
1.492705330360461602e+01
9.373021315815206478e+00
1.286550196516137312e+01
1.354055000514615159e+01
1.354055000514615159e+01
1.188821220645068522e+01
1.722396045987370883e+01
9.373021315815206478e+00
9.304852983362556174e+00
1.475547227809780537e+01
5.970821321441846408e+00
1.315904928495908166e+01
1.567594437773643001e+01
6.955796338302048021e+00
1.210051848659980855e+01
7.046725639945927711e+00
