1.286550196516137312e+01
1.363425735166143049e+01
1.058513485680245481e+01
1.215301555949299761e+01
7.978845608028653835e+00
1.458187244392064308e+01
8.136857890256438353e+00
1.583755632390385770e+01
8.740387444736633427e+00
1.082303275961201905e+01
9.373021315815206478e+00
8.136857890256438353e+00
8.593479713983121826e+00
9.373021315815206478e+00
1.178062436274634450e+01
1.559451034962034477e+01
1.372732503515539548e+01
8.444016491289504600e+00
1.094004191971426110e+01
1.505445578434700415e+01
1.178062436274634450e+01
1.471226436021925466e+01
1.161737456321036532e+01
1.076405121554611632e+01
5.292567428401227403e+00
5.863230142835038627e+00
1.354055000514615159e+01
1.099807968464679142e+01
1.445030398768713376e+01
4.918490759365934828e+00
9.373021315815206478e+00
9.640875829802336483e+00
1.058513485680245481e+01
8.136857890256438353e+00
4.222008245644752300e+00
1.215301555949299761e+01
1.395727947504383337e+01
1.117038385124011413e+01
9.027033336764100468e+00
6.955796338302048021e+00
1.117038385124011413e+01
1.139607097042601680e+01
8.444016491289504600e+00
8.136857890256438353e+00
7.569397566060480642e+00
1.058513485680245481e+01
1.002925341359354938e+01
1.194164264288369282e+01
9.640875829802336483e+00
8.956231982162769611e+00
1.330339418036568588e+01
1.251433034574463399e+01
1.354055000514615159e+01
1.225733520300188317e+01
1.099807968464679142e+01
7.735777827895049086e+00
1.167204486311898926e+01
1.178062436274634450e+01
9.236181543108379799e+00
1.058513485680245481e+01
1.210051848659980855e+01
1.236077446474206631e+01
8.884866446580955923e+00
7.046725639945927711e+00
1.404820733880128181e+01
1.204779266504070279e+01
1.070474469691662733e+01
9.965574970333758387e+00
9.373021315815206478e+00
1.058513485680245481e+01
9.965574970333758387e+00
1.058513485680245481e+01
1.271618740744904485e+01
1.215301555949299761e+01
8.136857890256438353e+00
1.128379167095512514e+01
8.136857890256438353e+00
1.058513485680245481e+01
1.058513485680245481e+01
8.740387444736633427e+00
6.482044814428574497e+00
1.204779266504070279e+01
8.740387444736633427e+00
1.117038385124011413e+01
1.178062436274634450e+01
2.523132522020160362e+00
1.034176589165282145e+01
4.222008245644752300e+00
9.965574970333758387e+00
5.046265044040320724e+00
9.965574970333758387e+00
8.667244841319218907e+00
1.028002345391383443e+01
1.335116235624909109e+01
1.225733520300188317e+01
1.296408962885714899e+01
6.282549314314217703e+00
8.136857890256438353e+00
1.395727947504383337e+01
7.312732791431452384e+00
5.641895835477562571e+00
1.595769121605730811e+00
1.266602473693425601e+01
1.070474469691662733e+01
9.507891862878782518e+00
9.373021315815206478e+00
8.812923024107547576e+00
9.965574970333758387e+00
1.128379167095512514e+01
9.965574970333758387e+00
9.965574970333758387e+00
1.099807968464679142e+01
8.136857890256438353e+00
9.373021315815206478e+00
1.418350619798065715e+01
1.188821220645068522e+01
9.373021315815206478e+00
1.236077446474206631e+01
1.156244577056221523e+01
7.225151993843566878e+00
1.199483507827737583e+01
9.373021315815206478e+00
2.985410660720923204e+00
1.436192209445157708e+01
7.225151993843566878e+00
9.965574970333758387e+00
9.373021315815206478e+00
7.225151993843566878e+00
1.363425735166143049e+01
7.046725639945927711e+00
7.136496464611084889e+00
8.740387444736633427e+00
1.117038385124011413e+01
8.058239062071395509e+00
9.373021315815206478e+00
1.281592373849173683e+01
5.046265044040320724e+00
7.399277020331918919e+00
1.291488987023529766e+01
9.965574970333758387e+00
7.569397566060480642e+00
7.817640190446718762e+00
