1.492705330360461602e+01
1.436192209445157708e+01
1.058513485680245481e+01
1.673656774376800982e+01
7.399277020331918919e+00
1.867799869518773193e+01
1.009253008808064145e+01
9.772050238058398008e+00
8.812923024107547576e+00
5.527906391541367981e+00
1.236077446474206631e+01
1.599753570059363028e+01
1.599753570059363028e+01
1.246335526484300615e+01
1.769793569896924623e+01
1.145179781116143225e+01
1.627371578051287671e+01
1.372732503515539548e+01
1.117038385124011413e+01
1.391159267660409604e+01
1.354055000514615159e+01
1.551264883747923129e+01
9.772050238058398008e+00
1.311058116710494836e+01
1.413855043925722121e+01
1.488434347843123184e+01
1.058513485680245481e+01
7.046725639945927711e+00
1.266602473693425601e+01
1.076405121554611632e+01
1.058513485680245481e+01
2.985410660720923204e+00
1.654528640181426269e+01
9.507891862878782518e+00
7.978845608028653835e+00
1.496964127403822076e+01
1.276615297284584649e+01
1.306193320280393344e+01
1.642944866646030988e+01
1.134007028277388685e+01
1.194164264288369282e+01
1.335116235624909109e+01
1.058513485680245481e+01
1.236077446474206631e+01
1.330339418036568588e+01
4.787307364817191768e+00
1.543035303761632804e+01
1.422831991532699902e+01
1.094004191971426110e+01
1.117038385124011413e+01
9.373021315815206478e+00
1.076405121554611632e+01
9.440697438826296306e+00
1.145179781116143225e+01
1.462546558286290477e+01
1.315904928495908166e+01
1.241217083805063837e+01
1.400281721259029588e+01
1.172646028567007725e+01
1.418350619798065715e+01
1.251433034574463399e+01
1.139607097042601680e+01
1.178062436274634450e+01
1.178062436274634450e+01
1.161737456321036532e+01
1.058513485680245481e+01
1.619528777809902209e+01
1.522266721510391640e+01
1.440618081907316395e+01
1.714987856615383066e+01
1.372732503515539548e+01
1.281592373849173683e+01
6.579524642479540830e+00
1.488434347843123184e+01
9.236181543108379799e+00
1.009253008808064145e+01
7.399277020331918919e+00
9.965574970333758387e+00
1.161737456321036532e+01
1.711271735549580697e+01
1.555363345008750464e+01
9.166995688475081394e+00
1.286550196516137312e+01
1.368087033328175828e+01
1.874604263163041296e+01
1.377362305878664728e+01
1.204779266504070279e+01
9.373021315815206478e+00
8.444016491289504600e+00
1.484151074652385738e+01
1.320733953636073110e+01
1.639065416446577927e+01
1.363425735166143049e+01
