1.505445578434700415e+01
1.436192209445157708e+01
1.070474469691662733e+01
1.673656774376800982e+01
1.881384047546846006e+01
7.312732791431452384e+00
1.009253008808064145e+01
9.574614729634383536e+00
8.956231982162769611e+00
4.222008245644752300e+00
1.236077446474206631e+01
1.599753570059363028e+01
1.599753570059363028e+01
1.256509862862843541e+01
1.784124116152771222e+01
1.145179781116143225e+01
1.635176762293251684e+01
1.377362305878664728e+01
1.117038385124011413e+01
1.409345127989185542e+01
1.354055000514615159e+01
1.567594437773643001e+01
9.574614729634383536e+00
1.315904928495908166e+01
1.418350619798065715e+01
1.488434347843123184e+01
1.058513485680245481e+01
6.770275002573075795e+00
1.281592373849173683e+01
1.070474469691662733e+01
1.058513485680245481e+01
1.673656774376800982e+01
1.009253008808064145e+01
7.484820637019110379e+00
1.518078909665319287e+01
1.276615297284584649e+01
1.306193320280393344e+01
1.650676414605009157e+01
1.134007028277388685e+01
1.194164264288369282e+01
1.335116235624909109e+01
1.058513485680245481e+01
1.236077446474206631e+01
1.325545386523797831e+01
1.543035303761632804e+01
1.466892917224166482e+01
1.094004191971426110e+01
1.117038385124011413e+01
9.166995688475081394e+00
1.070474469691662733e+01
9.304852983362556174e+00
1.145179781116143225e+01
1.466892917224166482e+01
1.315904928495908166e+01
1.256509862862843541e+01
1.400281721259029588e+01
1.172646028567007725e+01
1.445030398768713376e+01
1.251433034574463399e+01
1.122723095552866468e+01
1.167204486311898926e+01
1.172646028567007725e+01
1.161737456321036532e+01
1.058513485680245481e+01
1.635176762293251684e+01
1.526443044094783019e+01
1.440618081907316395e+01
1.740778594902202769e+01
1.372732503515539548e+01
1.271618740744904485e+01
5.753627391751591880e+00
1.484151074652385738e+01
9.236181543108379799e+00
1.009253008808064145e+01
6.863662517577697741e+00
9.965574970333758387e+00
1.167204486311898926e+01
1.726088217525477830e+01
1.563528038089343752e+01
9.097283682934460103e+00
1.286550196516137312e+01
1.363425735166143049e+01
1.884764794294265400e+01
1.372732503515539548e+01
1.204779266504070279e+01
9.097283682934460103e+00
8.136857890256438353e+00
1.484151074652385738e+01
1.311058116710494836e+01
1.642944866646030988e+01
1.372732503515539548e+01
