1.449429283826230197e+01
1.418350619798065715e+01
1.058513485680245481e+01
1.623454913941802857e+01
7.978845608028653835e+00
1.815954410458608237e+01
1.034176589165282145e+01
1.009253008808064145e+01
9.236181543108379799e+00
7.225151993843566878e+00
1.236077446474206631e+01
1.599753570059363028e+01
1.575695754970980111e+01
1.230916348999737586e+01
1.740778594902202769e+01
1.150725478350318376e+01
1.571650316319191809e+01
1.315904928495908166e+01
1.117038385124011413e+01
1.368087033328175828e+01
1.354055000514615159e+01
1.530607971465162365e+01
9.965574970333758387e+00
1.301310337505149661e+01
6.383076486422923246e+00
1.400281721259029588e+01
1.479855404066383784e+01
1.070474469691662733e+01
8.444016491289504600e+00
1.236077446474206631e+01
7.225151993843566878e+00
1.117038385124011413e+01
1.058513485680245481e+01
1.559451034962034477e+01
9.373021315815206478e+00
8.444016491289504600e+00
1.462546558286290477e+01
1.291488987023529766e+01
1.296408962885714899e+01
1.563528038089343752e+01
1.134007028277388685e+01
1.188821220645068522e+01
1.225733520300188317e+01
1.058513485680245481e+01
6.675581178124545545e+00
1.236077446474206631e+01
1.344618962205996482e+01
7.653039857325811823e+00
1.526443044094783019e+01
1.339876023397903637e+01
1.117038385124011413e+01
1.058513485680245481e+01
9.373021315815206478e+00
1.046415791390898242e+01
9.965574970333758387e+00
1.150725478350318376e+01
1.449429283826230197e+01
1.315904928495908166e+01
1.236077446474206631e+01
1.156244577056221523e+01
1.344618962205996482e+01
6.579524642479540830e+00
1.344618962205996482e+01
1.251433034574463399e+01
1.156244577056221523e+01
1.178062436274634450e+01
1.070474469691662733e+01
1.150725478350318376e+01
1.052482020710848865e+01
1.575695754970980111e+01
1.484151074652385738e+01
5.527906391541367981e+00
1.440618081907316395e+01
1.646815177937675045e+01
1.330339418036568588e+01
1.236077446474206631e+01
8.593479713983121826e+00
1.458187244392064308e+01
9.373021315815206478e+00
8.812923024107547576e+00
1.058513485680245481e+01
9.965574970333758387e+00
1.117038385124011413e+01
1.654528640181426269e+01
6.383076486422923246e+00
1.488434347843123184e+01
9.373021315815206478e+00
1.286550196516137312e+01
1.354055000514615159e+01
1.349345229721172146e+01
1.183454054540639433e+01
1.707547527140466670e+01
9.507891862878782518e+00
9.373021315815206478e+00
1.475547227809780537e+01
6.180387232371033157e+00
1.315904928495908166e+01
1.555363345008750464e+01
7.225151993843566878e+00
1.194164264288369282e+01
7.136496464611084889e+00
