7.399277020331918919e+00
1.413855043925722121e+01
1.058513485680245481e+01
1.261566261010080048e+01
5.970821321441846408e+00
1.501210842680413826e+01
8.136857890256438353e+00
1.654528640181426269e+01
8.884866446580955923e+00
1.058513485680245481e+01
9.373021315815206478e+00
8.136857890256438353e+00
7.978845608028653835e+00
8.291859587312051971e+00
1.178062436274634450e+01
1.575695754970980111e+01
1.475547227809780537e+01
8.136857890256438353e+00
1.117038385124011413e+01
1.603728119216292924e+01
1.178062436274634450e+01
1.492705330360461602e+01
1.256509862862843541e+01
1.117038385124011413e+01
1.246335526484300615e+01
1.354055000514615159e+01
1.479855404066383784e+01
1.009253008808064145e+01
7.484820637019110379e+00
1.204779266504070279e+01
8.136857890256438353e+00
1.266602473693425601e+01
1.427299292922216978e+01
1.070474469691662733e+01
8.740387444736633427e+00
1.178062436274634450e+01
8.740387444736633427e+00
1.134007028277388685e+01
7.046725639945927711e+00
6.282549314314217703e+00
1.058513485680245481e+01
1.413855043925722121e+01
9.574614729634383536e+00
8.740387444736633427e+00
1.377362305878664728e+01
1.276615297284584649e+01
1.246335526484300615e+01
1.440618081907316395e+01
1.139607097042601680e+01
6.383076486422923246e+00
1.178062436274634450e+01
1.178062436274634450e+01
8.740387444736633427e+00
1.058513485680245481e+01
1.236077446474206631e+01
1.320733953636073110e+01
8.593479713983121826e+00
1.445030398768713376e+01
1.256509862862843541e+01
1.117038385124011413e+01
9.965574970333758387e+00
9.373021315815206478e+00
1.058513485680245481e+01
9.965574970333758387e+00
1.058513485680245481e+01
1.358748446131948917e+01
1.301310337505149661e+01
7.569397566060480642e+00
1.204779266504070279e+01
1.058513485680245481e+01
1.111324596323282954e+01
7.225151993843566878e+00
8.444016491289504600e+00
1.266602473693425601e+01
8.136857890256438353e+00
1.178062436274634450e+01
1.178062436274634450e+01
1.150725478350318376e+01
1.002925341359354938e+01
1.117038385124011413e+01
8.593479713983121826e+00
1.058513485680245481e+01
1.436192209445157708e+01
1.306193320280393344e+01
1.349345229721172146e+01
7.735777827895049086e+00
1.522266721510391640e+01
4.370193722368316713e+00
1.291488987023529766e+01
1.161737456321036532e+01
9.373021315815206478e+00
9.373021315815206478e+00
1.281592373849173683e+01
8.136857890256438353e+00
9.574614729634383536e+00
1.009253008808064145e+01
9.965574970333758387e+00
1.117038385124011413e+01
7.046725639945927711e+00
8.812923024107547576e+00
1.488434347843123184e+01
1.372732503515539548e+01
9.373021315815206478e+00
1.256509862862843541e+01
1.236077446474206631e+01
5.641895835477562571e+00
1.271618740744904485e+01
9.965574970333758387e+00
1.538904010394216471e+01
9.965574970333758387e+00
9.373021315815206478e+00
1.409345127989185542e+01
5.970821321441846408e+00
6.955796338302048021e+00
5.170882945826410726e+00
8.593479713983121826e+00
1.167204486311898926e+01
6.383076486422923246e+00
9.373021315815206478e+00
1.391159267660409604e+01
6.383076486422923246e+00
1.330339418036568588e+01
1.058513485680245481e+01
6.383076486422923246e+00
7.569397566060480642e+00
