1.509668435477122017e+01
1.436192209445157708e+01
1.070474469691662733e+01
1.685029431422315938e+01
1.901578372575756504e+01
7.484820637019110379e+00
1.009253008808064145e+01
9.507891862878782518e+00
9.373021315815206478e+00
1.236077446474206631e+01
1.599753570059363028e+01
1.599753570059363028e+01
1.256509862862843541e+01
1.791246396432553922e+01
1.150725478350318376e+01
1.642944866646030988e+01
1.372732503515539548e+01
1.117038385124011413e+01
1.413855043925722121e+01
1.354055000514615159e+01
1.591774699517169012e+01
9.373021315815206478e+00
1.325545386523797831e+01
1.418350619798065715e+01
1.492705330360461602e+01
1.052482020710848865e+01
6.383076486422923246e+00
1.276615297284584649e+01
1.070474469691662733e+01
1.052482020710848865e+01
1.685029431422315938e+01
1.002925341359354938e+01
1.534761596392107741e+01
7.225151993843566878e+00
1.276615297284584649e+01
1.320733953636073110e+01
1.658371917462410394e+01
1.134007028277388685e+01
1.199483507827737583e+01
1.335116235624909109e+01
1.058513485680245481e+01
1.236077446474206631e+01
1.325545386523797831e+01
1.543035303761632804e+01
1.475547227809780537e+01
1.094004191971426110e+01
1.117038385124011413e+01
9.097283682934460103e+00
1.070474469691662733e+01
9.236181543108379799e+00
1.134007028277388685e+01
1.471226436021925466e+01
1.315904928495908166e+01
1.266602473693425601e+01
1.409345127989185542e+01
1.172646028567007725e+01
1.445030398768713376e+01
1.251433034574463399e+01
1.122723095552866468e+01
1.156244577056221523e+01
1.167204486311898926e+01
1.150725478350318376e+01
1.034176589165282145e+01
1.635176762293251684e+01
1.534761596392107741e+01
1.449429283826230197e+01
1.766192765414112031e+01
1.372732503515539548e+01
1.266602473693425601e+01
4.068428945128219176e+00
1.484151074652385738e+01
9.097283682934460103e+00
1.002925341359354938e+01
6.282549314314217703e+00
9.901487006738307173e+00
1.210051848659980855e+01
1.748077488947326685e+01
1.567594437773643001e+01
1.306193320280393344e+01
9.097283682934460103e+00
1.358748446131948917e+01
1.894870844187845549e+01
1.368087033328175828e+01
1.204779266504070279e+01
9.097283682934460103e+00
7.484820637019110379e+00
1.488434347843123184e+01
1.311058116710494836e+01
1.642944866646030988e+01
1.381976597885341995e+01
