6.383076486422923246e+00
1.427299292922216978e+01
1.335116235624909109e+01
1.058513485680245481e+01
1.587770228520368221e+01
8.136857890256438353e+00
1.722396045987370883e+01
9.574614729634383536e+00
1.034176589165282145e+01
9.373021315815206478e+00
7.484820637019110379e+00
6.076507779746498805e+00
6.482044814428574497e+00
1.204779266504070279e+01
1.591774699517169012e+01
1.522266721510391640e+01
1.167204486311898926e+01
5.753627391751591880e+00
1.696325844612841038e+01
1.178062436274634450e+01
1.530607971465162365e+01
1.286550196516137312e+01
1.117038385124011413e+01
1.291488987023529766e+01
1.354055000514615159e+01
1.505445578434700415e+01
9.965574970333758387e+00
1.256509862862843541e+01
7.484820637019110379e+00
1.358748446131948917e+01
1.471226436021925466e+01
1.070474469691662733e+01
8.956231982162769611e+00
1.236077446474206631e+01
7.978845608028653835e+00
1.117038385124011413e+01
1.058513485680245481e+01
1.538904010394216471e+01
9.373021315815206478e+00
8.956231982162769611e+00
1.431752655671925822e+01
1.296408962885714899e+01
1.276615297284584649e+01
1.505445578434700415e+01
1.150725478350318376e+01
1.194164264288369282e+01
1.210051848659980855e+01
1.058513485680245481e+01
7.817640190446718762e+00
1.236077446474206631e+01
1.339876023397903637e+01
8.444016491289504600e+00
1.492705330360461602e+01
1.301310337505149661e+01
1.117038385124011413e+01
1.009253008808064145e+01
9.373021315815206478e+00
1.058513485680245481e+01
9.965574970333758387e+00
1.094004191971426110e+01
1.395727947504383337e+01
1.311058116710494836e+01
5.753627391751591880e+00
1.225733520300188317e+01
1.070474469691662733e+01
1.236077446474206631e+01
7.653039857325811823e+00
1.296408962885714899e+01
2.763953195770683990e+00
1.210051848659980855e+01
6.076507779746498805e+00
1.178062436274634450e+01
1.156244577056221523e+01
1.040314189572019821e+01
1.117038385124011413e+01
1.058513485680245481e+01
7.484820637019110379e+00
1.496964127403822076e+01
1.386575534383213970e+01
1.409345127989185542e+01
1.579730833933717626e+01
5.411516379806009525e+00
1.315904928495908166e+01
1.236077446474206631e+01
9.097283682934460103e+00
9.373021315815206478e+00
1.381976597885341995e+01
9.166995688475081394e+00
1.058513485680245481e+01
5.641895835477562571e+00
9.965574970333758387e+00
1.117038385124011413e+01
7.817640190446718762e+00
1.603728119216292924e+01
1.431752655671925822e+01
9.373021315815206478e+00
1.286550196516137312e+01
1.325545386523797831e+01
1.339876023397903637e+01
1.122723095552866468e+01
1.631278838364701755e+01
9.836981518731869656e+00
9.507891862878782518e+00
1.466892917224166482e+01
5.411516379806009525e+00
7.898654169668588132e+00
1.296408962885714899e+01
1.475547227809780537e+01
8.214724333230154940e+00
1.161737456321036532e+01
3.568248232305542444e+00
7.046725639945927711e+00
