1.509668435477122017e+01
1.436192209445157708e+01
1.070474469691662733e+01
1.685029431422315938e+01
1.908262324195121096e+01
7.225151993843566878e+00
9.965574970333758387e+00
9.304852983362556174e+00
9.373021315815206478e+00
1.236077446474206631e+01
1.603728119216292924e+01
1.599753570059363028e+01
1.266602473693425601e+01
1.794796937867891984e+01
1.150725478350318376e+01
1.650676414605009157e+01
1.372732503515539548e+01
1.117038385124011413e+01
1.418350619798065715e+01
1.354055000514615159e+01
1.615593100600235843e+01
9.373021315815206478e+00
1.325545386523797831e+01
1.418350619798065715e+01
1.492705330360461602e+01
1.040314189572019821e+01
5.527906391541367981e+00
1.276615297284584649e+01
1.070474469691662733e+01
1.058513485680245481e+01
1.696325844612841038e+01
1.002925341359354938e+01
1.543035303761632804e+01
6.863662517577697741e+00
1.276615297284584649e+01
1.325545386523797831e+01
1.658371917462410394e+01
1.145179781116143225e+01
1.194164264288369282e+01
1.335116235624909109e+01
1.046415791390898242e+01
1.230916348999737586e+01
1.325545386523797831e+01
1.547155565579009817e+01
1.479855404066383784e+01
1.094004191971426110e+01
1.117038385124011413e+01
9.027033336764100468e+00
1.070474469691662733e+01
9.097283682934460103e+00
1.134007028277388685e+01
1.479855404066383784e+01
1.315904928495908166e+01
1.251433034574463399e+01
1.418350619798065715e+01
1.167204486311898926e+01
1.445030398768713376e+01
1.251433034574463399e+01
1.122723095552866468e+01
1.156244577056221523e+01
1.183454054540639433e+01
1.161737456321036532e+01
1.009253008808064145e+01
1.650676414605009157e+01
1.543035303761632804e+01
1.466892917224166482e+01
1.805406667352820094e+01
1.377362305878664728e+01
1.261566261010080048e+01
1.479855404066383784e+01
9.027033336764100468e+00
9.836981518731869656e+00
9.836981518731869656e+00
5.170882945826410726e+00
1.251433034574463399e+01
1.773387063078969206e+01
1.571650316319191809e+01
1.315904928495908166e+01
9.027033336764100468e+00
1.368087033328175828e+01
1.894870844187845549e+01
1.372732503515539548e+01
1.199483507827737583e+01
8.740387444736633427e+00
1.488434347843123184e+01
6.955796338302048021e+00
1.311058116710494836e+01
1.642944866646030988e+01
1.404820733880128181e+01
