6.863662517577697741e+00
1.427299292922216978e+01
1.315904928495908166e+01
1.058513485680245481e+01
1.563528038089343752e+01
8.136857890256438353e+00
1.711271735549580697e+01
9.574614729634383536e+00
1.040314189572019821e+01
9.373021315815206478e+00
7.735777827895049086e+00
6.863662517577697741e+00
6.863662517577697741e+00
1.194164264288369282e+01
1.591774699517169012e+01
1.492705330360461602e+01
1.150725478350318376e+01
6.955796338302048021e+00
1.654528640181426269e+01
1.178062436274634450e+01
1.522266721510391640e+01
1.286550196516137312e+01
1.117038385124011413e+01
1.291488987023529766e+01
1.354055000514615159e+01
1.496964127403822076e+01
9.965574970333758387e+00
1.225733520300188317e+01
5.170882945826410726e+00
7.817640190446718762e+00
1.320733953636073110e+01
1.462546558286290477e+01
1.070474469691662733e+01
8.740387444736633427e+00
1.204779266504070279e+01
8.291859587312051971e+00
1.117038385124011413e+01
1.058513485680245481e+01
4.652426491681278087e+00
1.513879513212096128e+01
9.373021315815206478e+00
9.097283682934460103e+00
1.418350619798065715e+01
1.296408962885714899e+01
1.266602473693425601e+01
1.471226436021925466e+01
1.156244577056221523e+01
1.178062436274634450e+01
1.194164264288369282e+01
1.058513485680245481e+01
8.291859587312051971e+00
1.236077446474206631e+01
1.335116235624909109e+01
8.444016491289504600e+00
1.479855404066383784e+01
1.286550196516137312e+01
1.117038385124011413e+01
9.965574970333758387e+00
9.373021315815206478e+00
1.058513485680245481e+01
9.965574970333758387e+00
1.070474469691662733e+01
1.372732503515539548e+01
1.306193320280393344e+01
6.180387232371033157e+00
1.220528683538465842e+01
1.058513485680245481e+01
1.194164264288369282e+01
8.058239062071395509e+00
5.046265044040320724e+00
1.286550196516137312e+01
6.955796338302048021e+00
1.199483507827737583e+01
1.178062436274634450e+01
1.156244577056221523e+01
1.034176589165282145e+01
1.117038385124011413e+01
1.058513485680245481e+01
8.136857890256438353e+00
1.488434347843123184e+01
1.377362305878664728e+01
1.395727947504383337e+01
1.551264883747923129e+01
6.383076486422923246e+00
1.320733953636073110e+01
1.225733520300188317e+01
9.166995688475081394e+00
9.373021315815206478e+00
1.372732503515539548e+01
9.373021315815206478e+00
1.040314189572019821e+01
6.482044814428574497e+00
9.965574970333758387e+00
1.117038385124011413e+01
4.918490759365934828e+00
8.136857890256438353e+00
1.575695754970980111e+01
1.418350619798065715e+01
9.373021315815206478e+00
1.291488987023529766e+01
1.311058116710494836e+01
1.325545386523797831e+01
1.082303275961201905e+01
1.607692842495848140e+01
9.836981518731869656e+00
9.507891862878782518e+00
1.458187244392064308e+01
5.970821321441846408e+00
8.136857890256438353e+00
1.236077446474206631e+01
8.812923024107547576e+00
1.431752655671925822e+01
3.908820095223359381e+00
1.139607097042601680e+01
5.170882945826410726e+00
7.312732791431452384e+00
