7.136496464611084889e+00
1.427299292922216978e+01
1.058513485680245481e+01
1.296408962885714899e+01
1.551264883747923129e+01
8.136857890256438353e+00
1.707547527140466670e+01
9.640875829802336483e+00
1.034176589165282145e+01
9.373021315815206478e+00
7.898654169668588132e+00
7.225151993843566878e+00
7.225151993843566878e+00
1.183454054540639433e+01
1.591774699517169012e+01
1.484151074652385738e+01
1.139607097042601680e+01
7.136496464611084889e+00
1.642944866646030988e+01
1.178062436274634450e+01
1.518078909665319287e+01
1.281592373849173683e+01
1.117038385124011413e+01
1.276615297284584649e+01
1.354055000514615159e+01
1.496964127403822076e+01
9.965574970333758387e+00
1.225733520300188317e+01
5.753627391751591880e+00
7.898654169668588132e+00
1.311058116710494836e+01
1.453814859003845150e+01
1.070474469691662733e+01
8.667244841319218907e+00
1.183454054540639433e+01
8.444016491289504600e+00
1.117038385124011413e+01
5.641895835477562571e+00
1.058513485680245481e+01
1.513879513212096128e+01
9.373021315815206478e+00
9.166995688475081394e+00
1.400281721259029588e+01
1.286550196516137312e+01
1.256509862862843541e+01
1.462546558286290477e+01
1.150725478350318376e+01
4.068428945128219176e+00
1.178062436274634450e+01
1.178062436274634450e+01
8.444016491289504600e+00
1.058513485680245481e+01
1.236077446474206631e+01
1.335116235624909109e+01
8.444016491289504600e+00
1.466892917224166482e+01
1.286550196516137312e+01
1.117038385124011413e+01
9.965574970333758387e+00
9.373021315815206478e+00
1.058513485680245481e+01
9.965574970333758387e+00
1.070474469691662733e+01
1.372732503515539548e+01
1.311058116710494836e+01
6.770275002573075795e+00
1.215301555949299761e+01
1.058513485680245481e+01
1.167204486311898926e+01
8.136857890256438353e+00
5.753627391751591880e+00
1.286550196516137312e+01
6.955796338302048021e+00
1.199483507827737583e+01
1.178062436274634450e+01
1.150725478350318376e+01
1.034176589165282145e+01
1.117038385124011413e+01
1.058513485680245481e+01
8.136857890256438353e+00
1.484151074652385738e+01
1.354055000514615159e+01
1.381976597885341995e+01
1.551264883747923129e+01
6.482044814428574497e+00
1.311058116710494836e+01
1.225733520300188317e+01
9.304852983362556174e+00
9.373021315815206478e+00
1.358748446131948917e+01
9.373021315815206478e+00
1.034176589165282145e+01
7.046725639945927711e+00
9.965574970333758387e+00
1.117038385124011413e+01
5.753627391751591880e+00
8.291859587312051971e+00
1.547155565579009817e+01
1.413855043925722121e+01
9.373021315815206478e+00
1.276615297284584649e+01
1.296408962885714899e+01
1.306193320280393344e+01
1.070474469691662733e+01
1.607692842495848140e+01
9.901487006738307173e+00
9.507891862878782518e+00
1.440618081907316395e+01
3.568248232305542444e+00
6.282549314314217703e+00
8.136857890256438353e+00
1.225733520300188317e+01
8.812923024107547576e+00
3.568248232305542444e+00
1.427299292922216978e+01
5.046265044040320724e+00
1.105581278308273596e+01
5.527906391541367981e+00
7.399277020331918919e+00
