1.466892917224166482e+01
1.418350619798065715e+01
1.058513485680245481e+01
1.639065416446577927e+01
7.569397566060480642e+00
1.836868202552426155e+01
1.046415791390898242e+01
1.002925341359354938e+01
9.166995688475081394e+00
6.863662517577697741e+00
1.236077446474206631e+01
1.599753570059363028e+01
1.583755632390385770e+01
1.251433034574463399e+01
1.748077488947326685e+01
1.145179781116143225e+01
1.603728119216292924e+01
1.320733953636073110e+01
1.117038385124011413e+01
1.372732503515539548e+01
1.354055000514615159e+01
1.547155565579009817e+01
9.901487006738307173e+00
1.301310337505149661e+01
1.400281721259029588e+01
5.411516379806009525e+00
1.479855404066383784e+01
1.070474469691662733e+01
8.136857890256438353e+00
1.236077446474206631e+01
6.579524642479540830e+00
1.105581278308273596e+01
1.058513485680245481e+01
1.607692842495848140e+01
9.507891862878782518e+00
8.136857890256438353e+00
1.471226436021925466e+01
1.286550196516137312e+01
1.301310337505149661e+01
1.579730833933717626e+01
1.134007028277388685e+01
1.194164264288369282e+01
1.246335526484300615e+01
1.046415791390898242e+01
1.236077446474206631e+01
5.753627391751591880e+00
1.339876023397903637e+01
7.136496464611084889e+00
1.538904010394216471e+01
1.363425735166143049e+01
1.117038385124011413e+01
1.058513485680245481e+01
9.373021315815206478e+00
1.046415791390898242e+01
9.965574970333758387e+00
1.145179781116143225e+01
1.458187244392064308e+01
1.315904928495908166e+01
1.236077446474206631e+01
1.377362305878664728e+01
1.161737456321036532e+01
5.411516379806009525e+00
1.372732503515539548e+01
1.251433034574463399e+01
1.156244577056221523e+01
1.178062436274634450e+01
1.105581278308273596e+01
1.156244577056221523e+01
1.058513485680245481e+01
1.583755632390385770e+01
1.488434347843123184e+01
1.595769121605730811e+00
1.436192209445157708e+01
1.685029431422315938e+01
1.349345229721172146e+01
1.236077446474206631e+01
8.136857890256438353e+00
1.466892917224166482e+01
9.373021315815206478e+00
8.444016491289504600e+00
1.058513485680245481e+01
9.965574970333758387e+00
1.117038385124011413e+01
1.681247093473193388e+01
4.918490759365934828e+00
1.496964127403822076e+01
9.373021315815206478e+00
1.286550196516137312e+01
1.354055000514615159e+01
1.762584604821509515e+01
1.368087033328175828e+01
1.194164264288369282e+01
9.373021315815206478e+00
9.166995688475081394e+00
1.479855404066383784e+01
4.918490759365934828e+00
1.325545386523797831e+01
1.575695754970980111e+01
6.076507779746498805e+00
1.236077446474206631e+01
6.076507779746498805e+00
