6.282549314314217703e+00
1.427299292922216978e+01
1.335116235624909109e+01
1.058513485680245481e+01
1.587770228520368221e+01
8.136857890256438353e+00
1.737117647432762624e+01
9.640875829802336483e+00
1.034176589165282145e+01
9.373021315815206478e+00
7.312732791431452384e+00
6.076507779746498805e+00
5.970821321441846408e+00
1.215301555949299761e+01
1.595769121605730767e+01
1.530607971465162365e+01
1.172646028567007725e+01
5.753627391751591880e+00
1.711271735549580697e+01
1.178062436274634450e+01
1.534761596392107741e+01
1.286550196516137312e+01
1.117038385124011413e+01
1.296408962885714899e+01
1.354055000514615159e+01
1.505445578434700415e+01
9.965574970333758387e+00
1.271618740744904485e+01
7.312732791431452384e+00
1.377362305878664728e+01
1.475547227809780537e+01
1.070474469691662733e+01
9.027033336764100468e+00
1.236077446474206631e+01
7.898654169668588132e+00
1.117038385124011413e+01
1.058513485680245481e+01
1.543035303761632804e+01
9.373021315815206478e+00
8.812923024107547576e+00
1.436192209445157708e+01
1.296408962885714899e+01
1.291488987023529766e+01
1.509668435477122017e+01
1.145179781116143225e+01
1.194164264288369282e+01
1.215301555949299761e+01
1.058513485680245481e+01
7.735777827895049086e+00
1.236077446474206631e+01
1.344618962205996482e+01
8.444016491289504600e+00
1.496964127403822076e+01
1.315904928495908166e+01
1.117038385124011413e+01
1.009253008808064145e+01
9.373021315815206478e+00
1.058513485680245481e+01
9.965574970333758387e+00
1.105581278308273596e+01
1.418350619798065715e+01
1.311058116710494836e+01
1.230916348999737586e+01
5.046265044040320724e+00
1.088169461344923583e+01
1.271618740744904485e+01
7.653039857325811823e+00
1.306193320280393344e+01
1.210051848659980855e+01
5.753627391751591880e+00
1.178062436274634450e+01
1.156244577056221523e+01
1.040314189572019821e+01
1.117038385124011413e+01
1.058513485680245481e+01
7.136496464611084889e+00
1.505445578434700415e+01
1.391159267660409604e+01
1.427299292922216978e+01
1.587770228520368221e+01
4.787307364817191768e+00
1.315904928495908166e+01
1.236077446474206631e+01
9.097283682934460103e+00
9.373021315815206478e+00
1.395727947504383337e+01
9.166995688475081394e+00
1.064510777218481152e+01
5.046265044040320724e+00
9.965574970333758387e+00
1.117038385124011413e+01
7.569397566060480642e+00
1.615593100600235843e+01
1.436192209445157708e+01
9.373021315815206478e+00
1.286550196516137312e+01
1.335116235624909109e+01
1.339876023397903637e+01
1.145179781116143225e+01
1.642944866646030988e+01
9.836981518731869656e+00
9.507891862878782518e+00
1.471226436021925466e+01
5.170882945826410726e+00
7.653039857325811823e+00
1.301310337505149661e+01
1.479855404066383784e+01
8.058239062071395509e+00
1.167204486311898926e+01
7.312732791431452384e+00
1.954410047611679691e+00
