7.046725639945927711e+00
1.418350619798065715e+01
1.058513485680245481e+01
1.276615297284584649e+01
4.787307364817191768e+00
1.526443044094783019e+01
8.136857890256438353e+00
1.681247093473193388e+01
8.884866446580955923e+00
1.046415791390898242e+01
9.373021315815206478e+00
8.136857890256438353e+00
7.735777827895049086e+00
7.978845608028653835e+00
1.178062436274634450e+01
1.579730833933717626e+01
1.479855404066383784e+01
7.898654169668588132e+00
1.117038385124011413e+01
1.623454913941802857e+01
1.178062436274634450e+01
1.496964127403822076e+01
1.261566261010080048e+01
1.117038385124011413e+01
1.261566261010080048e+01
1.354055000514615159e+01
1.488434347843123184e+01
9.965574970333758387e+00
7.225151993843566878e+00
1.204779266504070279e+01
8.058239062071395509e+00
1.271618740744904485e+01
1.427299292922216978e+01
1.070474469691662733e+01
8.740387444736633427e+00
1.178062436274634450e+01
8.740387444736633427e+00
1.122723095552866468e+01
6.579524642479540830e+00
1.058513485680245481e+01
4.513516668382050234e+00
1.445030398768713376e+01
9.440697438826296306e+00
8.812923024107547576e+00
1.386575534383213970e+01
1.276615297284584649e+01
1.256509862862843541e+01
1.440618081907316395e+01
1.150725478350318376e+01
5.641895835477562571e+00
1.178062436274634450e+01
1.178062436274634450e+01
8.740387444736633427e+00
1.058513485680245481e+01
1.236077446474206631e+01
1.325545386523797831e+01
8.519075891779829490e+00
1.445030398768713376e+01
1.271618740744904485e+01
1.117038385124011413e+01
9.965574970333758387e+00
9.373021315815206478e+00
1.058513485680245481e+01
9.965574970333758387e+00
1.058513485680245481e+01
1.368087033328175828e+01
1.301310337505149661e+01
7.225151993843566878e+00
1.215301555949299761e+01
1.058513485680245481e+01
1.139607097042601680e+01
6.955796338302048021e+00
8.136857890256438353e+00
1.281592373849173683e+01
7.817640190446718762e+00
1.178062436274634450e+01
1.178062436274634450e+01
1.150725478350318376e+01
1.021790793990058255e+01
1.117038385124011413e+01
1.058513485680245481e+01
8.136857890256438353e+00
1.458187244392064308e+01
1.320733953636073110e+01
1.377362305878664728e+01
7.136496464611084889e+00
1.522266721510391640e+01
1.311058116710494836e+01
1.210051848659980855e+01
9.373021315815206478e+00
9.373021315815206478e+00
1.315904928495908166e+01
7.817640190446718762e+00
9.373021315815206478e+00
1.015541250385961369e+01
9.965574970333758387e+00
1.117038385124011413e+01
6.770275002573075795e+00
8.812923024107547576e+00
1.505445578434700415e+01
1.386575534383213970e+01
9.373021315815206478e+00
1.256509862862843541e+01
1.256509862862843541e+01
4.068428945128219176e+00
1.276615297284584649e+01
1.021790793990058255e+01
1.571650316319191809e+01
9.965574970333758387e+00
9.373021315815206478e+00
1.413855043925722121e+01
5.411516379806009525e+00
6.579524642479540830e+00
3.191538243211461623e+00
8.444016491289504600e+00
1.178062436274634450e+01
5.527906391541367981e+00
9.027033336764100468e+00
1.409345127989185542e+01
6.076507779746498805e+00
1.335116235624909109e+01
1.082303275961201905e+01
6.383076486422923246e+00
7.484820637019110379e+00
