1.471226436021925466e+01
1.418350619798065715e+01
1.058513485680245481e+01
1.642944866646030988e+01
7.484820637019110379e+00
1.836868202552426155e+01
1.046415791390898242e+01
1.002925341359354938e+01
9.166995688475081394e+00
6.863662517577697741e+00
1.236077446474206631e+01
1.599753570059363028e+01
1.587770228520368221e+01
1.241217083805063837e+01
1.748077488947326685e+01
1.145179781116143225e+01
1.607692842495848140e+01
1.325545386523797831e+01
1.117038385124011413e+01
1.372732503515539548e+01
1.354055000514615159e+01
1.547155565579009817e+01
9.901487006738307173e+00
1.301310337505149661e+01
1.400281721259029588e+01
4.787307364817191768e+00
1.479855404066383784e+01
1.070474469691662733e+01
8.136857890256438353e+00
1.236077446474206631e+01
6.282549314314217703e+00
1.094004191971426110e+01
1.058513485680245481e+01
1.619528777809902209e+01
9.507891862878782518e+00
8.136857890256438353e+00
1.484151074652385738e+01
1.281592373849173683e+01
1.306193320280393344e+01
1.579730833933717626e+01
1.134007028277388685e+01
1.194164264288369282e+01
1.261566261010080048e+01
1.046415791390898242e+01
1.236077446474206631e+01
5.411516379806009525e+00
1.339876023397903637e+01
6.863662517577697741e+00
1.538904010394216471e+01
1.368087033328175828e+01
1.117038385124011413e+01
1.058513485680245481e+01
9.373021315815206478e+00
1.046415791390898242e+01
9.901487006738307173e+00
1.145179781116143225e+01
1.462546558286290477e+01
1.315904928495908166e+01
1.236077446474206631e+01
1.381976597885341995e+01
1.167204486311898926e+01
5.046265044040320724e+00
1.391159267660409604e+01
1.251433034574463399e+01
1.150725478350318376e+01
1.178062436274634450e+01
1.117038385124011413e+01
1.156244577056221523e+01
1.058513485680245481e+01
1.583755632390385770e+01
1.488434347843123184e+01
1.440618081907316395e+01
1.688803298257900920e+01
1.354055000514615159e+01
1.246335526484300615e+01
7.978845608028653835e+00
1.479855404066383784e+01
9.373021315815206478e+00
8.444016491289504600e+00
1.052482020710848865e+01
9.965574970333758387e+00
1.117038385124011413e+01
1.685029431422315938e+01
4.513516668382050234e+00
1.505445578434700415e+01
9.373021315815206478e+00
1.286550196516137312e+01
1.354055000514615159e+01
1.776973289316191185e+01
1.368087033328175828e+01
1.183454054540639433e+01
9.373021315815206478e+00
9.166995688475081394e+00
1.484151074652385738e+01
4.513516668382050234e+00
1.325545386523797831e+01
1.579730833933717626e+01
5.753627391751591880e+00
1.236077446474206631e+01
5.753627391751591880e+00
