1.501210842680413826e+01
1.436192209445157708e+01
1.070474469691662733e+01
1.669848676668040710e+01
1.888139487765259261e+01
7.225151993843566878e+00
1.009253008808064145e+01
9.574614729634383536e+00
9.027033336764100468e+00
3.385137501286537898e+00
1.236077446474206631e+01
1.599753570059363028e+01
1.599753570059363028e+01
1.256509862862843541e+01
1.787688803255549530e+01
1.145179781116143225e+01
1.635176762293251684e+01
1.372732503515539548e+01
1.117038385124011413e+01
1.413855043925722121e+01
1.354055000514615159e+01
1.575695754970980111e+01
9.440697438826296306e+00
1.320733953636073110e+01
1.418350619798065715e+01
1.492705330360461602e+01
1.058513485680245481e+01
6.482044814428574497e+00
1.281592373849173683e+01
1.070474469691662733e+01
1.058513485680245481e+01
1.677456227108388731e+01
1.015541250385961369e+01
1.526443044094783019e+01
7.225151993843566878e+00
1.276615297284584649e+01
1.320733953636073110e+01
1.650676414605009157e+01
1.134007028277388685e+01
1.204779266504070279e+01
1.335116235624909109e+01
1.058513485680245481e+01
1.236077446474206631e+01
1.325545386523797831e+01
1.543035303761632804e+01
1.471226436021925466e+01
1.094004191971426110e+01
1.117038385124011413e+01
9.166995688475081394e+00
1.070474469691662733e+01
9.304852983362556174e+00
1.145179781116143225e+01
1.471226436021925466e+01
1.315904928495908166e+01
1.256509862862843541e+01
1.400281721259029588e+01
1.172646028567007725e+01
1.445030398768713376e+01
1.251433034574463399e+01
1.122723095552866468e+01
1.167204486311898926e+01
1.172646028567007725e+01
1.150725478350318376e+01
1.046415791390898242e+01
1.635176762293251684e+01
1.530607971465162365e+01
1.445030398768713376e+01
1.744431859350498826e+01
1.368087033328175828e+01
1.271618740744904485e+01
5.411516379806009525e+00
1.484151074652385738e+01
9.097283682934460103e+00
1.009253008808064145e+01
6.863662517577697741e+00
9.965574970333758387e+00
1.178062436274634450e+01
1.729772508200899850e+01
1.563528038089343752e+01
9.097283682934460103e+00
1.286550196516137312e+01
1.358748446131948917e+01
1.884764794294265400e+01
1.368087033328175828e+01
1.204779266504070279e+01
9.097283682934460103e+00
7.735777827895049086e+00
1.484151074652385738e+01
1.311058116710494836e+01
1.642944866646030988e+01
1.372732503515539548e+01
