1.225733520300188317e+01
1.306193320280393344e+01
1.058513485680245481e+01
1.161737456321036532e+01
8.136857890256438353e+00
5.527906391541367981e+00
8.593479713983121826e+00
1.404820733880128181e+01
1.488434347843123184e+01
8.884866446580955923e+00
1.034176589165282145e+01
9.640875829802336483e+00
8.740387444736633427e+00
8.740387444736633427e+00
9.373021315815206478e+00
1.178062436274634450e+01
1.479855404066383784e+01
1.296408962885714899e+01
8.136857890256438353e+00
5.046265044040320724e+00
1.052482020710848865e+01
1.436192209445157708e+01
1.178062436274634450e+01
1.358748446131948917e+01
1.070474469691662733e+01
7.046725639945927711e+00
1.058513485680245481e+01
4.370193722368316713e+00
7.484820637019110379e+00
1.291488987023529766e+01
9.965574970333758387e+00
1.395727947504383337e+01
9.507891862878782518e+00
9.574614729634383536e+00
9.965574970333758387e+00
7.898654169668588132e+00
6.863662517577697741e+00
5.411516379806009525e+00
1.330339418036568588e+01
1.117038385124011413e+01
6.180387232371033157e+00
1.117038385124011413e+01
9.027033336764100468e+00
4.068428945128219176e+00
7.312732791431452384e+00
1.099807968464679142e+01
8.593479713983121826e+00
8.214724333230154940e+00
1.046415791390898242e+01
7.817640190446718762e+00
9.836981518731869656e+00
9.772050238058398008e+00
1.099807968464679142e+01
9.507891862878782518e+00
5.292567428401227403e+00
9.027033336764100468e+00
5.292567428401227403e+00
1.246335526484300615e+01
1.161737456321036532e+01
3.742410318509555189e+00
1.058513485680245481e+01
1.178062436274634450e+01
9.965574970333758387e+00
7.817640190446718762e+00
1.145179781116143225e+01
1.052482020710848865e+01
9.304852983362556174e+00
8.136857890256438353e+00
1.058513485680245481e+01
1.088169461344923583e+01
6.482044814428574497e+00
6.863662517577697741e+00
1.210051848659980855e+01
8.740387444736633427e+00
7.569397566060480642e+00
5.527906391541367981e+00
1.286550196516137312e+01
1.117038385124011413e+01
1.178062436274634450e+01
1.058513485680245481e+01
9.640875829802336483e+00
9.373021315815206478e+00
1.064510777218481152e+01
9.965574970333758387e+00
1.058513485680245481e+01
1.052482020710848865e+01
1.172646028567007725e+01
6.863662517577697741e+00
4.513516668382050234e+00
8.214724333230154940e+00
1.046415791390898242e+01
8.136857890256438353e+00
7.225151993843566878e+00
1.040314189572019821e+01
9.027033336764100468e+00
9.640875829802336483e+00
1.117038385124011413e+01
8.740387444736633427e+00
6.863662517577697741e+00
1.105581278308273596e+01
7.046725639945927711e+00
1.128379167095512514e+01
9.772050238058398008e+00
1.009253008808064145e+01
7.399277020331918919e+00
9.574614729634383536e+00
8.667244841319218907e+00
9.507891862878782518e+00
1.145179781116143225e+01
1.230916348999737586e+01
1.261566261010080048e+01
7.225151993843566878e+00
8.444016491289504600e+00
1.306193320280393344e+01
6.383076486422923246e+00
7.978845608028653835e+00
6.076507779746498805e+00
1.150725478350318376e+01
1.021790793990058255e+01
9.507891862878782518e+00
9.373021315815206478e+00
8.956231982162769611e+00
9.965574970333758387e+00
1.052482020710848865e+01
9.965574970333758387e+00
9.440697438826296306e+00
1.070474469691662733e+01
8.740387444736633427e+00
9.373021315815206478e+00
1.311058116710494836e+01
1.156244577056221523e+01
9.640875829802336483e+00
1.178062436274634450e+01
7.653039857325811823e+00
1.021790793990058255e+01
3.385137501286537898e+00
9.027033336764100468e+00
1.128379167095512514e+01
1.400281721259029588e+01
4.787307364817191768e+00
8.136857890256438353e+00
9.706684619910241452e+00
9.373021315815206478e+00
7.484820637019110379e+00
1.266602473693425601e+01
7.569397566060480642e+00
7.817640190446718762e+00
3.908820095223359381e+00
8.740387444736633427e+00
1.094004191971426110e+01
8.136857890256438353e+00
9.373021315815206478e+00
7.046725639945927711e+00
7.817640190446718762e+00
1.188821220645068522e+01
1.172646028567007725e+01
9.901487006738307173e+00
7.569397566060480642e+00
8.136857890256438353e+00
6.383076486422923246e+00
