1.484151074652385738e+01
1.427299292922216978e+01
1.058513485680245481e+01
1.669848676668040710e+01
7.399277020331918919e+00
1.860970596672511235e+01
1.028002345391383443e+01
9.901487006738307173e+00
8.812923024107547576e+00
6.076507779746498805e+00
1.236077446474206631e+01
1.599753570059363028e+01
1.599753570059363028e+01
1.246335526484300615e+01
1.766192765414112031e+01
1.145179781116143225e+01
1.627371578051287671e+01
1.372732503515539548e+01
1.117038385124011413e+01
1.386575534383213970e+01
1.354055000514615159e+01
1.547155565579009817e+01
9.772050238058398008e+00
1.306193320280393344e+01
1.413855043925722121e+01
1.484151074652385738e+01
1.064510777218481152e+01
7.817640190446718762e+00
1.251433034574463399e+01
1.076405121554611632e+01
4.652426491681278087e+00
1.058513485680245481e+01
1.646815177937675045e+01
9.507891862878782518e+00
8.136857890256438353e+00
1.488434347843123184e+01
1.276615297284584649e+01
1.306193320280393344e+01
1.639065416446577927e+01
1.134007028277388685e+01
1.194164264288369282e+01
1.330339418036568588e+01
1.058513485680245481e+01
1.236077446474206631e+01
1.335116235624909109e+01
5.411516379806009525e+00
1.543035303761632804e+01
1.400281721259029588e+01
1.099807968464679142e+01
1.117038385124011413e+01
9.373021315815206478e+00
1.082303275961201905e+01
9.640875829802336483e+00
1.145179781116143225e+01
1.462546558286290477e+01
1.315904928495908166e+01
1.236077446474206631e+01
1.395727947504383337e+01
1.172646028567007725e+01
1.409345127989185542e+01
1.246335526484300615e+01
1.145179781116143225e+01
1.178062436274634450e+01
1.161737456321036532e+01
1.156244577056221523e+01
1.058513485680245481e+01
1.611647812414279102e+01
1.518078909665319287e+01
1.440618081907316395e+01
1.707547527140466670e+01
1.372732503515539548e+01
1.281592373849173683e+01
7.225151993843566878e+00
1.488434347843123184e+01
9.373021315815206478e+00
7.898654169668588132e+00
1.009253008808064145e+01
9.965574970333758387e+00
1.145179781116143225e+01
1.703815178355965898e+01
1.551264883747923129e+01
9.166995688475081394e+00
1.286550196516137312e+01
1.368087033328175828e+01
1.857546544836034741e+01
1.372732503515539548e+01
1.194164264288369282e+01
9.373021315815206478e+00
8.593479713983121826e+00
1.484151074652385738e+01
1.320733953636073110e+01
1.619528777809902209e+01
1.335116235624909109e+01
2.763953195770683990e+00
1.954410047611679691e+00
