1.266602473693425601e+01
1.349345229721172146e+01
1.058513485680245481e+01
1.204779266504070279e+01
8.136857890256438353e+00
1.418350619798065715e+01
8.291859587312051971e+00
1.571650316319191809e+01
8.740387444736633427e+00
1.094004191971426110e+01
9.373021315815206478e+00
8.444016491289504600e+00
8.740387444736633427e+00
9.373021315815206478e+00
1.178062436274634450e+01
1.534761596392107741e+01
1.354055000514615159e+01
8.214724333230154940e+00
1.082303275961201905e+01
1.484151074652385738e+01
1.178062436274634450e+01
1.445030398768713376e+01
1.105581278308273596e+01
6.180387232371033157e+00
1.058513485680245481e+01
6.863662517577697741e+00
1.330339418036568588e+01
1.052482020710848865e+01
1.422831991532699902e+01
9.373021315815206478e+00
9.640875829802336483e+00
1.015541250385961369e+01
8.136857890256438353e+00
5.970821321441846408e+00
1.368087033328175828e+01
1.172646028567007725e+01
4.918490759365934828e+00
1.117038385124011413e+01
9.027033336764100468e+00
7.225151993843566878e+00
1.117038385124011413e+01
1.134007028277388685e+01
8.444016491289504600e+00
8.136857890256438353e+00
7.569397566060480642e+00
1.046415791390898242e+01
1.002925341359354938e+01
1.156244577056221523e+01
9.640875829802336483e+00
8.956231982162769611e+00
1.320733953636073110e+01
1.230916348999737586e+01
1.354055000514615159e+01
1.215301555949299761e+01
1.052482020710848865e+01
7.898654169668588132e+00
1.122723095552866468e+01
1.172646028567007725e+01
9.304852983362556174e+00
1.058513485680245481e+01
1.199483507827737583e+01
1.236077446474206631e+01
4.513516668382050234e+00
5.046265044040320724e+00
8.740387444736633427e+00
7.312732791431452384e+00
1.354055000514615159e+01
1.145179781116143225e+01
1.064510777218481152e+01
9.965574970333758387e+00
9.373021315815206478e+00
1.058513485680245481e+01
9.965574970333758387e+00
1.058513485680245481e+01
1.220528683538465842e+01
1.178062436274634450e+01
8.136857890256438353e+00
1.088169461344923583e+01
8.058239062071395509e+00
7.046725639945927711e+00
1.040314189572019821e+01
1.058513485680245481e+01
8.740387444736633427e+00
1.172646028567007725e+01
8.740387444736633427e+00
1.117038385124011413e+01
1.167204486311898926e+01
5.527906391541367981e+00
6.076507779746498805e+00
9.772050238058398008e+00
9.965574970333758387e+00
6.282549314314217703e+00
9.836981518731869656e+00
8.667244841319218907e+00
9.965574970333758387e+00
1.199483507827737583e+01
1.271618740744904485e+01
1.296408962885714899e+01
6.675581178124545545e+00
8.136857890256438353e+00
1.358748446131948917e+01
5.411516379806009525e+00
7.735777827895049086e+00
1.230916348999737586e+01
1.070474469691662733e+01
9.507891862878782518e+00
9.373021315815206478e+00
8.740387444736633427e+00
9.965574970333758387e+00
1.117038385124011413e+01
9.965574970333758387e+00
9.640875829802336483e+00
1.070474469691662733e+01
8.291859587312051971e+00
9.373021315815206478e+00
1.409345127989185542e+01
1.178062436274634450e+01
9.373021315815206478e+00
1.225733520300188317e+01
1.105581278308273596e+01
7.399277020331918919e+00
9.236181543108379799e+00
1.161737456321036532e+01
1.422831991532699902e+01
7.484820637019110379e+00
9.965574970333758387e+00
9.373021315815206478e+00
7.312732791431452384e+00
1.325545386523797831e+01
7.225151993843566878e+00
7.569397566060480642e+00
8.740387444736633427e+00
1.117038385124011413e+01
8.136857890256438353e+00
9.373021315815206478e+00
6.383076486422923246e+00
7.569397566060480642e+00
1.261566261010080048e+01
1.225733520300188317e+01
9.965574970333758387e+00
7.569397566060480642e+00
7.978845608028653835e+00
4.787307364817191768e+00
