3.908820095223359381e+00
1.431752655671925822e+01
1.395727947504383337e+01
1.058513485680245481e+01
1.603728119216292924e+01
7.978845608028653835e+00
1.787688803255549530e+01
9.772050238058398008e+00
1.009253008808064145e+01
9.236181543108379799e+00
7.225151993843566878e+00
3.908820095223359381e+00
1.236077446474206631e+01
3.908820095223359381e+00
1.599753570059363028e+01
1.563528038089343752e+01
1.188821220645068522e+01
2.523132522020160362e+00
1.726088217525477830e+01
1.156244577056221523e+01
1.551264883747923129e+01
1.296408962885714899e+01
1.117038385124011413e+01
1.349345229721172146e+01
1.354055000514615159e+01
1.526443044094783019e+01
9.965574970333758387e+00
1.286550196516137312e+01
6.770275002573075795e+00
1.381976597885341995e+01
1.479855404066383784e+01
1.070474469691662733e+01
8.593479713983121826e+00
1.236077446474206631e+01
7.225151993843566878e+00
1.117038385124011413e+01
1.058513485680245481e+01
1.547155565579009817e+01
9.373021315815206478e+00
8.593479713983121826e+00
1.453814859003845150e+01
1.296408962885714899e+01
1.291488987023529766e+01
1.555363345008750464e+01
1.134007028277388685e+01
1.194164264288369282e+01
1.225733520300188317e+01
1.058513485680245481e+01
7.046725639945927711e+00
1.236077446474206631e+01
1.349345229721172146e+01
8.058239062071395509e+00
1.505445578434700415e+01
1.330339418036568588e+01
1.117038385124011413e+01
1.046415791390898242e+01
9.373021315815206478e+00
1.046415791390898242e+01
9.965574970333758387e+00
1.145179781116143225e+01
1.436192209445157708e+01
1.320733953636073110e+01
1.236077446474206631e+01
1.150725478350318376e+01
1.330339418036568588e+01
7.046725639945927711e+00
1.325545386523797831e+01
1.246335526484300615e+01
2.763953195770683990e+00
1.156244577056221523e+01
1.167204486311898926e+01
1.052482020710848865e+01
1.150725478350318376e+01
1.052482020710848865e+01
1.571650316319191809e+01
6.383076486422923246e+00
1.466892917224166482e+01
1.445030398768713376e+01
1.646815177937675045e+01
1.330339418036568588e+01
1.236077446474206631e+01
8.740387444736633427e+00
9.507891862878782518e+00
1.440618081907316395e+01
8.956231982162769611e+00
1.046415791390898242e+01
9.965574970333758387e+00
1.117038385124011413e+01
1.646815177937675045e+01
6.863662517577697741e+00
1.462546558286290477e+01
9.373021315815206478e+00
1.286550196516137312e+01
1.354055000514615159e+01
1.344618962205996482e+01
1.167204486311898926e+01
1.696325844612841038e+01
9.706684619910241452e+00
9.373021315815206478e+00
1.475547227809780537e+01
6.863662517577697741e+00
1.306193320280393344e+01
1.530607971465162365e+01
7.484820637019110379e+00
1.178062436274634450e+01
7.312732791431452384e+00
