1.458187244392064308e+01
1.418350619798065715e+01
1.058513485680245481e+01
1.635176762293251684e+01
7.898654169668588132e+00
1.829923496393627147e+01
1.040314189572019821e+01
1.009253008808064145e+01
9.166995688475081394e+00
7.225151993843566878e+00
1.236077446474206631e+01
1.599753570059363028e+01
1.583755632390385770e+01
1.241217083805063837e+01
1.748077488947326685e+01
1.145179781116143225e+01
1.587770228520368221e+01
1.320733953636073110e+01
1.117038385124011413e+01
1.363425735166143049e+01
1.354055000514615159e+01
1.538904010394216471e+01
9.901487006738307173e+00
1.291488987023529766e+01
1.400281721259029588e+01
6.076507779746498805e+00
1.479855404066383784e+01
1.070474469691662733e+01
8.136857890256438353e+00
1.236077446474206631e+01
6.675581178124545545e+00
1.111324596323282954e+01
1.058513485680245481e+01
1.583755632390385770e+01
9.373021315815206478e+00
8.291859587312051971e+00
1.466892917224166482e+01
1.291488987023529766e+01
1.301310337505149661e+01
1.571650316319191809e+01
1.134007028277388685e+01
1.188821220645068522e+01
1.230916348999737586e+01
1.052482020710848865e+01
1.236077446474206631e+01
6.076507779746498805e+00
1.344618962205996482e+01
7.312732791431452384e+00
1.530607971465162365e+01
1.344618962205996482e+01
1.117038385124011413e+01
1.058513485680245481e+01
9.373021315815206478e+00
1.046415791390898242e+01
9.965574970333758387e+00
1.150725478350318376e+01
1.453814859003845150e+01
1.315904928495908166e+01
1.236077446474206631e+01
1.156244577056221523e+01
1.339876023397903637e+01
6.076507779746498805e+00
1.354055000514615159e+01
1.251433034574463399e+01
1.156244577056221523e+01
1.178062436274634450e+01
1.094004191971426110e+01
1.150725478350318376e+01
1.052482020710848865e+01
1.579730833933717626e+01
1.488434347843123184e+01
4.652426491681278087e+00
1.440618081907316395e+01
1.662206308517478703e+01
1.344618962205996482e+01
1.236077446474206631e+01
8.368283871884004910e+00
1.466892917224166482e+01
9.373021315815206478e+00
8.740387444736633427e+00
1.058513485680245481e+01
9.965574970333758387e+00
1.117038385124011413e+01
1.666031874701878124e+01
5.753627391751591880e+00
1.488434347843123184e+01
9.373021315815206478e+00
1.286550196516137312e+01
1.354055000514615159e+01
1.358748446131948917e+01
1.194164264288369282e+01
1.729772508200899850e+01
9.373021315815206478e+00
9.236181543108379799e+00
1.475547227809780537e+01
5.753627391751591880e+00
1.315904928495908166e+01
1.567594437773643001e+01
6.770275002573075795e+00
1.215301555949299761e+01
6.579524642479540830e+00
