1.236077446474206631e+01
1.320733953636073110e+01
1.058513485680245481e+01
1.167204486311898926e+01
8.136857890256438353e+00
4.513516668382050234e+00
8.444016491289504600e+00
1.404820733880128181e+01
1.488434347843123184e+01
8.884866446580955923e+00
1.046415791390898242e+01
9.640875829802336483e+00
8.740387444736633427e+00
8.740387444736633427e+00
9.373021315815206478e+00
1.178062436274634450e+01
1.492705330360461602e+01
1.306193320280393344e+01
8.136857890256438353e+00
4.652426491681278087e+00
1.052482020710848865e+01
1.436192209445157708e+01
1.178062436274634450e+01
1.377362305878664728e+01
1.070474469691662733e+01
6.863662517577697741e+00
1.058513485680245481e+01
7.484820637019110379e+00
3.385137501286537898e+00
1.296408962885714899e+01
9.965574970333758387e+00
1.404820733880128181e+01
9.507891862878782518e+00
9.640875829802336483e+00
9.965574970333758387e+00
7.898654169668588132e+00
6.675581178124545545e+00
5.170882945826410726e+00
1.330339418036568588e+01
1.139607097042601680e+01
5.970821321441846408e+00
1.117038385124011413e+01
9.027033336764100468e+00
3.191538243211461623e+00
7.312732791431452384e+00
1.105581278308273596e+01
8.444016491289504600e+00
8.136857890256438353e+00
1.076405121554611632e+01
7.817640190446718762e+00
9.901487006738307173e+00
9.901487006738307173e+00
1.105581278308273596e+01
9.507891862878782518e+00
5.170882945826410726e+00
9.027033336764100468e+00
1.261566261010080048e+01
4.652426491681278087e+00
1.188821220645068522e+01
1.064510777218481152e+01
1.178062436274634450e+01
1.009253008808064145e+01
7.817640190446718762e+00
1.076405121554611632e+01
1.145179781116143225e+01
9.304852983362556174e+00
8.136857890256438353e+00
1.058513485680245481e+01
1.105581278308273596e+01
6.383076486422923246e+00
1.215301555949299761e+01
6.180387232371033157e+00
8.740387444736633427e+00
7.569397566060480642e+00
5.170882945826410726e+00
1.301310337505149661e+01
1.117038385124011413e+01
1.178062436274634450e+01
1.058513485680245481e+01
9.836981518731869656e+00
9.373021315815206478e+00
1.058513485680245481e+01
9.965574970333758387e+00
1.058513485680245481e+01
1.058513485680245481e+01
1.178062436274634450e+01
6.383076486422923246e+00
3.568248232305542444e+00
8.291859587312051971e+00
1.052482020710848865e+01
8.136857890256438353e+00
7.046725639945927711e+00
9.836981518731869656e+00
1.052482020710848865e+01
9.027033336764100468e+00
1.122723095552866468e+01
8.740387444736633427e+00
6.863662517577697741e+00
1.117038385124011413e+01
1.139607097042601680e+01
7.046725639945927711e+00
9.706684619910241452e+00
1.009253008808064145e+01
7.225151993843566878e+00
9.574614729634383536e+00
8.740387444736633427e+00
9.640875829802336483e+00
1.145179781116143225e+01
1.246335526484300615e+01
1.276615297284584649e+01
7.225151993843566878e+00
8.444016491289504600e+00
1.315904928495908166e+01
6.282549314314217703e+00
7.978845608028653835e+00
5.970821321441846408e+00
1.156244577056221523e+01
1.021790793990058255e+01
9.507891862878782518e+00
9.373021315815206478e+00
8.884866446580955923e+00
9.965574970333758387e+00
1.070474469691662733e+01
9.965574970333758387e+00
9.640875829802336483e+00
1.064510777218481152e+01
8.740387444736633427e+00
9.373021315815206478e+00
1.320733953636073110e+01
1.156244577056221523e+01
9.507891862878782518e+00
1.183454054540639433e+01
7.569397566060480642e+00
1.021790793990058255e+01
9.097283682934460103e+00
1.145179781116143225e+01
1.409345127989185542e+01
4.222008245644752300e+00
8.136857890256438353e+00
9.901487006738307173e+00
9.304852983362556174e+00
7.484820637019110379e+00
1.271618740744904485e+01
7.569397566060480642e+00
7.653039857325811823e+00
1.954410047611679691e+00
8.740387444736633427e+00
1.088169461344923583e+01
8.136857890256438353e+00
9.373021315815206478e+00
6.955796338302048021e+00
7.735777827895049086e+00
1.204779266504070279e+01
1.188821220645068522e+01
9.901487006738307173e+00
7.569397566060480642e+00
8.136857890256438353e+00
6.076507779746498805e+00
