6.579524642479540830e+00
1.427299292922216978e+01
1.320733953636073110e+01
1.058513485680245481e+01
1.571650316319191809e+01
8.136857890256438353e+00
1.711271735549580697e+01
9.507891862878782518e+00
1.034176589165282145e+01
9.373021315815206478e+00
7.735777827895049086e+00
6.770275002573075795e+00
6.863662517577697741e+00
1.204779266504070279e+01
1.591774699517169012e+01
1.501210842680413826e+01
1.161737456321036532e+01
6.863662517577697741e+00
1.662206308517478703e+01
1.178062436274634450e+01
1.526443044094783019e+01
1.286550196516137312e+01
1.117038385124011413e+01
1.291488987023529766e+01
1.354055000514615159e+01
1.496964127403822076e+01
9.965574970333758387e+00
1.225733520300188317e+01
4.513516668382050234e+00
7.653039857325811823e+00
1.325545386523797831e+01
1.462546558286290477e+01
1.070474469691662733e+01
8.812923024107547576e+00
1.215301555949299761e+01
8.136857890256438353e+00
1.117038385124011413e+01
1.058513485680245481e+01
4.222008245644752300e+00
1.513879513212096128e+01
9.373021315815206478e+00
9.097283682934460103e+00
1.422831991532699902e+01
1.296408962885714899e+01
1.271618740744904485e+01
1.479855404066383784e+01
1.156244577056221523e+01
1.178062436274634450e+01
1.199483507827737583e+01
1.058513485680245481e+01
8.136857890256438353e+00
1.236077446474206631e+01
8.593479713983121826e+00
1.335116235624909109e+01
1.484151074652385738e+01
1.286550196516137312e+01
1.117038385124011413e+01
1.002925341359354938e+01
9.373021315815206478e+00
1.058513485680245481e+01
9.965574970333758387e+00
1.076405121554611632e+01
1.377362305878664728e+01
1.306193320280393344e+01
5.753627391751591880e+00
1.220528683538465842e+01
1.058513485680245481e+01
1.194164264288369282e+01
7.978845608028653835e+00
4.513516668382050234e+00
1.286550196516137312e+01
6.863662517577697741e+00
1.210051848659980855e+01
1.178062436274634450e+01
1.156244577056221523e+01
1.034176589165282145e+01
1.117038385124011413e+01
1.058513485680245481e+01
7.898654169668588132e+00
1.488434347843123184e+01
1.377362305878664728e+01
1.400281721259029588e+01
1.559451034962034477e+01
6.282549314314217703e+00
1.320733953636073110e+01
1.225733520300188317e+01
9.166995688475081394e+00
9.373021315815206478e+00
1.377362305878664728e+01
9.373021315815206478e+00
1.052482020710848865e+01
6.383076486422923246e+00
9.965574970333758387e+00
1.117038385124011413e+01
4.513516668382050234e+00
8.136857890256438353e+00
1.587770228520368221e+01
1.427299292922216978e+01
9.373021315815206478e+00
1.291488987023529766e+01
1.325545386523797831e+01
1.335116235624909109e+01
1.094004191971426110e+01
1.611647812414279102e+01
9.836981518731869656e+00
9.507891862878782518e+00
1.466892917224166482e+01
5.753627391751591880e+00
8.136857890256438353e+00
1.236077446474206631e+01
8.519075891779829490e+00
1.449429283826230197e+01
1.145179781116143225e+01
2.256758334191025117e+00
5.170882945826410726e+00
7.225151993843566878e+00
