1.445030398768713376e+01
1.409345127989185542e+01
1.128379167095512559e+00
1.058513485680245481e+01
1.607692842495848140e+01
7.817640190446718762e+00
1.798340469329240676e+01
1.009253008808064145e+01
1.009253008808064145e+01
9.236181543108379799e+00
7.225151993843566878e+00
2.763953195770683990e+00
1.236077446474206631e+01
2.523132522020160362e+00
1.599753570059363028e+01
1.575695754970980111e+01
1.210051848659980855e+01
1.733448968263843781e+01
1.156244577056221523e+01
1.551264883747923129e+01
1.306193320280393344e+01
1.117038385124011413e+01
1.363425735166143049e+01
1.354055000514615159e+01
1.526443044094783019e+01
9.965574970333758387e+00
1.286550196516137312e+01
6.579524642479540830e+00
1.395727947504383337e+01
1.479855404066383784e+01
1.070474469691662733e+01
8.444016491289504600e+00
1.236077446474206631e+01
7.225151993843566878e+00
1.117038385124011413e+01
1.058513485680245481e+01
1.555363345008750464e+01
9.373021315815206478e+00
8.593479713983121826e+00
1.453814859003845150e+01
1.296408962885714899e+01
1.291488987023529766e+01
1.559451034962034477e+01
1.134007028277388685e+01
1.194164264288369282e+01
1.225733520300188317e+01
1.058513485680245481e+01
6.955796338302048021e+00
1.236077446474206631e+01
1.349345229721172146e+01
7.898654169668588132e+00
1.518078909665319287e+01
1.330339418036568588e+01
1.117038385124011413e+01
1.058513485680245481e+01
9.373021315815206478e+00
1.046415791390898242e+01
9.965574970333758387e+00
1.150725478350318376e+01
1.440618081907316395e+01
1.320733953636073110e+01
1.236077446474206631e+01
1.156244577056221523e+01
1.344618962205996482e+01
6.770275002573075795e+00
1.335116235624909109e+01
1.251433034574463399e+01
1.156244577056221523e+01
1.167204486311898926e+01
1.064510777218481152e+01
1.150725478350318376e+01
1.052482020710848865e+01
1.575695754970980111e+01
6.076507779746498805e+00
1.471226436021925466e+01
1.445030398768713376e+01
1.646815177937675045e+01
1.330339418036568588e+01
1.236077446474206631e+01
8.740387444736633427e+00
9.507891862878782518e+00
1.440618081907316395e+01
8.884866446580955923e+00
1.058513485680245481e+01
9.965574970333758387e+00
1.117038385124011413e+01
1.654528640181426269e+01
6.675581178124545545e+00
1.479855404066383784e+01
9.373021315815206478e+00
1.286550196516137312e+01
1.354055000514615159e+01
1.349345229721172146e+01
1.183454054540639433e+01
1.696325844612841038e+01
9.574614729634383536e+00
9.373021315815206478e+00
1.475547227809780537e+01
6.675581178124545545e+00
1.315904928495908166e+01
1.547155565579009817e+01
7.225151993843566878e+00
1.183454054540639433e+01
7.312732791431452384e+00
