7.046725639945927711e+00
1.422831991532699902e+01
1.058513485680245481e+01
1.296408962885714899e+01
1.543035303761632804e+01
8.136857890256438353e+00
1.696325844612841038e+01
9.373021315815206478e+00
1.034176589165282145e+01
9.373021315815206478e+00
7.978845608028653835e+00
7.225151993843566878e+00
7.312732791431452384e+00
1.178062436274634450e+01
1.591774699517169012e+01
1.479855404066383784e+01
1.134007028277388685e+01
7.399277020331918919e+00
1.635176762293251684e+01
1.178062436274634450e+01
1.509668435477122017e+01
1.271618740744904485e+01
1.117038385124011413e+01
1.266602473693425601e+01
1.354055000514615159e+01
1.496964127403822076e+01
9.965574970333758387e+00
6.282549314314217703e+00
1.220528683538465842e+01
7.898654169668588132e+00
1.301310337505149661e+01
1.436192209445157708e+01
1.070474469691662733e+01
8.667244841319218907e+00
1.178062436274634450e+01
8.519075891779829490e+00
1.117038385124011413e+01
5.753627391751591880e+00
1.058513485680245481e+01
1.501210842680413826e+01
9.373021315815206478e+00
9.027033336764100468e+00
1.395727947504383337e+01
1.281592373849173683e+01
1.251433034574463399e+01
1.453814859003845150e+01
1.150725478350318376e+01
5.170882945826410726e+00
1.178062436274634450e+01
1.178062436274634450e+01
8.519075891779829490e+00
1.058513485680245481e+01
1.236077446474206631e+01
1.335116235624909109e+01
8.444016491289504600e+00
1.466892917224166482e+01
1.276615297284584649e+01
1.117038385124011413e+01
9.965574970333758387e+00
9.373021315815206478e+00
1.058513485680245481e+01
9.965574970333758387e+00
1.070474469691662733e+01
1.368087033328175828e+01
1.311058116710494836e+01
6.863662517577697741e+00
1.215301555949299761e+01
1.058513485680245481e+01
1.156244577056221523e+01
8.136857890256438353e+00
5.753627391751591880e+00
1.286550196516137312e+01
7.312732791431452384e+00
1.194164264288369282e+01
1.178062436274634450e+01
1.150725478350318376e+01
1.040314189572019821e+01
1.117038385124011413e+01
1.058513485680245481e+01
8.136857890256438353e+00
1.471226436021925466e+01
1.335116235624909109e+01
1.381976597885341995e+01
6.675581178124545545e+00
1.547155565579009817e+01
1.311058116710494836e+01
1.225733520300188317e+01
9.373021315815206478e+00
9.373021315815206478e+00
1.344618962205996482e+01
9.373021315815206478e+00
1.028002345391383443e+01
7.225151993843566878e+00
9.965574970333758387e+00
1.117038385124011413e+01
5.753627391751591880e+00
8.519075891779829490e+00
1.530607971465162365e+01
1.413855043925722121e+01
9.373021315815206478e+00
1.266602473693425601e+01
1.281592373849173683e+01
1.291488987023529766e+01
1.052482020710848865e+01
1.603728119216292924e+01
9.965574970333758387e+00
9.507891862878782518e+00
1.427299292922216978e+01
4.222008245644752300e+00
6.482044814428574497e+00
8.136857890256438353e+00
1.210051848659980855e+01
8.812923024107547576e+00
4.652426491681278087e+00
1.422831991532699902e+01
5.170882945826410726e+00
1.105581278308273596e+01
5.970821321441846408e+00
7.399277020331918919e+00
