1.496964127403822076e+01
1.436192209445157708e+01
1.058513485680245481e+01
1.673656774376800982e+01
7.399277020331918919e+00
1.874604263163041296e+01
1.009253008808064145e+01
9.772050238058398008e+00
8.884866446580955923e+00
5.170882945826410726e+00
1.236077446474206631e+01
1.599753570059363028e+01
1.599753570059363028e+01
1.246335526484300615e+01
1.769793569896924623e+01
1.145179781116143225e+01
1.635176762293251684e+01
1.377362305878664728e+01
1.117038385124011413e+01
1.395727947504383337e+01
1.354055000514615159e+01
1.555363345008750464e+01
9.772050238058398008e+00
1.311058116710494836e+01
1.418350619798065715e+01
1.488434347843123184e+01
1.058513485680245481e+01
7.046725639945927711e+00
1.271618740744904485e+01
1.070474469691662733e+01
1.058513485680245481e+01
1.658371917462410394e+01
9.965574970333758387e+00
7.735777827895049086e+00
1.505445578434700415e+01
1.276615297284584649e+01
1.306193320280393344e+01
1.646815177937675045e+01
1.134007028277388685e+01
1.194164264288369282e+01
1.339876023397903637e+01
1.058513485680245481e+01
1.236077446474206631e+01
1.330339418036568588e+01
3.385137501286537898e+00
1.543035303761632804e+01
1.431752655671925822e+01
1.094004191971426110e+01
1.117038385124011413e+01
9.236181543108379799e+00
1.070474469691662733e+01
9.304852983362556174e+00
1.145179781116143225e+01
1.462546558286290477e+01
1.315904928495908166e+01
1.246335526484300615e+01
1.404820733880128181e+01
1.172646028567007725e+01
1.431752655671925822e+01
1.251433034574463399e+01
1.134007028277388685e+01
1.178062436274634450e+01
1.178062436274634450e+01
1.167204486311898926e+01
1.058513485680245481e+01
1.619528777809902209e+01
1.526443044094783019e+01
1.440618081907316395e+01
1.726088217525477830e+01
1.372732503515539548e+01
1.276615297284584649e+01
6.383076486422923246e+00
1.484151074652385738e+01
9.236181543108379799e+00
1.009253008808064145e+01
7.312732791431452384e+00
9.965574970333758387e+00
1.161737456321036532e+01
1.711271735549580697e+01
1.559451034962034477e+01
9.097283682934460103e+00
1.286550196516137312e+01
1.363425735166143049e+01
1.881384047546846006e+01
1.377362305878664728e+01
1.204779266504070279e+01
9.373021315815206478e+00
8.291859587312051971e+00
1.484151074652385738e+01
1.315904928495908166e+01
1.642944866646030988e+01
1.377362305878664728e+01
