1.462546558286290477e+01
1.418350619798065715e+01
1.058513485680245481e+01
1.639065416446577927e+01
7.817640190446718762e+00
1.833399137695016279e+01
1.040314189572019821e+01
1.002925341359354938e+01
9.166995688475081394e+00
6.863662517577697741e+00
1.236077446474206631e+01
1.599753570059363028e+01
1.583755632390385770e+01
1.251433034574463399e+01
1.748077488947326685e+01
1.145179781116143225e+01
1.595769121605730767e+01
1.315904928495908166e+01
1.117038385124011413e+01
1.368087033328175828e+01
1.354055000514615159e+01
1.538904010394216471e+01
9.901487006738307173e+00
1.296408962885714899e+01
1.400281721259029588e+01
5.970821321441846408e+00
1.479855404066383784e+01
1.070474469691662733e+01
8.136857890256438353e+00
1.236077446474206631e+01
6.579524642479540830e+00
1.111324596323282954e+01
1.058513485680245481e+01
1.595769121605730767e+01
9.373021315815206478e+00
8.136857890256438353e+00
1.466892917224166482e+01
1.291488987023529766e+01
1.301310337505149661e+01
1.575695754970980111e+01
1.134007028277388685e+01
1.194164264288369282e+01
1.236077446474206631e+01
1.046415791390898242e+01
1.236077446474206631e+01
5.753627391751591880e+00
1.344618962205996482e+01
7.225151993843566878e+00
1.538904010394216471e+01
1.349345229721172146e+01
1.117038385124011413e+01
1.058513485680245481e+01
9.373021315815206478e+00
1.046415791390898242e+01
9.965574970333758387e+00
1.150725478350318376e+01
1.458187244392064308e+01
1.315904928495908166e+01
1.236077446474206631e+01
1.363425735166143049e+01
1.161737456321036532e+01
5.970821321441846408e+00
1.363425735166143049e+01
1.251433034574463399e+01
1.156244577056221523e+01
1.178062436274634450e+01
1.105581278308273596e+01
1.156244577056221523e+01
1.058513485680245481e+01
1.583755632390385770e+01
1.488434347843123184e+01
3.908820095223359381e+00
1.436192209445157708e+01
1.677456227108388731e+01
1.349345229721172146e+01
1.236077446474206631e+01
8.291859587312051971e+00
1.466892917224166482e+01
9.373021315815206478e+00
8.593479713983121826e+00
1.058513485680245481e+01
9.965574970333758387e+00
1.117038385124011413e+01
1.677456227108388731e+01
5.527906391541367981e+00
1.488434347843123184e+01
9.373021315815206478e+00
1.286550196516137312e+01
1.354055000514615159e+01
1.740778594902202769e+01
1.363425735166143049e+01
1.194164264288369282e+01
9.373021315815206478e+00
9.166995688475081394e+00
1.475547227809780537e+01
5.641895835477562571e+00
1.325545386523797831e+01
1.575695754970980111e+01
6.482044814428574497e+00
1.236077446474206631e+01
6.482044814428574497e+00
