1.271618740744904485e+01
1.363425735166143049e+01
1.058513485680245481e+01
1.215301555949299761e+01
7.978845608028653835e+00
1.445030398768713376e+01
8.136857890256438353e+00
1.575695754970980111e+01
8.740387444736633427e+00
1.088169461344923583e+01
9.373021315815206478e+00
8.136857890256438353e+00
8.667244841319218907e+00
9.373021315815206478e+00
1.178062436274634450e+01
1.551264883747923129e+01
1.368087033328175828e+01
8.368283871884004910e+00
1.094004191971426110e+01
1.496964127403822076e+01
1.178062436274634450e+01
1.458187244392064308e+01
1.150725478350318376e+01
1.064510777218481152e+01
5.641895835477562571e+00
6.076507779746498805e+00
1.354055000514615159e+01
1.088169461344923583e+01
1.440618081907316395e+01
5.292567428401227403e+00
9.373021315815206478e+00
9.640875829802336483e+00
1.058513485680245481e+01
8.136857890256438353e+00
4.787307364817191768e+00
1.204779266504070279e+01
1.395727947504383337e+01
1.117038385124011413e+01
2.985410660720923204e+00
9.027033336764100468e+00
6.955796338302048021e+00
1.117038385124011413e+01
1.139607097042601680e+01
8.444016491289504600e+00
8.136857890256438353e+00
7.569397566060480642e+00
1.058513485680245481e+01
9.965574970333758387e+00
1.178062436274634450e+01
9.640875829802336483e+00
8.956231982162769611e+00
1.330339418036568588e+01
1.246335526484300615e+01
1.349345229721172146e+01
1.225733520300188317e+01
1.088169461344923583e+01
7.817640190446718762e+00
1.156244577056221523e+01
1.178062436274634450e+01
9.304852983362556174e+00
1.058513485680245481e+01
1.204779266504070279e+01
1.236077446474206631e+01
8.884866446580955923e+00
2.256758334191025117e+00
7.136496464611084889e+00
1.395727947504383337e+01
1.178062436274634450e+01
1.070474469691662733e+01
9.965574970333758387e+00
9.373021315815206478e+00
1.058513485680245481e+01
9.965574970333758387e+00
1.058513485680245481e+01
1.246335526484300615e+01
1.210051848659980855e+01
8.136857890256438353e+00
1.105581278308273596e+01
8.136857890256438353e+00
6.770275002573075795e+00
1.058513485680245481e+01
1.058513485680245481e+01
8.740387444736633427e+00
1.199483507827737583e+01
8.740387444736633427e+00
1.117038385124011413e+01
1.178062436274634450e+01
3.908820095223359381e+00
1.015541250385961369e+01
4.787307364817191768e+00
9.965574970333758387e+00
5.292567428401227403e+00
9.965574970333758387e+00
8.593479713983121826e+00
1.009253008808064145e+01
1.225733520300188317e+01
1.311058116710494836e+01
1.296408962885714899e+01
6.383076486422923246e+00
8.136857890256438353e+00
1.386575534383213970e+01
7.484820637019110379e+00
5.753627391751591880e+00
3.908820095223359381e+00
1.261566261010080048e+01
1.070474469691662733e+01
9.507891862878782518e+00
9.373021315815206478e+00
8.740387444736633427e+00
9.965574970333758387e+00
1.117038385124011413e+01
9.965574970333758387e+00
9.836981518731869656e+00
1.094004191971426110e+01
8.136857890256438353e+00
9.373021315815206478e+00
1.413855043925722121e+01
1.178062436274634450e+01
9.373021315815206478e+00
1.236077446474206631e+01
1.134007028277388685e+01
7.225151993843566878e+00
1.194164264288369282e+01
9.373021315815206478e+00
1.436192209445157708e+01
7.225151993843566878e+00
9.965574970333758387e+00
9.373021315815206478e+00
7.225151993843566878e+00
1.358748446131948917e+01
7.136496464611084889e+00
7.225151993843566878e+00
8.740387444736633427e+00
1.117038385124011413e+01
8.136857890256438353e+00
9.373021315815206478e+00
5.641895835477562571e+00
7.399277020331918919e+00
1.271618740744904485e+01
1.271618740744904485e+01
9.965574970333758387e+00
7.569397566060480642e+00
7.817640190446718762e+00
