1.492705330360461602e+01
1.431752655671925822e+01
1.058513485680245481e+01
1.673656774376800982e+01
7.312732791431452384e+00
1.860970596672511235e+01
1.009253008808064145e+01
9.836981518731869656e+00
8.740387444736633427e+00
5.641895835477562571e+00
1.236077446474206631e+01
1.599753570059363028e+01
1.599753570059363028e+01
1.246335526484300615e+01
1.766192765414112031e+01
1.145179781116143225e+01
1.627371578051287671e+01
1.372732503515539548e+01
1.117038385124011413e+01
1.391159267660409604e+01
1.354055000514615159e+01
1.547155565579009817e+01
9.772050238058398008e+00
1.311058116710494836e+01
1.413855043925722121e+01
1.484151074652385738e+01
1.064510777218481152e+01
7.484820637019110379e+00
1.261566261010080048e+01
1.076405121554611632e+01
4.068428945128219176e+00
1.058513485680245481e+01
1.650676414605009157e+01
9.507891862878782518e+00
8.058239062071395509e+00
1.492705330360461602e+01
1.276615297284584649e+01
1.306193320280393344e+01
1.642944866646030988e+01
1.134007028277388685e+01
1.194164264288369282e+01
1.330339418036568588e+01
1.058513485680245481e+01
1.236077446474206631e+01
1.330339418036568588e+01
5.170882945826410726e+00
1.543035303761632804e+01
1.400281721259029588e+01
1.094004191971426110e+01
1.117038385124011413e+01
9.373021315815206478e+00
1.076405121554611632e+01
9.440697438826296306e+00
1.145179781116143225e+01
1.462546558286290477e+01
1.315904928495908166e+01
1.236077446474206631e+01
1.395727947504383337e+01
1.172646028567007725e+01
1.422831991532699902e+01
1.251433034574463399e+01
1.145179781116143225e+01
1.178062436274634450e+01
1.167204486311898926e+01
1.156244577056221523e+01
1.058513485680245481e+01
1.615593100600235843e+01
1.513879513212096128e+01
1.440618081907316395e+01
1.707547527140466670e+01
1.377362305878664728e+01
1.281592373849173683e+01
6.955796338302048021e+00
1.488434347843123184e+01
9.304852983362556174e+00
1.009253008808064145e+01
7.653039857325811823e+00
9.965574970333758387e+00
1.156244577056221523e+01
1.711271735549580697e+01
1.555363345008750464e+01
9.166995688475081394e+00
1.286550196516137312e+01
1.358748446131948917e+01
1.871205159254777683e+01
1.377362305878664728e+01
1.204779266504070279e+01
9.373021315815206478e+00
8.593479713983121826e+00
1.484151074652385738e+01
1.320733953636073110e+01
1.639065416446577927e+01
1.354055000514615159e+01
