1.471226436021925466e+01
1.422831991532699902e+01
1.058513485680245481e+01
1.662206308517478703e+01
7.484820637019110379e+00
1.843786751347043307e+01
1.040314189572019821e+01
9.965574970333758387e+00
9.166995688475081394e+00
6.482044814428574497e+00
1.236077446474206631e+01
1.599753570059363028e+01
1.591774699517169012e+01
1.241217083805063837e+01
1.755346033766304004e+01
1.145179781116143225e+01
1.611647812414279102e+01
1.339876023397903637e+01
1.117038385124011413e+01
1.377362305878664728e+01
1.354055000514615159e+01
1.547155565579009817e+01
9.772050238058398008e+00
1.301310337505149661e+01
1.409345127989185542e+01
3.908820095223359381e+00
1.484151074652385738e+01
1.064510777218481152e+01
8.136857890256438353e+00
1.236077446474206631e+01
1.088169461344923583e+01
5.753627391751591880e+00
1.058513485680245481e+01
1.623454913941802857e+01
9.507891862878782518e+00
8.136857890256438353e+00
1.484151074652385738e+01
1.281592373849173683e+01
1.306193320280393344e+01
1.595769121605730767e+01
1.134007028277388685e+01
1.194164264288369282e+01
1.291488987023529766e+01
1.052482020710848865e+01
1.236077446474206631e+01
4.222008245644752300e+00
1.335116235624909109e+01
6.482044814428574497e+00
1.538904010394216471e+01
1.381976597885341995e+01
1.117038385124011413e+01
1.058513485680245481e+01
9.373021315815206478e+00
1.046415791390898242e+01
9.772050238058398008e+00
1.145179781116143225e+01
1.462546558286290477e+01
1.315904928495908166e+01
1.236077446474206631e+01
1.381976597885341995e+01
1.172646028567007725e+01
1.400281721259029588e+01
3.742410318509555189e+00
1.251433034574463399e+01
1.150725478350318376e+01
1.178062436274634450e+01
1.128379167095512514e+01
1.156244577056221523e+01
1.058513485680245481e+01
1.599753570059363028e+01
1.496964127403822076e+01
1.440618081907316395e+01
1.700074635581867355e+01
1.349345229721172146e+01
1.266602473693425601e+01
7.735777827895049086e+00
1.484151074652385738e+01
9.373021315815206478e+00
8.136857890256438353e+00
1.034176589165282145e+01
9.965574970333758387e+00
1.117038385124011413e+01
1.696325844612841038e+01
1.518078909665319287e+01
1.595769121605730811e+00
9.304852983362556174e+00
1.286550196516137312e+01
1.354055000514615159e+01
1.805406667352820094e+01
1.368087033328175828e+01
1.194164264288369282e+01
9.373021315815206478e+00
9.027033336764100468e+00
1.484151074652385738e+01
1.320733953636073110e+01
1.595769121605730811e+00
1.595769121605730767e+01
5.292567428401227403e+00
1.251433034574463399e+01
5.170882945826410726e+00
