1.484151074652385738e+01
1.471226436021925466e+01
1.105581278308273596e+01
1.471226436021925466e+01
1.296408962885714899e+01
9.836981518731869656e+00
9.901487006738307173e+00
1.315904928495908166e+01
1.058513485680245481e+01
1.368087033328175828e+01
8.667244841319218907e+00
1.306193320280393344e+01
1.156244577056221523e+01
1.161737456321036532e+01
9.901487006738307173e+00
9.373021315815206478e+00
1.276615297284584649e+01
1.325545386523797831e+01
7.653039857325811823e+00
1.276615297284584649e+01
7.312732791431452384e+00
1.058513485680245481e+01
8.740387444736633427e+00
1.484151074652385738e+01
1.134007028277388685e+01
1.266602473693425601e+01
9.965574970333758387e+00
1.058513485680245481e+01
8.667244841319218907e+00
1.296408962885714899e+01
9.373021315815206478e+00
9.640875829802336483e+00
1.117038385124011413e+01
1.256509862862843541e+01
7.735777827895049086e+00
8.136857890256438353e+00
1.808929415419343556e+01
7.898654169668588132e+00
9.836981518731869656e+00
1.496964127403822076e+01
1.669848676668040710e+01
1.363425735166143049e+01
9.166995688475081394e+00
7.136496464611084889e+00
5.641895835477562571e+00
1.413855043925722121e+01
1.595769121605730767e+01
8.956231982162769611e+00
1.372732503515539548e+01
9.304852983362556174e+00
1.391159267660409604e+01
1.650676414605009157e+01
1.404820733880128181e+01
1.339876023397903637e+01
1.034176589165282145e+01
8.368283871884004910e+00
1.658371917462410394e+01
1.178062436274634450e+01
1.266602473693425601e+01
1.156244577056221523e+01
1.475547227809780537e+01
1.058513485680245481e+01
1.117038385124011413e+01
1.666031874701878124e+01
1.575695754970980111e+01
1.281592373849173683e+01
9.097283682934460103e+00
6.863662517577697741e+00
1.563528038089343752e+01
5.046265044040320724e+00
7.312732791431452384e+00
1.315904928495908166e+01
1.178062436274634450e+01
4.370193722368316713e+00
1.156244577056221523e+01
8.667244841319218907e+00
1.372732503515539548e+01
1.526443044094783019e+01
9.236181543108379799e+00
1.603728119216292924e+01
1.276615297284584649e+01
6.383076486422923246e+00
1.058513485680245481e+01
1.466892917224166482e+01
1.436192209445157708e+01
6.675581178124545545e+00
1.058513485680245481e+01
4.787307364817191768e+00
1.358748446131948917e+01
8.136857890256438353e+00
1.276615297284584649e+01
4.513516668382050234e+00
1.139607097042601680e+01
1.619528777809902209e+01
1.488434347843123184e+01
1.349345229721172146e+01
1.150725478350318376e+01
9.373021315815206478e+00
1.183454054540639433e+01
1.117038385124011413e+01
1.070474469691662733e+01
8.291859587312051971e+00
1.522266721510391640e+01
1.575695754970980111e+01
