1.440618081907316395e+01
1.413855043925722121e+01
1.058513485680245481e+01
1.427299292922216978e+01
1.261566261010080048e+01
9.901487006738307173e+00
9.965574970333758387e+00
1.296408962885714899e+01
1.058513485680245481e+01
1.296408962885714899e+01
9.236181543108379799e+00
5.170882945826410726e+00
1.271618740744904485e+01
1.117038385124011413e+01
1.117038385124011413e+01
9.965574970333758387e+00
9.836981518731869656e+00
1.251433034574463399e+01
7.136496464611084889e+00
1.281592373849173683e+01
8.136857890256438353e+00
5.170882945826410726e+00
8.136857890256438353e+00
1.178062436274634450e+01
1.058513485680245481e+01
8.740387444736633427e+00
1.462546558286290477e+01
1.256509862862843541e+01
1.058513485680245481e+01
9.373021315815206478e+00
1.009253008808064145e+01
9.236181543108379799e+00
1.256509862862843541e+01
9.373021315815206478e+00
9.373021315815206478e+00
1.117038385124011413e+01
1.236077446474206631e+01
6.863662517577697741e+00
8.136857890256438353e+00
8.667244841319218907e+00
1.261566261010080048e+01
8.136857890256438353e+00
9.965574970333758387e+00
1.395727947504383337e+01
1.591774699517169012e+01
1.315904928495908166e+01
9.373021315815206478e+00
8.593479713983121826e+00
1.134007028277388685e+01
7.569397566060480642e+00
5.292567428401227403e+00
1.291488987023529766e+01
5.753627391751591880e+00
1.530607971465162365e+01
9.574614729634383536e+00
1.363425735166143049e+01
9.027033336764100468e+00
1.261566261010080048e+01
1.623454913941802857e+01
6.863662517577697741e+00
1.377362305878664728e+01
1.276615297284584649e+01
1.046415791390898242e+01
8.740387444736633427e+00
1.501210842680413826e+01
1.167204486311898926e+01
1.261566261010080048e+01
1.156244577056221523e+01
6.076507779746498805e+00
1.413855043925722121e+01
1.058513485680245481e+01
1.099807968464679142e+01
1.579730833933717626e+01
6.383076486422923246e+00
1.462546558286290477e+01
1.286550196516137312e+01
6.383076486422923246e+00
8.136857890256438353e+00
9.373021315815206478e+00
1.505445578434700415e+01
7.898654169668588132e+00
8.136857890256438353e+00
1.236077446474206631e+01
1.156244577056221523e+01
6.955796338302048021e+00
1.139607097042601680e+01
9.373021315815206478e+00
1.349345229721172146e+01
1.418350619798065715e+01
9.640875829802336483e+00
1.488434347843123184e+01
1.246335526484300615e+01
7.735777827895049086e+00
1.052482020710848865e+01
1.422831991532699902e+01
1.358748446131948917e+01
6.482044814428574497e+00
7.978845608028653835e+00
8.136857890256438353e+00
1.058513485680245481e+01
8.593479713983121826e+00
1.286550196516137312e+01
1.276615297284584649e+01
6.863662517577697741e+00
1.094004191971426110e+01
1.501210842680413826e+01
1.471226436021925466e+01
1.315904928495908166e+01
9.236181543108379799e+00
1.117038385124011413e+01
1.134007028277388685e+01
4.513516668382050234e+00
1.117038385124011413e+01
1.082303275961201905e+01
8.740387444736633427e+00
5.753627391751591880e+00
1.458187244392064308e+01
1.543035303761632804e+01
