1.427299292922216978e+01
1.409345127989185542e+01
1.058513485680245481e+01
1.427299292922216978e+01
1.251433034574463399e+01
9.901487006738307173e+00
9.965574970333758387e+00
1.281592373849173683e+01
1.058513485680245481e+01
1.291488987023529766e+01
5.753627391751591880e+00
9.236181543108379799e+00
1.271618740744904485e+01
1.117038385124011413e+01
1.117038385124011413e+01
9.965574970333758387e+00
9.836981518731869656e+00
1.246335526484300615e+01
7.484820637019110379e+00
1.276615297284584649e+01
8.136857890256438353e+00
5.170882945826410726e+00
8.136857890256438353e+00
1.178062436274634450e+01
1.058513485680245481e+01
8.740387444736633427e+00
1.462546558286290477e+01
1.256509862862843541e+01
1.052482020710848865e+01
9.373021315815206478e+00
1.009253008808064145e+01
9.236181543108379799e+00
1.251433034574463399e+01
9.373021315815206478e+00
9.373021315815206478e+00
1.117038385124011413e+01
1.236077446474206631e+01
6.863662517577697741e+00
8.136857890256438353e+00
8.667244841319218907e+00
1.261566261010080048e+01
8.136857890256438353e+00
9.965574970333758387e+00
1.395727947504383337e+01
1.583755632390385770e+01
1.311058116710494836e+01
9.373021315815206478e+00
8.593479713983121826e+00
1.117038385124011413e+01
7.399277020331918919e+00
5.641895835477562571e+00
6.076507779746498805e+00
1.281592373849173683e+01
1.526443044094783019e+01
2.985410660720923204e+00
9.507891862878782518e+00
1.363425735166143049e+01
9.027033336764100468e+00
1.236077446474206631e+01
1.619528777809902209e+01
6.863662517577697741e+00
1.381976597885341995e+01
1.276615297284584649e+01
1.052482020710848865e+01
8.740387444736633427e+00
1.488434347843123184e+01
1.167204486311898926e+01
1.261566261010080048e+01
1.156244577056221523e+01
6.482044814428574497e+00
1.413855043925722121e+01
1.058513485680245481e+01
1.099807968464679142e+01
1.579730833933717626e+01
6.383076486422923246e+00
1.449429283826230197e+01
1.286550196516137312e+01
6.383076486422923246e+00
8.136857890256438353e+00
9.373021315815206478e+00
1.501210842680413826e+01
7.978845608028653835e+00
8.136857890256438353e+00
1.236077446474206631e+01
7.225151993843566878e+00
1.156244577056221523e+01
1.134007028277388685e+01
9.373021315815206478e+00
1.339876023397903637e+01
1.404820733880128181e+01
9.772050238058398008e+00
1.479855404066383784e+01
1.246335526484300615e+01
7.817640190446718762e+00
1.046415791390898242e+01
1.413855043925722121e+01
6.863662517577697741e+00
1.344618962205996482e+01
8.136857890256438353e+00
8.136857890256438353e+00
1.058513485680245481e+01
8.740387444736633427e+00
1.281592373849173683e+01
1.276615297284584649e+01
6.955796338302048021e+00
1.088169461344923583e+01
1.496964127403822076e+01
1.471226436021925466e+01
1.315904928495908166e+01
9.236181543108379799e+00
1.117038385124011413e+01
1.122723095552866468e+01
4.787307364817191768e+00
1.117038385124011413e+01
1.076405121554611632e+01
8.740387444736633427e+00
6.076507779746498805e+00
1.449429283826230197e+01
1.543035303761632804e+01
