8.368283871884004910e+00
1.372732503515539548e+01
1.009253008808064145e+01
1.099807968464679142e+01
4.513516668382050234e+00
1.296408962885714899e+01
1.236077446474206631e+01
5.970821321441846408e+00
9.965574970333758387e+00
1.058513485680245481e+01
2.985410660720923204e+00
9.574614729634383536e+00
1.236077446474206631e+01
1.194164264288369282e+01
7.817640190446718762e+00
9.373021315815206478e+00
1.058513485680245481e+01
1.161737456321036532e+01
1.099807968464679142e+01
9.901487006738307173e+00
9.373021315815206478e+00
6.863662517577697741e+00
6.076507779746498805e+00
3.568248232305542444e+00
8.136857890256438353e+00
1.167204486311898926e+01
1.236077446474206631e+01
7.399277020331918919e+00
8.740387444736633427e+00
8.291859587312051971e+00
1.058513485680245481e+01
1.099807968464679142e+01
8.740387444736633427e+00
1.178062436274634450e+01
1.325545386523797831e+01
9.772050238058398008e+00
9.304852983362556174e+00
9.901487006738307173e+00
9.373021315815206478e+00
1.134007028277388685e+01
9.373021315815206478e+00
9.772050238058398008e+00
1.105581278308273596e+01
1.167204486311898926e+01
5.292567428401227403e+00
6.282549314314217703e+00
8.136857890256438353e+00
8.740387444736633427e+00
8.956231982162769611e+00
1.178062436274634450e+01
8.593479713983121826e+00
9.965574970333758387e+00
1.395727947504383337e+01
1.315904928495908166e+01
1.204779266504070279e+01
9.574614729634383536e+00
8.812923024107547576e+00
5.527906391541367981e+00
9.965574970333758387e+00
7.898654169668588132e+00
7.653039857325811823e+00
8.444016491289504600e+00
6.863662517577697741e+00
1.128379167095512514e+01
7.225151993843566878e+00
1.431752655671925822e+01
8.884866446580955923e+00
1.246335526484300615e+01
8.740387444736633427e+00
7.225151993843566878e+00
1.117038385124011413e+01
1.567594437773643001e+01
7.817640190446718762e+00
6.863662517577697741e+00
1.335116235624909109e+01
1.220528683538465842e+01
9.097283682934460103e+00
1.058513485680245481e+01
1.128379167095512514e+01
1.335116235624909109e+01
1.172646028567007725e+01
1.111324596323282954e+01
8.136857890256438353e+00
6.076507779746498805e+00
1.381976597885341995e+01
1.034176589165282145e+01
9.901487006738307173e+00
7.484820637019110379e+00
1.466892917224166482e+01
1.330339418036568588e+01
7.484820637019110379e+00
1.246335526484300615e+01
8.740387444736633427e+00
9.373021315815206478e+00
1.368087033328175828e+01
8.740387444736633427e+00
6.579524642479540830e+00
8.136857890256438353e+00
1.117038385124011413e+01
8.136857890256438353e+00
6.675581178124545545e+00
1.122723095552866468e+01
1.064510777218481152e+01
9.507891862878782518e+00
1.236077446474206631e+01
9.965574970333758387e+00
1.311058116710494836e+01
6.863662517577697741e+00
1.395727947504383337e+01
1.117038385124011413e+01
8.136857890256438353e+00
3.908820095223359381e+00
9.640875829802336483e+00
8.136857890256438353e+00
1.306193320280393344e+01
1.215301555949299761e+01
8.740387444736633427e+00
8.740387444736633427e+00
1.058513485680245481e+01
8.740387444736633427e+00
1.178062436274634450e+01
1.178062436274634450e+01
5.170882945826410726e+00
8.136857890256438353e+00
1.009253008808064145e+01
1.286550196516137312e+01
1.377362305878664728e+01
1.178062436274634450e+01
9.373021315815206478e+00
9.507891862878782518e+00
9.965574970333758387e+00
7.735777827895049086e+00
6.863662517577697741e+00
6.955796338302048021e+00
1.058513485680245481e+01
6.863662517577697741e+00
9.507891862878782518e+00
6.955796338302048021e+00
8.136857890256438353e+00
8.593479713983121826e+00
6.282549314314217703e+00
1.372732503515539548e+01
1.488434347843123184e+01
4.918490759365934828e+00
