1.488434347843123184e+01
1.471226436021925466e+01
1.088169461344923583e+01
1.471226436021925466e+01
1.296408962885714899e+01
9.836981518731869656e+00
9.836981518731869656e+00
1.315904928495908166e+01
1.058513485680245481e+01
1.372732503515539548e+01
8.444016491289504600e+00
1.311058116710494836e+01
1.161737456321036532e+01
1.172646028567007725e+01
9.836981518731869656e+00
9.373021315815206478e+00
1.276615297284584649e+01
1.325545386523797831e+01
7.484820637019110379e+00
1.291488987023529766e+01
7.225151993843566878e+00
1.058513485680245481e+01
8.740387444736633427e+00
1.488434347843123184e+01
1.150725478350318376e+01
1.266602473693425601e+01
9.965574970333758387e+00
1.058513485680245481e+01
8.667244841319218907e+00
1.296408962885714899e+01
9.373021315815206478e+00
9.640875829802336483e+00
1.117038385124011413e+01
1.261566261010080048e+01
7.735777827895049086e+00
8.136857890256438353e+00
1.812445316531431061e+01
7.898654169668588132e+00
9.836981518731869656e+00
1.496964127403822076e+01
1.673656774376800982e+01
1.363425735166143049e+01
9.166995688475081394e+00
7.046725639945927711e+00
5.527906391541367981e+00
1.427299292922216978e+01
1.611647812414279102e+01
8.667244841319218907e+00
1.372732503515539548e+01
9.373021315815206478e+00
1.409345127989185542e+01
1.658371917462410394e+01
1.404820733880128181e+01
1.344618962205996482e+01
1.034176589165282145e+01
8.291859587312051971e+00
1.662206308517478703e+01
1.183454054540639433e+01
1.266602473693425601e+01
1.161737456321036532e+01
1.479855404066383784e+01
1.058513485680245481e+01
1.117038385124011413e+01
1.666031874701878124e+01
1.591774699517169012e+01
1.281592373849173683e+01
9.097283682934460103e+00
6.863662517577697741e+00
1.571650316319191809e+01
4.652426491681278087e+00
7.046725639945927711e+00
1.320733953636073110e+01
1.194164264288369282e+01
3.908820095223359381e+00
1.156244577056221523e+01
8.593479713983121826e+00
1.372732503515539548e+01
1.538904010394216471e+01
9.166995688475081394e+00
1.615593100600235843e+01
1.276615297284584649e+01
6.383076486422923246e+00
1.058513485680245481e+01
1.475547227809780537e+01
1.449429283826230197e+01
1.058513485680245481e+01
4.222008245644752300e+00
1.377362305878664728e+01
6.282549314314217703e+00
8.136857890256438353e+00
1.276615297284584649e+01
4.222008245644752300e+00
1.150725478350318376e+01
1.635176762293251684e+01
1.488434347843123184e+01
1.354055000514615159e+01
1.167204486311898926e+01
9.236181543108379799e+00
1.178062436274634450e+01
1.117038385124011413e+01
1.070474469691662733e+01
7.978845608028653835e+00
1.522266721510391640e+01
1.575695754970980111e+01
