1.445030398768713376e+01
1.458187244392064308e+01
1.105581278308273596e+01
1.449429283826230197e+01
1.271618740744904485e+01
9.901487006738307173e+00
9.965574970333758387e+00
1.306193320280393344e+01
1.058513485680245481e+01
1.335116235624909109e+01
8.956231982162769611e+00
1.286550196516137312e+01
1.139607097042601680e+01
1.134007028277388685e+01
1.009253008808064145e+01
9.772050238058398008e+00
1.271618740744904485e+01
6.579524642479540830e+00
1.296408962885714899e+01
8.136857890256438353e+00
1.210051848659980855e+01
8.136857890256438353e+00
1.058513485680245481e+01
8.740387444736633427e+00
1.466892917224166482e+01
1.105581278308273596e+01
1.256509862862843541e+01
9.373021315815206478e+00
1.021790793990058255e+01
9.027033336764100468e+00
1.276615297284584649e+01
9.373021315815206478e+00
9.507891862878782518e+00
1.117038385124011413e+01
1.236077446474206631e+01
8.136857890256438353e+00
8.593479713983121826e+00
5.970821321441846408e+00
1.748077488947326685e+01
8.136857890256438353e+00
9.901487006738307173e+00
1.449429283826230197e+01
1.623454913941802857e+01
1.344618962205996482e+01
9.373021315815206478e+00
7.978845608028653835e+00
7.399277020331918919e+00
1.325545386523797831e+01
4.513516668382050234e+00
1.563528038089343752e+01
9.304852983362556174e+00
1.368087033328175828e+01
8.884866446580955923e+00
1.325545386523797831e+01
1.642944866646030988e+01
5.753627391751591880e+00
1.377362305878664728e+01
1.315904928495908166e+01
1.034176589165282145e+01
8.740387444736633427e+00
1.559451034962034477e+01
1.167204486311898926e+01
1.261566261010080048e+01
1.156244577056221523e+01
4.787307364817191768e+00
1.440618081907316395e+01
1.058513485680245481e+01
1.117038385124011413e+01
1.611647812414279102e+01
5.753627391751591880e+00
1.479855404066383784e+01
1.281592373849173683e+01
7.653039857325811823e+00
5.292567428401227403e+00
9.304852983362556174e+00
1.530607971465162365e+01
6.955796338302048021e+00
7.978845608028653835e+00
1.256509862862843541e+01
1.178062436274634450e+01
6.579524642479540830e+00
1.145179781116143225e+01
9.166995688475081394e+00
1.358748446131948917e+01
1.449429283826230197e+01
9.373021315815206478e+00
1.526443044094783019e+01
1.256509862862843541e+01
7.225151993843566878e+00
1.058513485680245481e+01
1.431752655671925822e+01
1.386575534383213970e+01
5.970821321441846408e+00
7.225151993843566878e+00
7.653039857325811823e+00
1.058513485680245481e+01
1.311058116710494836e+01
8.740387444736633427e+00
1.276615297284584649e+01
6.180387232371033157e+00
1.117038385124011413e+01
1.551264883747923129e+01
1.479855404066383784e+01
1.320733953636073110e+01
9.440697438826296306e+00
1.117038385124011413e+01
1.172646028567007725e+01
1.117038385124011413e+01
1.076405121554611632e+01
8.740387444736633427e+00
3.191538243211461623e+00
1.496964127403822076e+01
1.547155565579009817e+01
