1.501210842680413826e+01
1.471226436021925466e+01
1.070474469691662733e+01
1.479855404066383784e+01
1.301310337505149661e+01
9.836981518731869656e+00
1.315904928495908166e+01
9.574614729634383536e+00
1.058513485680245481e+01
1.377362305878664728e+01
8.058239062071395509e+00
1.315904928495908166e+01
1.172646028567007725e+01
1.178062436274634450e+01
9.772050238058398008e+00
9.373021315815206478e+00
1.286550196516137312e+01
1.330339418036568588e+01
6.955796338302048021e+00
1.311058116710494836e+01
6.482044814428574497e+00
1.058513485680245481e+01
8.740387444736633427e+00
1.492705330360461602e+01
1.178062436274634450e+01
1.271618740744904485e+01
9.965574970333758387e+00
1.058513485680245481e+01
8.444016491289504600e+00
1.296408962885714899e+01
9.373021315815206478e+00
9.640875829802336483e+00
1.117038385124011413e+01
1.276615297284584649e+01
7.978845608028653835e+00
7.225151993843566878e+00
1.840330728156092377e+01
1.513879513212096128e+01
9.772050238058398008e+00
7.817640190446718762e+00
1.685029431422315938e+01
1.372732503515539548e+01
9.166995688475081394e+00
5.753627391751591880e+00
1.595769121605730811e+00
1.462546558286290477e+01
1.619528777809902209e+01
8.214724333230154940e+00
1.377362305878664728e+01
9.166995688475081394e+00
1.458187244392064308e+01
1.662206308517478703e+01
1.404820733880128181e+01
1.358748446131948917e+01
1.034176589165282145e+01
7.569397566060480642e+00
1.692568750643268771e+01
1.183454054540639433e+01
1.271618740744904485e+01
1.183454054540639433e+01
1.484151074652385738e+01
1.058513485680245481e+01
1.139607097042601680e+01
1.703815178355965898e+01
1.603728119216292924e+01
1.286550196516137312e+01
8.884866446580955923e+00
6.383076486422923246e+00
1.595769121605730767e+01
6.955796338302048021e+00
1.372732503515539548e+01
1.225733520300188317e+01
1.161737456321036532e+01
8.136857890256438353e+00
1.386575534383213970e+01
1.587770228520368221e+01
9.166995688475081394e+00
1.654528640181426269e+01
1.276615297284584649e+01
5.046265044040320724e+00
1.058513485680245481e+01
1.488434347843123184e+01
1.471226436021925466e+01
1.436192209445157708e+01
1.046415791390898242e+01
5.170882945826410726e+00
7.978845608028653835e+00
1.291488987023529766e+01
1.188821220645068522e+01
1.666031874701878124e+01
1.488434347843123184e+01
1.368087033328175828e+01
1.178062436274634450e+01
9.166995688475081394e+00
1.183454054540639433e+01
1.117038385124011413e+01
1.064510777218481152e+01
7.484820637019110379e+00
1.534761596392107741e+01
1.591774699517169012e+01
