1.471226436021925466e+01
1.453814859003845150e+01
1.117038385124011413e+01
1.458187244392064308e+01
1.291488987023529766e+01
9.836981518731869656e+00
9.965574970333758387e+00
1.306193320280393344e+01
1.058513485680245481e+01
1.344618962205996482e+01
8.812923024107547576e+00
1.291488987023529766e+01
1.150725478350318376e+01
1.156244577056221523e+01
9.965574970333758387e+00
9.640875829802336483e+00
1.276615297284584649e+01
5.046265044040320724e+00
1.315904928495908166e+01
7.978845608028653835e+00
1.236077446474206631e+01
7.898654169668588132e+00
1.058513485680245481e+01
8.740387444736633427e+00
1.479855404066383784e+01
1.117038385124011413e+01
1.261566261010080048e+01
9.574614729634383536e+00
1.040314189572019821e+01
9.027033336764100468e+00
1.276615297284584649e+01
9.373021315815206478e+00
9.574614729634383536e+00
1.117038385124011413e+01
1.236077446474206631e+01
8.136857890256438353e+00
8.291859587312051971e+00
4.222008245644752300e+00
1.780552292517845459e+01
8.136857890256438353e+00
9.836981518731869656e+00
1.492705330360461602e+01
1.669848676668040710e+01
1.358748446131948917e+01
9.304852983362556174e+00
7.653039857325811823e+00
6.770275002573075795e+00
1.372732503515539548e+01
1.587770228520368221e+01
9.097283682934460103e+00
1.372732503515539548e+01
8.884866446580955923e+00
1.372732503515539548e+01
1.642944866646030988e+01
4.513516668382050234e+00
1.395727947504383337e+01
1.335116235624909109e+01
1.034176589165282145e+01
8.740387444736633427e+00
1.603728119216292924e+01
1.178062436274634450e+01
1.261566261010080048e+01
1.161737456321036532e+01
1.449429283826230197e+01
1.058513485680245481e+01
1.117038385124011413e+01
1.642944866646030988e+01
1.551264883747923129e+01
4.652426491681278087e+00
1.281592373849173683e+01
9.166995688475081394e+00
7.225151993843566878e+00
3.385137501286537898e+00
1.555363345008750464e+01
6.180387232371033157e+00
7.484820637019110379e+00
1.276615297284584649e+01
1.178062436274634450e+01
5.753627391751591880e+00
1.150725478350318376e+01
9.027033336764100468e+00
1.368087033328175828e+01
1.488434347843123184e+01
9.373021315815206478e+00
1.551264883747923129e+01
1.271618740744904485e+01
6.863662517577697741e+00
1.058513485680245481e+01
1.449429283826230197e+01
1.409345127989185542e+01
4.513516668382050234e+00
7.225151993843566878e+00
1.058513485680245481e+01
6.076507779746498805e+00
1.325545386523797831e+01
8.136857890256438353e+00
1.276615297284584649e+01
5.170882945826410726e+00
1.117038385124011413e+01
1.607692842495848140e+01
1.488434347843123184e+01
1.335116235624909109e+01
1.122723095552866468e+01
9.373021315815206478e+00
1.178062436274634450e+01
1.117038385124011413e+01
1.070474469691662733e+01
8.519075891779829490e+00
1.513879513212096128e+01
1.571650316319191809e+01
