1.559451034962034477e+01
1.488434347843123184e+01
1.070474469691662733e+01
1.492705330360461602e+01
1.306193320280393344e+01
1.339876023397903637e+01
9.373021315815206478e+00
1.058513485680245481e+01
9.507891862878782518e+00
1.395727947504383337e+01
7.225151993843566878e+00
1.354055000514615159e+01
1.172646028567007725e+01
1.199483507827737583e+01
9.373021315815206478e+00
9.236181543108379799e+00
1.286550196516137312e+01
1.344618962205996482e+01
5.753627391751591880e+00
1.320733953636073110e+01
1.058513485680245481e+01
9.027033336764100468e+00
1.301310337505149661e+01
1.509668435477122017e+01
1.246335526484300615e+01
9.965574970333758387e+00
1.058513485680245481e+01
8.136857890256438353e+00
1.320733953636073110e+01
9.373021315815206478e+00
9.640875829802336483e+00
1.111324596323282954e+01
1.301310337505149661e+01
7.046725639945927711e+00
5.970821321441846408e+00
1.898227571077954323e+01
1.571650316319191809e+01
9.507891862878782518e+00
6.863662517577697741e+00
1.733448968263843781e+01
1.391159267660409604e+01
8.368283871884004910e+00
1.563528038089343752e+01
1.650676414605009157e+01
6.863662517577697741e+00
1.386575534383213970e+01
8.740387444736633427e+00
1.567594437773643001e+01
1.677456227108388731e+01
1.395727947504383337e+01
1.372732503515539548e+01
1.002925341359354938e+01
5.411516379806009525e+00
1.722396045987370883e+01
1.194164264288369282e+01
1.291488987023529766e+01
1.204779266504070279e+01
1.496964127403822076e+01
1.070474469691662733e+01
1.122723095552866468e+01
1.718695942796624365e+01
1.603728119216292924e+01
1.286550196516137312e+01
8.740387444736633427e+00
3.568248232305542444e+00
1.677456227108388731e+01
5.527906391541367981e+00
1.422831991532699902e+01
1.236077446474206631e+01
1.178062436274634450e+01
1.386575534383213970e+01
1.646815177937675045e+01
7.484820637019110379e+00
1.692568750643268771e+01
8.136857890256438353e+00
1.311058116710494836e+01
1.064510777218481152e+01
1.571650316319191809e+01
1.501210842680413826e+01
1.466892917224166482e+01
1.058513485680245481e+01
6.770275002573075795e+00
1.311058116710494836e+01
1.220528683538465842e+01
1.696325844612841038e+01
1.518078909665319287e+01
1.391159267660409604e+01
1.167204486311898926e+01
8.667244841319218907e+00
1.188821220645068522e+01
1.088169461344923583e+01
1.058513485680245481e+01
5.753627391751591880e+00
1.551264883747923129e+01
1.603728119216292924e+01
