3.742410318509555189e+00
8.667244841319218907e+00
1.320733953636073110e+01
9.772050238058398008e+00
1.058513485680245481e+01
7.046725639945927711e+00
1.172646028567007725e+01
1.167204486311898926e+01
7.817640190446718762e+00
6.770275002573075795e+00
9.965574970333758387e+00
1.058513485680245481e+01
1.178062436274634450e+01
8.956231982162769611e+00
1.150725478350318376e+01
8.136857890256438353e+00
9.373021315815206478e+00
9.507891862878782518e+00
1.058513485680245481e+01
1.058513485680245481e+01
9.836981518731869656e+00
9.373021315815206478e+00
8.136857890256438353e+00
7.569397566060480642e+00
6.282549314314217703e+00
8.667244841319218907e+00
1.105581278308273596e+01
1.225733520300188317e+01
7.569397566060480642e+00
8.444016491289504600e+00
8.136857890256438353e+00
5.170882945826410726e+00
1.058513485680245481e+01
1.058513485680245481e+01
8.740387444736633427e+00
1.178062436274634450e+01
1.251433034574463399e+01
9.507891862878782518e+00
8.593479713983121826e+00
9.772050238058398008e+00
9.166995688475081394e+00
1.052482020710848865e+01
9.373021315815206478e+00
9.574614729634383536e+00
1.094004191971426110e+01
1.117038385124011413e+01
7.225151993843566878e+00
7.399277020331918919e+00
8.136857890256438353e+00
2.763953195770683990e+00
8.291859587312051971e+00
8.593479713983121826e+00
1.145179781116143225e+01
9.706684619910241452e+00
7.978845608028653835e+00
1.271618740744904485e+01
1.251433034574463399e+01
5.753627391751591880e+00
8.884866446580955923e+00
7.225151993843566878e+00
9.236181543108379799e+00
5.292567428401227403e+00
1.040314189572019821e+01
9.640875829802336483e+00
8.136857890256438353e+00
3.742410318509555189e+00
7.484820637019110379e+00
7.569397566060480642e+00
8.368283871884004910e+00
6.383076486422923246e+00
1.058513485680245481e+01
7.569397566060480642e+00
1.296408962885714899e+01
5.641895835477562571e+00
1.161737456321036532e+01
8.444016491289504600e+00
8.740387444736633427e+00
7.569397566060480642e+00
1.058513485680245481e+01
1.488434347843123184e+01
4.222008245644752300e+00
8.214724333230154940e+00
5.863230142835038627e+00
8.136857890256438353e+00
1.301310337505149661e+01
1.058513485680245481e+01
1.082303275961201905e+01
8.593479713983121826e+00
5.641895835477562571e+00
1.058513485680245481e+01
1.246335526484300615e+01
1.128379167095512514e+01
8.136857890256438353e+00
1.046415791390898242e+01
5.527906391541367981e+00
7.312732791431452384e+00
1.009253008808064145e+01
1.204779266504070279e+01
9.304852983362556174e+00
7.978845608028653835e+00
1.413855043925722121e+01
6.076507779746498805e+00
7.898654169668588132e+00
1.246335526484300615e+01
1.117038385124011413e+01
6.482044814428574497e+00
8.956231982162769611e+00
9.574614729634383536e+00
1.315904928495908166e+01
9.027033336764100468e+00
7.569397566060480642e+00
8.593479713983121826e+00
1.070474469691662733e+01
7.569397566060480642e+00
8.444016491289504600e+00
1.058513485680245481e+01
1.009253008808064145e+01
9.373021315815206478e+00
2.763953195770683990e+00
1.204779266504070279e+01
1.236077446474206631e+01
7.569397566060480642e+00
9.507891862878782518e+00
1.349345229721172146e+01
1.070474469691662733e+01
6.955796338302048021e+00
9.027033336764100468e+00
2.523132522020160362e+00
9.640875829802336483e+00
7.817640190446718762e+00
1.246335526484300615e+01
1.117038385124011413e+01
8.884866446580955923e+00
9.027033336764100468e+00
1.058513485680245481e+01
8.740387444736633427e+00
1.139607097042601680e+01
7.046725639945927711e+00
1.178062436274634450e+01
8.444016491289504600e+00
9.772050238058398008e+00
3.742410318509555189e+00
1.204779266504070279e+01
1.271618740744904485e+01
1.070474469691662733e+01
8.812923024107547576e+00
9.097283682934460103e+00
9.965574970333758387e+00
8.136857890256438353e+00
7.569397566060480642e+00
7.484820637019110379e+00
4.222008245644752300e+00
7.312732791431452384e+00
9.965574970333758387e+00
7.735777827895049086e+00
9.027033336764100468e+00
8.740387444736633427e+00
3.191538243211461623e+00
8.593479713983121826e+00
7.225151993843566878e+00
5.970821321441846408e+00
1.296408962885714899e+01
1.330339418036568588e+01
6.383076486422923246e+00
7.225151993843566878e+00
5.292567428401227403e+00
