1.492705330360461602e+01
1.471226436021925466e+01
1.082303275961201905e+01
1.471226436021925466e+01
1.301310337505149661e+01
9.836981518731869656e+00
9.836981518731869656e+00
1.315904928495908166e+01
1.058513485680245481e+01
1.372732503515539548e+01
8.291859587312051971e+00
1.315904928495908166e+01
1.161737456321036532e+01
1.178062436274634450e+01
9.836981518731869656e+00
9.373021315815206478e+00
1.281592373849173683e+01
1.325545386523797831e+01
7.484820637019110379e+00
1.296408962885714899e+01
7.225151993843566878e+00
1.058513485680245481e+01
8.740387444736633427e+00
1.488434347843123184e+01
1.150725478350318376e+01
1.271618740744904485e+01
9.965574970333758387e+00
1.058513485680245481e+01
8.593479713983121826e+00
1.296408962885714899e+01
9.373021315815206478e+00
9.640875829802336483e+00
1.117038385124011413e+01
1.261566261010080048e+01
7.569397566060480642e+00
8.136857890256438353e+00
1.815954410458608237e+01
9.772050238058398008e+00
7.735777827895049086e+00
1.496964127403822076e+01
1.673656774376800982e+01
1.368087033328175828e+01
9.166995688475081394e+00
6.482044814428574497e+00
5.046265044040320724e+00
1.440618081907316395e+01
1.615593100600235843e+01
8.519075891779829490e+00
1.377362305878664728e+01
9.166995688475081394e+00
1.422831991532699902e+01
1.658371917462410394e+01
1.404820733880128181e+01
1.344618962205996482e+01
1.034176589165282145e+01
8.291859587312051971e+00
1.669848676668040710e+01
1.183454054540639433e+01
1.266602473693425601e+01
1.172646028567007725e+01
1.479855404066383784e+01
1.058513485680245481e+01
1.117038385124011413e+01
1.677456227108388731e+01
1.591774699517169012e+01
1.281592373849173683e+01
9.097283682934460103e+00
6.863662517577697741e+00
1.575695754970980111e+01
4.222008245644752300e+00
6.955796338302048021e+00
1.339876023397903637e+01
1.210051848659980855e+01
1.156244577056221523e+01
8.444016491289504600e+00
1.372732503515539548e+01
1.551264883747923129e+01
9.166995688475081394e+00
1.635176762293251684e+01
1.276615297284584649e+01
6.383076486422923246e+00
1.058513485680245481e+01
1.479855404066383784e+01
1.458187244392064308e+01
1.058513485680245481e+01
1.377362305878664728e+01
6.076507779746498805e+00
8.136857890256438353e+00
2.256758334191025117e+00
1.276615297284584649e+01
3.908820095223359381e+00
1.161737456321036532e+01
1.650676414605009157e+01
1.488434347843123184e+01
1.354055000514615159e+01
1.172646028567007725e+01
9.236181543108379799e+00
1.178062436274634450e+01
1.117038385124011413e+01
1.070474469691662733e+01
7.817640190446718762e+00
1.526443044094783019e+01
1.575695754970980111e+01
