1.603728119216292924e+01
1.505445578434700415e+01
1.070474469691662733e+01
1.505445578434700415e+01
1.306193320280393344e+01
1.349345229721172146e+01
9.373021315815206478e+00
1.058513485680245481e+01
9.373021315815206478e+00
1.404820733880128181e+01
6.076507779746498805e+00
1.391159267660409604e+01
1.172646028567007725e+01
1.220528683538465842e+01
9.373021315815206478e+00
9.027033336764100468e+00
1.286550196516137312e+01
1.354055000514615159e+01
3.908820095223359381e+00
1.320733953636073110e+01
1.058513485680245481e+01
9.027033336764100468e+00
1.325545386523797831e+01
1.526443044094783019e+01
1.246335526484300615e+01
9.965574970333758387e+00
1.070474469691662733e+01
1.330339418036568588e+01
9.373021315815206478e+00
7.653039857325811823e+00
9.640875829802336483e+00
1.094004191971426110e+01
1.306193320280393344e+01
6.383076486422923246e+00
4.222008245644752300e+00
1.911595536035255805e+01
1.611647812414279102e+01
9.373021315815206478e+00
6.076507779746498805e+00
1.748077488947326685e+01
1.413855043925722121e+01
8.136857890256438353e+00
1.575695754970980111e+01
1.650676414605009157e+01
1.386575534383213970e+01
5.527906391541367981e+00
8.136857890256438353e+00
1.619528777809902209e+01
1.714987856615383066e+01
1.391159267660409604e+01
1.372732503515539548e+01
9.836981518731869656e+00
1.733448968263843781e+01
1.199483507827737583e+01
1.306193320280393344e+01
1.251433034574463399e+01
1.492705330360461602e+01
1.082303275961201905e+01
1.122723095552866468e+01
1.722396045987370883e+01
1.603728119216292924e+01
1.276615297284584649e+01
8.444016491289504600e+00
1.726088217525477830e+01
5.170882945826410726e+00
1.422831991532699902e+01
1.241217083805063837e+01
1.178062436274634450e+01
1.391159267660409604e+01
1.658371917462410394e+01
7.136496464611084889e+00
1.707547527140466670e+01
8.136857890256438353e+00
1.325545386523797831e+01
1.099807968464679142e+01
1.587770228520368221e+01
1.526443044094783019e+01
1.475547227809780537e+01
1.058513485680245481e+01
5.753627391751591880e+00
1.301310337505149661e+01
1.230916348999737586e+01
1.711271735549580697e+01
1.526443044094783019e+01
1.391159267660409604e+01
1.161737456321036532e+01
8.444016491289504600e+00
1.194164264288369282e+01
1.082303275961201905e+01
1.046415791390898242e+01
1.575695754970980111e+01
4.513516668382050234e+00
1.607692842495848140e+01
6.076507779746498805e+00
