8.444016491289504600e+00
1.358748446131948917e+01
9.965574970333758387e+00
1.099807968464679142e+01
5.170882945826410726e+00
1.291488987023529766e+01
1.236077446474206631e+01
6.180387232371033157e+00
9.965574970333758387e+00
4.068428945128219176e+00
1.058513485680245481e+01
9.440697438826296306e+00
1.236077446474206631e+01
1.172646028567007725e+01
7.898654169668588132e+00
9.373021315815206478e+00
1.028002345391383443e+01
1.161737456321036532e+01
1.099807968464679142e+01
9.901487006738307173e+00
9.373021315815206478e+00
7.046725639945927711e+00
6.282549314314217703e+00
4.222008245644752300e+00
8.136857890256438353e+00
1.156244577056221523e+01
1.236077446474206631e+01
7.399277020331918919e+00
8.740387444736633427e+00
8.291859587312051971e+00
1.058513485680245481e+01
1.088169461344923583e+01
8.740387444736633427e+00
1.178062436274634450e+01
1.325545386523797831e+01
9.772050238058398008e+00
9.236181543108379799e+00
9.901487006738307173e+00
9.373021315815206478e+00
1.117038385124011413e+01
9.373021315815206478e+00
9.772050238058398008e+00
1.105581278308273596e+01
1.156244577056221523e+01
5.753627391751591880e+00
6.383076486422923246e+00
8.136857890256438353e+00
8.593479713983121826e+00
8.956231982162769611e+00
1.178062436274634450e+01
8.593479713983121826e+00
9.965574970333758387e+00
1.381976597885341995e+01
1.306193320280393344e+01
1.199483507827737583e+01
9.373021315815206478e+00
8.740387444736633427e+00
5.753627391751591880e+00
9.965574970333758387e+00
7.978845608028653835e+00
7.817640190446718762e+00
8.519075891779829490e+00
6.955796338302048021e+00
1.128379167095512514e+01
7.225151993843566878e+00
1.413855043925722121e+01
8.884866446580955923e+00
1.236077446474206631e+01
8.740387444736633427e+00
7.399277020331918919e+00
1.117038385124011413e+01
1.551264883747923129e+01
8.058239062071395509e+00
6.863662517577697741e+00
1.335116235624909109e+01
1.220528683538465842e+01
9.097283682934460103e+00
1.058513485680245481e+01
1.128379167095512514e+01
1.330339418036568588e+01
1.167204486311898926e+01
1.082303275961201905e+01
8.136857890256438353e+00
6.282549314314217703e+00
1.372732503515539548e+01
1.034176589165282145e+01
9.965574970333758387e+00
7.399277020331918919e+00
1.458187244392064308e+01
1.315904928495908166e+01
7.484820637019110379e+00
1.230916348999737586e+01
8.740387444736633427e+00
9.373021315815206478e+00
2.763953195770683990e+00
1.368087033328175828e+01
8.884866446580955923e+00
6.863662517577697741e+00
8.291859587312051971e+00
1.117038385124011413e+01
8.136857890256438353e+00
6.863662517577697741e+00
1.128379167095512514e+01
1.028002345391383443e+01
9.373021315815206478e+00
1.236077446474206631e+01
9.965574970333758387e+00
1.306193320280393344e+01
6.863662517577697741e+00
1.395727947504383337e+01
1.117038385124011413e+01
8.519075891779829490e+00
4.652426491681278087e+00
9.640875829802336483e+00
8.136857890256438353e+00
1.296408962885714899e+01
1.210051848659980855e+01
8.740387444736633427e+00
8.740387444736633427e+00
1.058513485680245481e+01
8.740387444736633427e+00
1.178062436274634450e+01
1.178062436274634450e+01
5.527906391541367981e+00
8.136857890256438353e+00
1.009253008808064145e+01
1.276615297284584649e+01
1.354055000514615159e+01
1.167204486311898926e+01
9.236181543108379799e+00
9.507891862878782518e+00
9.965574970333758387e+00
7.817640190446718762e+00
6.863662517577697741e+00
7.046725639945927711e+00
1.058513485680245481e+01
6.482044814428574497e+00
9.373021315815206478e+00
6.955796338302048021e+00
8.136857890256438353e+00
8.593479713983121826e+00
6.282549314314217703e+00
1.368087033328175828e+01
1.475547227809780537e+01
5.753627391751591880e+00
3.191538243211461623e+00
