1.658371917462410394e+01
1.526443044094783019e+01
1.058513485680245481e+01
1.509668435477122017e+01
1.320733953636073110e+01
1.363425735166143049e+01
9.097283682934460103e+00
1.058513485680245481e+01
9.373021315815206478e+00
1.427299292922216978e+01
1.409345127989185542e+01
4.222008245644752300e+00
1.172646028567007725e+01
1.236077446474206631e+01
8.812923024107547576e+00
8.740387444736633427e+00
1.286550196516137312e+01
1.372732503515539548e+01
1.330339418036568588e+01
1.058513485680245481e+01
9.236181543108379799e+00
1.368087033328175828e+01
1.543035303761632804e+01
1.246335526484300615e+01
9.965574970333758387e+00
1.105581278308273596e+01
1.368087033328175828e+01
9.373021315815206478e+00
9.836981518731869656e+00
6.955796338302048021e+00
1.076405121554611632e+01
1.306193320280393344e+01
5.753627391751591880e+00
1.924870664532898701e+01
1.654528640181426269e+01
9.166995688475081394e+00
1.758969042850511855e+01
4.787307364817191768e+00
1.458187244392064308e+01
7.817640190446718762e+00
1.587770228520368221e+01
1.658371917462410394e+01
1.386575534383213970e+01
1.692568750643268771e+01
7.312732791431452384e+00
1.740778594902202769e+01
1.386575534383213970e+01
1.377362305878664728e+01
9.640875829802336483e+00
1.744431859350498826e+01
1.204779266504070279e+01
1.306193320280393344e+01
1.281592373849173683e+01
1.509668435477122017e+01
1.117038385124011413e+01
1.122723095552866468e+01
1.762584604821509515e+01
1.623454913941802857e+01
1.266602473693425601e+01
8.291859587312051971e+00
1.787688803255549530e+01
1.431752655671925822e+01
1.241217083805063837e+01
1.178062436274634450e+01
1.409345127989185542e+01
1.673656774376800982e+01
5.753627391751591880e+00
1.718695942796624365e+01
1.349345229721172146e+01
7.312732791431452384e+00
1.150725478350318376e+01
1.607692842495848140e+01
1.579730833933717626e+01
1.475547227809780537e+01
1.058513485680245481e+01
1.306193320280393344e+01
1.256509862862843541e+01
1.711271735549580697e+01
1.538904010394216471e+01
1.395727947504383337e+01
1.156244577056221523e+01
8.136857890256438353e+00
1.204779266504070279e+01
1.094004191971426110e+01
1.040314189572019821e+01
1.611647812414279102e+01
1.642944866646030988e+01
2.256758334191025117e+00
