1.418350619798065715e+01
1.418350619798065715e+01
1.058513485680245481e+01
1.400281721259029588e+01
1.236077446474206631e+01
9.965574970333758387e+00
9.965574970333758387e+00
1.261566261010080048e+01
1.058513485680245481e+01
1.291488987023529766e+01
6.955796338302048021e+00
9.373021315815206478e+00
1.256509862862843541e+01
1.064510777218481152e+01
1.117038385124011413e+01
9.965574970333758387e+00
9.640875829802336483e+00
4.222008245644752300e+00
8.136857890256438353e+00
1.178062436274634450e+01
1.261566261010080048e+01
6.863662517577697741e+00
8.444016491289504600e+00
8.136857890256438353e+00
1.150725478350318376e+01
1.070474469691662733e+01
8.740387444736633427e+00
1.418350619798065715e+01
1.246335526484300615e+01
9.965574970333758387e+00
9.373021315815206478e+00
9.965574970333758387e+00
9.373021315815206478e+00
1.241217083805063837e+01
9.373021315815206478e+00
9.373021315815206478e+00
1.117038385124011413e+01
1.210051848659980855e+01
7.653039857325811823e+00
8.291859587312051971e+00
8.740387444736633427e+00
1.236077446474206631e+01
8.136857890256438353e+00
9.965574970333758387e+00
1.368087033328175828e+01
1.534761596392107741e+01
1.276615297284584649e+01
9.373021315815206478e+00
8.740387444736633427e+00
1.028002345391383443e+01
7.484820637019110379e+00
6.955796338302048021e+00
7.484820637019110379e+00
1.256509862862843541e+01
3.742410318509555189e+00
6.076507779746498805e+00
1.484151074652385738e+01
8.884866446580955923e+00
1.354055000514615159e+01
8.740387444736633427e+00
5.641895835477562571e+00
1.178062436274634450e+01
1.599753570059363028e+01
7.569397566060480642e+00
1.368087033328175828e+01
1.236077446474206631e+01
1.052482020710848865e+01
8.740387444736633427e+00
1.161737456321036532e+01
1.418350619798065715e+01
1.256509862862843541e+01
1.145179781116143225e+01
7.312732791431452384e+00
1.395727947504383337e+01
1.052482020710848865e+01
1.082303275961201905e+01
6.863662517577697741e+00
1.538904010394216471e+01
1.404820733880128181e+01
6.770275002573075795e+00
1.271618740744904485e+01
8.136857890256438353e+00
9.373021315815206478e+00
1.440618081907316395e+01
8.444016491289504600e+00
4.787307364817191768e+00
8.136857890256438353e+00
1.183454054540639433e+01
7.978845608028653835e+00
1.117038385124011413e+01
1.122723095552866468e+01
9.373021315815206478e+00
1.320733953636073110e+01
1.368087033328175828e+01
9.836981518731869656e+00
1.445030398768713376e+01
4.222008245644752300e+00
1.188821220645068522e+01
8.136857890256438353e+00
1.034176589165282145e+01
1.368087033328175828e+01
7.225151993843566878e+00
1.320733953636073110e+01
8.444016491289504600e+00
8.444016491289504600e+00
1.058513485680245481e+01
8.740387444736633427e+00
1.241217083805063837e+01
1.261566261010080048e+01
7.484820637019110379e+00
1.052482020710848865e+01
1.395727947504383337e+01
1.436192209445157708e+01
1.266602473693425601e+01
9.166995688475081394e+00
1.021790793990058255e+01
1.046415791390898242e+01
6.579524642479540830e+00
2.763953195770683990e+00
4.513516668382050234e+00
1.111324596323282954e+01
1.009253008808064145e+01
4.513516668382050234e+00
5.170882945826410726e+00
7.399277020331918919e+00
8.884866446580955923e+00
1.404820733880128181e+01
1.530607971465162365e+01
