1.453814859003845150e+01
1.440618081907316395e+01
1.117038385124011413e+01
1.453814859003845150e+01
1.286550196516137312e+01
9.836981518731869656e+00
9.965574970333758387e+00
1.306193320280393344e+01
1.058513485680245481e+01
1.335116235624909109e+01
8.812923024107547576e+00
1.286550196516137312e+01
1.145179781116143225e+01
1.150725478350318376e+01
9.965574970333758387e+00
9.772050238058398008e+00
1.276615297284584649e+01
5.970821321441846408e+00
1.306193320280393344e+01
8.136857890256438353e+00
1.225733520300188317e+01
8.136857890256438353e+00
1.058513485680245481e+01
8.740387444736633427e+00
1.479855404066383784e+01
1.117038385124011413e+01
1.261566261010080048e+01
9.507891862878782518e+00
1.034176589165282145e+01
9.027033336764100468e+00
1.276615297284584649e+01
9.373021315815206478e+00
9.507891862878782518e+00
1.117038385124011413e+01
1.236077446474206631e+01
8.136857890256438353e+00
8.444016491289504600e+00
5.292567428401227403e+00
1.780552292517845459e+01
8.136857890256438353e+00
9.901487006738307173e+00
1.462546558286290477e+01
1.658371917462410394e+01
1.349345229721172146e+01
9.304852983362556174e+00
7.898654169668588132e+00
6.863662517577697741e+00
1.349345229721172146e+01
1.595769121605730811e+00
1.583755632390385770e+01
9.236181543108379799e+00
1.368087033328175828e+01
8.884866446580955923e+00
1.349345229721172146e+01
1.642944866646030988e+01
5.527906391541367981e+00
1.381976597885341995e+01
1.335116235624909109e+01
1.034176589165282145e+01
8.740387444736633427e+00
1.579730833933717626e+01
1.167204486311898926e+01
1.261566261010080048e+01
1.161737456321036532e+01
3.568248232305542444e+00
1.440618081907316395e+01
1.058513485680245481e+01
1.117038385124011413e+01
1.631278838364701755e+01
1.522266721510391640e+01
5.292567428401227403e+00
1.281592373849173683e+01
4.918490759365934828e+00
9.166995688475081394e+00
7.399277020331918919e+00
1.538904010394216471e+01
6.675581178124545545e+00
7.735777827895049086e+00
1.266602473693425601e+01
1.178062436274634450e+01
6.076507779746498805e+00
1.145179781116143225e+01
9.027033336764100468e+00
1.363425735166143049e+01
1.471226436021925466e+01
9.373021315815206478e+00
1.534761596392107741e+01
1.256509862862843541e+01
7.046725639945927711e+00
1.058513485680245481e+01
1.440618081907316395e+01
1.404820733880128181e+01
5.046265044040320724e+00
6.770275002573075795e+00
7.225151993843566878e+00
1.058513485680245481e+01
1.320733953636073110e+01
8.519075891779829490e+00
1.276615297284584649e+01
5.641895835477562571e+00
1.117038385124011413e+01
1.595769121605730767e+01
1.488434347843123184e+01
1.325545386523797831e+01
9.373021315815206478e+00
1.117038385124011413e+01
1.172646028567007725e+01
1.117038385124011413e+01
1.076405121554611632e+01
8.740387444736633427e+00
1.501210842680413826e+01
1.555363345008750464e+01
