1.445030398768713376e+01
1.431752655671925822e+01
1.064510777218481152e+01
1.431752655671925822e+01
1.266602473693425601e+01
9.901487006738307173e+00
9.965574970333758387e+00
1.296408962885714899e+01
1.058513485680245481e+01
1.320733953636073110e+01
9.097283682934460103e+00
3.908820095223359381e+00
1.281592373849173683e+01
1.117038385124011413e+01
1.128379167095512514e+01
9.901487006738307173e+00
9.772050238058398008e+00
1.266602473693425601e+01
6.955796338302048021e+00
1.286550196516137312e+01
8.136857890256438353e+00
3.385137501286537898e+00
8.136857890256438353e+00
1.178062436274634450e+01
1.058513485680245481e+01
8.740387444736633427e+00
1.462546558286290477e+01
1.256509862862843541e+01
1.076405121554611632e+01
9.373021315815206478e+00
1.009253008808064145e+01
9.166995688475081394e+00
1.271618740744904485e+01
9.373021315815206478e+00
9.373021315815206478e+00
1.117038385124011413e+01
1.236077446474206631e+01
6.675581178124545545e+00
8.136857890256438353e+00
8.667244841319218907e+00
1.271618740744904485e+01
8.136857890256438353e+00
9.901487006738307173e+00
1.418350619798065715e+01
1.607692842495848140e+01
1.330339418036568588e+01
9.373021315815206478e+00
8.291859587312051971e+00
1.161737456321036532e+01
7.569397566060480642e+00
4.222008245644752300e+00
1.311058116710494836e+01
5.641895835477562571e+00
1.547155565579009817e+01
9.373021315815206478e+00
1.368087033328175828e+01
8.884866446580955923e+00
1.311058116710494836e+01
1.627371578051287671e+01
6.482044814428574497e+00
1.377362305878664728e+01
1.296408962885714899e+01
1.046415791390898242e+01
8.740387444736633427e+00
1.530607971465162365e+01
1.167204486311898926e+01
1.261566261010080048e+01
1.156244577056221523e+01
5.753627391751591880e+00
1.431752655671925822e+01
1.058513485680245481e+01
1.111324596323282954e+01
1.595769121605730767e+01
6.383076486422923246e+00
1.475547227809780537e+01
1.286550196516137312e+01
5.970821321441846408e+00
7.898654169668588132e+00
9.373021315815206478e+00
1.518078909665319287e+01
7.569397566060480642e+00
8.136857890256438353e+00
1.236077446474206631e+01
1.167204486311898926e+01
6.955796338302048021e+00
1.145179781116143225e+01
9.236181543108379799e+00
1.354055000514615159e+01
1.427299292922216978e+01
9.373021315815206478e+00
1.509668435477122017e+01
1.251433034574463399e+01
7.484820637019110379e+00
1.052482020710848865e+01
1.427299292922216978e+01
1.372732503515539548e+01
6.282549314314217703e+00
7.653039857325811823e+00
7.898654169668588132e+00
1.058513485680245481e+01
8.593479713983121826e+00
1.291488987023529766e+01
1.276615297284584649e+01
6.383076486422923246e+00
1.099807968464679142e+01
1.522266721510391640e+01
1.475547227809780537e+01
1.320733953636073110e+01
9.373021315815206478e+00
1.117038385124011413e+01
1.145179781116143225e+01
1.117038385124011413e+01
1.082303275961201905e+01
8.740387444736633427e+00
4.787307364817191768e+00
1.475547227809780537e+01
1.547155565579009817e+01
