1.466892917224166482e+01
1.462546558286290477e+01
1.117038385124011413e+01
1.462546558286290477e+01
1.291488987023529766e+01
9.836981518731869656e+00
9.965574970333758387e+00
1.306193320280393344e+01
1.058513485680245481e+01
1.354055000514615159e+01
8.812923024107547576e+00
1.301310337505149661e+01
1.150725478350318376e+01
1.156244577056221523e+01
9.965574970333758387e+00
9.574614729634383536e+00
1.276615297284584649e+01
4.370193722368316713e+00
1.315904928495908166e+01
7.817640190446718762e+00
1.241217083805063837e+01
7.817640190446718762e+00
1.058513485680245481e+01
8.740387444736633427e+00
1.484151074652385738e+01
1.117038385124011413e+01
1.261566261010080048e+01
9.640875829802336483e+00
1.040314189572019821e+01
8.740387444736633427e+00
1.296408962885714899e+01
9.373021315815206478e+00
9.640875829802336483e+00
1.117038385124011413e+01
1.246335526484300615e+01
7.978845608028653835e+00
8.291859587312051971e+00
3.385137501286537898e+00
1.787688803255549530e+01
8.136857890256438353e+00
9.836981518731869656e+00
1.492705330360461602e+01
1.669848676668040710e+01
1.363425735166143049e+01
9.236181543108379799e+00
7.399277020331918919e+00
6.282549314314217703e+00
1.377362305878664728e+01
1.591774699517169012e+01
9.097283682934460103e+00
1.372732503515539548e+01
8.956231982162769611e+00
1.377362305878664728e+01
1.642944866646030988e+01
1.400281721259029588e+01
3.742410318509555189e+00
1.339876023397903637e+01
1.034176589165282145e+01
8.593479713983121826e+00
1.615593100600235843e+01
1.178062436274634450e+01
1.261566261010080048e+01
1.161737456321036532e+01
1.453814859003845150e+01
1.058513485680245481e+01
1.117038385124011413e+01
1.654528640181426269e+01
1.559451034962034477e+01
3.742410318509555189e+00
1.281592373849173683e+01
9.166995688475081394e+00
7.225151993843566878e+00
1.555363345008750464e+01
5.970821321441846408e+00
7.484820637019110379e+00
1.296408962885714899e+01
1.178062436274634450e+01
5.292567428401227403e+00
1.150725478350318376e+01
8.812923024107547576e+00
1.368087033328175828e+01
1.496964127403822076e+01
9.373021315815206478e+00
1.567594437773643001e+01
1.271618740744904485e+01
6.675581178124545545e+00
1.058513485680245481e+01
1.449429283826230197e+01
1.418350619798065715e+01
4.222008245644752300e+00
6.863662517577697741e+00
1.058513485680245481e+01
5.753627391751591880e+00
1.330339418036568588e+01
8.136857890256438353e+00
1.276615297284584649e+01
5.170882945826410726e+00
1.122723095552866468e+01
1.611647812414279102e+01
1.488434347843123184e+01
1.335116235624909109e+01
1.134007028277388685e+01
9.373021315815206478e+00
1.183454054540639433e+01
1.117038385124011413e+01
1.070474469691662733e+01
8.368283871884004910e+00
1.513879513212096128e+01
1.571650316319191809e+01
