1.427299292922216978e+01
1.418350619798065715e+01
1.058513485680245481e+01
1.418350619798065715e+01
1.241217083805063837e+01
9.965574970333758387e+00
9.965574970333758387e+00
1.271618740744904485e+01
1.058513485680245481e+01
1.291488987023529766e+01
6.383076486422923246e+00
9.373021315815206478e+00
1.256509862862843541e+01
1.082303275961201905e+01
1.117038385124011413e+01
9.965574970333758387e+00
9.836981518731869656e+00
1.241217083805063837e+01
7.978845608028653835e+00
1.266602473693425601e+01
8.291859587312051971e+00
6.076507779746498805e+00
8.136857890256438353e+00
1.167204486311898926e+01
1.070474469691662733e+01
8.740387444736633427e+00
1.453814859003845150e+01
1.251433034574463399e+01
1.009253008808064145e+01
9.373021315815206478e+00
9.965574970333758387e+00
9.373021315815206478e+00
1.256509862862843541e+01
9.373021315815206478e+00
9.373021315815206478e+00
1.117038385124011413e+01
1.220528683538465842e+01
7.312732791431452384e+00
8.136857890256438353e+00
8.740387444736633427e+00
1.261566261010080048e+01
8.136857890256438353e+00
9.965574970333758387e+00
1.386575534383213970e+01
1.567594437773643001e+01
1.291488987023529766e+01
9.373021315815206478e+00
8.740387444736633427e+00
1.076405121554611632e+01
7.569397566060480642e+00
6.482044814428574497e+00
6.955796338302048021e+00
1.276615297284584649e+01
5.046265044040320724e+00
1.492705330360461602e+01
9.166995688475081394e+00
1.358748446131948917e+01
9.027033336764100468e+00
5.170882945826410726e+00
1.178062436274634450e+01
1.607692842495848140e+01
7.225151993843566878e+00
1.372732503515539548e+01
1.236077446474206631e+01
1.052482020710848865e+01
8.740387444736633427e+00
1.167204486311898926e+01
1.436192209445157708e+01
1.256509862862843541e+01
1.156244577056221523e+01
7.046725639945927711e+00
1.413855043925722121e+01
1.052482020710848865e+01
1.094004191971426110e+01
1.567594437773643001e+01
6.675581178124545545e+00
1.427299292922216978e+01
1.281592373849173683e+01
6.383076486422923246e+00
8.136857890256438353e+00
9.373021315815206478e+00
1.479855404066383784e+01
8.136857890256438353e+00
8.136857890256438353e+00
1.215301555949299761e+01
7.569397566060480642e+00
1.134007028277388685e+01
1.122723095552866468e+01
9.373021315815206478e+00
1.325545386523797831e+01
1.381976597885341995e+01
9.836981518731869656e+00
1.449429283826230197e+01
1.225733520300188317e+01
8.136857890256438353e+00
1.034176589165282145e+01
1.400281721259029588e+01
6.863662517577697741e+00
1.335116235624909109e+01
8.136857890256438353e+00
8.136857890256438353e+00
1.058513485680245481e+01
8.740387444736633427e+00
1.261566261010080048e+01
1.271618740744904485e+01
7.399277020331918919e+00
1.076405121554611632e+01
1.466892917224166482e+01
1.453814859003845150e+01
1.301310337505149661e+01
9.236181543108379799e+00
1.088169461344923583e+01
1.070474469691662733e+01
6.076507779746498805e+00
1.117038385124011413e+01
1.076405121554611632e+01
3.191538243211461623e+00
6.955796338302048021e+00
8.884866446580955923e+00
1.427299292922216978e+01
1.543035303761632804e+01
