1.646815177937675045e+01
1.526443044094783019e+01
1.058513485680245481e+01
1.505445578434700415e+01
1.315904928495908166e+01
1.368087033328175828e+01
9.097283682934460103e+00
1.058513485680245481e+01
9.373021315815206478e+00
1.427299292922216978e+01
1.409345127989185542e+01
4.513516668382050234e+00
1.172646028567007725e+01
1.236077446474206631e+01
8.812923024107547576e+00
8.884866446580955923e+00
1.286550196516137312e+01
1.377362305878664728e+01
1.330339418036568588e+01
1.058513485680245481e+01
9.236181543108379799e+00
1.358748446131948917e+01
1.543035303761632804e+01
1.246335526484300615e+01
9.965574970333758387e+00
1.105581278308273596e+01
1.354055000514615159e+01
9.373021315815206478e+00
9.836981518731869656e+00
6.955796338302048021e+00
1.082303275961201905e+01
1.306193320280393344e+01
5.753627391751591880e+00
1.931474013823128644e+01
1.646815177937675045e+01
9.236181543108379799e+00
1.751715531361111644e+01
5.292567428401227403e+00
1.449429283826230197e+01
8.136857890256438353e+00
1.583755632390385770e+01
1.658371917462410394e+01
1.386575534383213970e+01
1.681247093473193388e+01
7.484820637019110379e+00
1.733448968263843781e+01
1.386575534383213970e+01
1.377362305878664728e+01
9.640875829802336483e+00
1.740778594902202769e+01
1.204779266504070279e+01
1.306193320280393344e+01
1.276615297284584649e+01
1.509668435477122017e+01
1.117038385124011413e+01
1.122723095552866468e+01
1.762584604821509515e+01
1.611647812414279102e+01
1.266602473693425601e+01
8.136857890256438353e+00
1.776973289316191185e+01
1.427299292922216978e+01
1.241217083805063837e+01
1.178062436274634450e+01
1.409345127989185542e+01
1.673656774376800982e+01
6.383076486422923246e+00
1.718695942796624365e+01
1.339876023397903637e+01
7.653039857325811823e+00
1.128379167095512514e+01
1.595769121605730767e+01
1.563528038089343752e+01
1.475547227809780537e+01
1.058513485680245481e+01
1.306193320280393344e+01
2.763953195770683990e+00
1.251433034574463399e+01
1.711271735549580697e+01
1.538904010394216471e+01
1.391159267660409604e+01
1.156244577056221523e+01
8.136857890256438353e+00
1.204779266504070279e+01
1.094004191971426110e+01
1.040314189572019821e+01
1.603728119216292924e+01
1.642944866646030988e+01
4.068428945128219176e+00
