1.692568750643268771e+01
1.530607971465162365e+01
1.052482020710848865e+01
1.530607971465162365e+01
1.325545386523797831e+01
1.372732503515539548e+01
8.740387444736633427e+00
1.058513485680245481e+01
9.373021315815206478e+00
1.440618081907316395e+01
1.440618081907316395e+01
1.172646028567007725e+01
1.236077446474206631e+01
8.444016491289504600e+00
8.291859587312051971e+00
1.296408962885714899e+01
1.381976597885341995e+01
1.330339418036568588e+01
1.058513485680245481e+01
9.027033336764100468e+00
1.391159267660409604e+01
1.551264883747923129e+01
1.246335526484300615e+01
9.965574970333758387e+00
1.117038385124011413e+01
1.386575534383213970e+01
9.373021315815206478e+00
9.965574970333758387e+00
6.383076486422923246e+00
1.070474469691662733e+01
1.306193320280393344e+01
1.967396303746373931e+01
1.711271735549580697e+01
8.884866446580955923e+00
1.762584604821509515e+01
1.471226436021925466e+01
7.136496464611084889e+00
1.599753570059363028e+01
1.681247093473193388e+01
1.386575534383213970e+01
1.707547527140466670e+01
6.579524642479540830e+00
1.755346033766304004e+01
1.386575534383213970e+01
1.377362305878664728e+01
9.236181543108379799e+00
1.755346033766304004e+01
1.204779266504070279e+01
1.306193320280393344e+01
1.276615297284584649e+01
1.522266721510391640e+01
1.117038385124011413e+01
1.122723095552866468e+01
1.794796937867891984e+01
1.658371917462410394e+01
1.261566261010080048e+01
7.978845608028653835e+00
1.812445316531431061e+01
1.436192209445157708e+01
1.236077446474206631e+01
1.194164264288369282e+01
1.418350619798065715e+01
1.681247093473193388e+01
1.718695942796624365e+01
3.908820095223359381e+00
1.354055000514615159e+01
6.076507779746498805e+00
1.199483507827737583e+01
1.650676414605009157e+01
1.611647812414279102e+01
1.475547227809780537e+01
1.046415791390898242e+01
1.296408962885714899e+01
1.256509862862843541e+01
1.718695942796624365e+01
1.538904010394216471e+01
1.386575534383213970e+01
1.156244577056221523e+01
7.569397566060480642e+00
1.204779266504070279e+01
1.076405121554611632e+01
1.046415791390898242e+01
1.642944866646030988e+01
1.650676414605009157e+01
