8.444016491289504600e+00
1.358748446131948917e+01
9.901487006738307173e+00
1.094004191971426110e+01
5.753627391751591880e+00
1.271618740744904485e+01
1.225733520300188317e+01
6.675581178124545545e+00
9.965574970333758387e+00
4.787307364817191768e+00
1.058513485680245481e+01
9.507891862878782518e+00
1.230916348999737586e+01
1.167204486311898926e+01
7.898654169668588132e+00
9.373021315815206478e+00
1.015541250385961369e+01
1.150725478350318376e+01
1.088169461344923583e+01
9.901487006738307173e+00
9.373021315815206478e+00
7.136496464611084889e+00
6.482044814428574497e+00
4.787307364817191768e+00
8.291859587312051971e+00
1.150725478350318376e+01
1.236077446474206631e+01
7.399277020331918919e+00
8.740387444736633427e+00
8.291859587312051971e+00
1.058513485680245481e+01
1.088169461344923583e+01
8.740387444736633427e+00
1.178062436274634450e+01
1.311058116710494836e+01
9.640875829802336483e+00
9.236181543108379799e+00
9.836981518731869656e+00
9.373021315815206478e+00
1.117038385124011413e+01
9.373021315815206478e+00
9.772050238058398008e+00
1.105581278308273596e+01
1.156244577056221523e+01
5.753627391751591880e+00
6.770275002573075795e+00
8.136857890256438353e+00
8.593479713983121826e+00
9.027033336764100468e+00
1.178062436274634450e+01
8.593479713983121826e+00
9.965574970333758387e+00
1.372732503515539548e+01
1.291488987023529766e+01
1.183454054540639433e+01
9.166995688475081394e+00
6.076507779746498805e+00
8.740387444736633427e+00
9.965574970333758387e+00
8.058239062071395509e+00
7.569397566060480642e+00
8.593479713983121826e+00
6.955796338302048021e+00
1.128379167095512514e+01
7.312732791431452384e+00
3.908820095223359381e+00
1.400281721259029588e+01
8.884866446580955923e+00
1.220528683538465842e+01
8.740387444736633427e+00
7.569397566060480642e+00
1.111324596323282954e+01
1.534761596392107741e+01
8.058239062071395509e+00
7.225151993843566878e+00
1.335116235624909109e+01
1.199483507827737583e+01
1.058513485680245481e+01
9.027033336764100468e+00
1.330339418036568588e+01
1.105581278308273596e+01
1.161737456321036532e+01
1.082303275961201905e+01
8.136857890256438353e+00
6.579524642479540830e+00
1.363425735166143049e+01
1.034176589165282145e+01
9.965574970333758387e+00
7.399277020331918919e+00
1.458187244392064308e+01
7.569397566060480642e+00
1.306193320280393344e+01
1.225733520300188317e+01
8.740387444736633427e+00
9.373021315815206478e+00
3.908820095223359381e+00
1.368087033328175828e+01
8.884866446580955923e+00
6.863662517577697741e+00
8.368283871884004910e+00
1.117038385124011413e+01
8.136857890256438353e+00
6.863662517577697741e+00
1.117038385124011413e+01
1.028002345391383443e+01
9.373021315815206478e+00
1.236077446474206631e+01
9.836981518731869656e+00
1.296408962885714899e+01
7.046725639945927711e+00
1.391159267660409604e+01
1.117038385124011413e+01
8.593479713983121826e+00
5.046265044040320724e+00
9.640875829802336483e+00
8.136857890256438353e+00
1.296408962885714899e+01
1.210051848659980855e+01
8.740387444736633427e+00
8.740387444736633427e+00
1.058513485680245481e+01
8.740387444736633427e+00
1.178062436274634450e+01
1.178062436274634450e+01
5.863230142835038627e+00
8.136857890256438353e+00
1.009253008808064145e+01
1.266602473693425601e+01
1.354055000514615159e+01
1.167204486311898926e+01
9.097283682934460103e+00
9.507891862878782518e+00
9.965574970333758387e+00
7.898654169668588132e+00
6.863662517577697741e+00
7.046725639945927711e+00
1.058513485680245481e+01
6.482044814428574497e+00
7.046725639945927711e+00
9.373021315815206478e+00
8.136857890256438353e+00
8.667244841319218907e+00
6.675581178124545545e+00
1.354055000514615159e+01
3.908820095223359381e+00
1.449429283826230197e+01
5.753627391751591880e+00
4.222008245644752300e+00
