1.409345127989185542e+01
1.413855043925722121e+01
1.058513485680245481e+01
1.400281721259029588e+01
1.236077446474206631e+01
9.965574970333758387e+00
9.965574970333758387e+00
1.266602473693425601e+01
1.058513485680245481e+01
1.291488987023529766e+01
6.955796338302048021e+00
9.373021315815206478e+00
1.256509862862843541e+01
1.070474469691662733e+01
1.117038385124011413e+01
9.965574970333758387e+00
9.640875829802336483e+00
4.787307364817191768e+00
8.214724333230154940e+00
1.178062436274634450e+01
1.256509862862843541e+01
6.863662517577697741e+00
8.444016491289504600e+00
8.136857890256438353e+00
1.145179781116143225e+01
1.070474469691662733e+01
8.740387444736633427e+00
1.246335526484300615e+01
1.409345127989185542e+01
9.965574970333758387e+00
9.373021315815206478e+00
1.009253008808064145e+01
9.373021315815206478e+00
1.241217083805063837e+01
9.373021315815206478e+00
9.373021315815206478e+00
1.117038385124011413e+01
1.210051848659980855e+01
7.898654169668588132e+00
8.444016491289504600e+00
8.740387444736633427e+00
1.236077446474206631e+01
8.368283871884004910e+00
9.965574970333758387e+00
1.368087033328175828e+01
1.509668435477122017e+01
1.271618740744904485e+01
9.373021315815206478e+00
8.740387444736633427e+00
1.021790793990058255e+01
7.484820637019110379e+00
6.955796338302048021e+00
7.653039857325811823e+00
1.251433034574463399e+01
4.652426491681278087e+00
6.076507779746498805e+00
1.484151074652385738e+01
8.884866446580955923e+00
1.339876023397903637e+01
8.740387444736633427e+00
5.863230142835038627e+00
1.178062436274634450e+01
1.591774699517169012e+01
7.569397566060480642e+00
1.363425735166143049e+01
1.236077446474206631e+01
1.052482020710848865e+01
8.740387444736633427e+00
1.161737456321036532e+01
1.413855043925722121e+01
1.246335526484300615e+01
1.139607097042601680e+01
7.484820637019110379e+00
1.395727947504383337e+01
1.046415791390898242e+01
1.082303275961201905e+01
7.046725639945927711e+00
1.530607971465162365e+01
1.395727947504383337e+01
7.046725639945927711e+00
1.276615297284584649e+01
8.214724333230154940e+00
9.373021315815206478e+00
1.440618081907316395e+01
8.519075891779829490e+00
4.918490759365934828e+00
8.136857890256438353e+00
1.161737456321036532e+01
8.136857890256438353e+00
1.117038385124011413e+01
3.191538243211461623e+00
1.122723095552866468e+01
9.373021315815206478e+00
1.311058116710494836e+01
1.363425735166143049e+01
9.836981518731869656e+00
1.440618081907316395e+01
4.787307364817191768e+00
1.178062436274634450e+01
8.136857890256438353e+00
1.034176589165282145e+01
1.358748446131948917e+01
7.312732791431452384e+00
1.315904928495908166e+01
8.593479713983121826e+00
8.444016491289504600e+00
1.058513485680245481e+01
8.740387444736633427e+00
1.210051848659980855e+01
1.256509862862843541e+01
7.484820637019110379e+00
1.040314189572019821e+01
1.386575534383213970e+01
1.436192209445157708e+01
1.256509862862843541e+01
9.236181543108379799e+00
1.009253008808064145e+01
1.034176589165282145e+01
6.863662517577697741e+00
3.908820095223359381e+00
5.046265044040320724e+00
1.099807968464679142e+01
9.965574970333758387e+00
5.641895835477562571e+00
4.787307364817191768e+00
7.653039857325811823e+00
8.884866446580955923e+00
1.400281721259029588e+01
1.526443044094783019e+01
