1.579730833933717626e+01
1.488434347843123184e+01
1.070474469691662733e+01
1.492705330360461602e+01
1.306193320280393344e+01
1.344618962205996482e+01
9.373021315815206478e+00
1.058513485680245481e+01
9.373021315815206478e+00
1.404820733880128181e+01
6.579524642479540830e+00
1.358748446131948917e+01
1.172646028567007725e+01
1.210051848659980855e+01
9.373021315815206478e+00
9.097283682934460103e+00
1.286550196516137312e+01
1.349345229721172146e+01
4.652426491681278087e+00
1.320733953636073110e+01
1.058513485680245481e+01
9.027033336764100468e+00
1.311058116710494836e+01
1.526443044094783019e+01
1.246335526484300615e+01
9.965574970333758387e+00
1.070474469691662733e+01
7.898654169668588132e+00
1.325545386523797831e+01
9.373021315815206478e+00
9.640875829802336483e+00
1.099807968464679142e+01
1.306193320280393344e+01
6.675581178124545545e+00
5.292567428401227403e+00
1.911595536035255805e+01
1.587770228520368221e+01
9.373021315815206478e+00
6.579524642479540830e+00
1.737117647432762624e+01
1.400281721259029588e+01
8.136857890256438353e+00
1.567594437773643001e+01
1.650676414605009157e+01
6.076507779746498805e+00
1.386575534383213970e+01
8.444016491289504600e+00
1.583755632390385770e+01
1.696325844612841038e+01
1.395727947504383337e+01
1.372732503515539548e+01
9.965574970333758387e+00
4.222008245644752300e+00
1.733448968263843781e+01
1.194164264288369282e+01
1.306193320280393344e+01
1.215301555949299761e+01
1.492705330360461602e+01
1.070474469691662733e+01
1.122723095552866468e+01
1.718695942796624365e+01
1.603728119216292924e+01
1.276615297284584649e+01
8.667244841319218907e+00
1.711271735549580697e+01
5.753627391751591880e+00
1.422831991532699902e+01
1.236077446474206631e+01
1.178062436274634450e+01
1.391159267660409604e+01
1.646815177937675045e+01
7.312732791431452384e+00
1.696325844612841038e+01
8.136857890256438353e+00
1.311058116710494836e+01
4.222008245644752300e+00
1.070474469691662733e+01
1.579730833933717626e+01
1.513879513212096128e+01
1.475547227809780537e+01
1.058513485680245481e+01
5.753627391751591880e+00
1.301310337505149661e+01
1.225733520300188317e+01
1.700074635581867355e+01
1.530607971465162365e+01
1.391159267660409604e+01
1.167204486311898926e+01
8.444016491289504600e+00
1.188821220645068522e+01
1.076405121554611632e+01
1.058513485680245481e+01
5.753627391751591880e+00
1.563528038089343752e+01
1.603728119216292924e+01
