1.427299292922216978e+01
1.422831991532699902e+01
1.058513485680245481e+01
1.427299292922216978e+01
1.246335526484300615e+01
9.965574970333758387e+00
9.965574970333758387e+00
1.281592373849173683e+01
1.058513485680245481e+01
1.291488987023529766e+01
5.753627391751591880e+00
9.304852983362556174e+00
1.261566261010080048e+01
1.099807968464679142e+01
1.117038385124011413e+01
9.965574970333758387e+00
9.836981518731869656e+00
1.246335526484300615e+01
7.484820637019110379e+00
1.271618740744904485e+01
8.136857890256438353e+00
5.411516379806009525e+00
8.136857890256438353e+00
1.178062436274634450e+01
1.064510777218481152e+01
8.740387444736633427e+00
1.462546558286290477e+01
1.256509862862843541e+01
1.034176589165282145e+01
9.373021315815206478e+00
1.009253008808064145e+01
9.236181543108379799e+00
1.251433034574463399e+01
9.373021315815206478e+00
9.373021315815206478e+00
1.117038385124011413e+01
1.236077446474206631e+01
6.863662517577697741e+00
8.136857890256438353e+00
8.740387444736633427e+00
1.256509862862843541e+01
8.136857890256438353e+00
9.965574970333758387e+00
1.395727947504383337e+01
1.579730833933717626e+01
1.296408962885714899e+01
9.373021315815206478e+00
8.667244841319218907e+00
1.094004191971426110e+01
7.484820637019110379e+00
5.753627391751591880e+00
6.579524642479540830e+00
1.276615297284584649e+01
1.518078909665319287e+01
4.222008245644752300e+00
9.373021315815206478e+00
1.363425735166143049e+01
9.027033336764100468e+00
2.985410660720923204e+00
1.188821220645068522e+01
1.611647812414279102e+01
6.863662517577697741e+00
1.381976597885341995e+01
1.261566261010080048e+01
1.052482020710848865e+01
8.740387444736633427e+00
1.167204486311898926e+01
1.453814859003845150e+01
1.261566261010080048e+01
1.156244577056221523e+01
6.579524642479540830e+00
1.413855043925722121e+01
1.058513485680245481e+01
1.094004191971426110e+01
1.575695754970980111e+01
6.482044814428574497e+00
1.436192209445157708e+01
1.286550196516137312e+01
6.383076486422923246e+00
8.136857890256438353e+00
9.373021315815206478e+00
1.501210842680413826e+01
8.136857890256438353e+00
8.136857890256438353e+00
1.225733520300188317e+01
7.399277020331918919e+00
1.145179781116143225e+01
1.128379167095512514e+01
9.373021315815206478e+00
1.330339418036568588e+01
1.400281721259029588e+01
9.772050238058398008e+00
1.475547227809780537e+01
1.241217083805063837e+01
7.978845608028653835e+00
1.040314189572019821e+01
1.404820733880128181e+01
6.863662517577697741e+00
1.339876023397903637e+01
8.136857890256438353e+00
8.136857890256438353e+00
1.058513485680245481e+01
8.740387444736633427e+00
1.276615297284584649e+01
1.281592373849173683e+01
6.955796338302048021e+00
1.082303275961201905e+01
1.484151074652385738e+01
1.466892917224166482e+01
1.311058116710494836e+01
9.236181543108379799e+00
1.111324596323282954e+01
1.111324596323282954e+01
5.292567428401227403e+00
1.117038385124011413e+01
1.076405121554611632e+01
8.740387444736633427e+00
6.180387232371033157e+00
1.440618081907316395e+01
1.543035303761632804e+01
