1.479855404066383784e+01
1.462546558286290477e+01
1.117038385124011413e+01
1.462546558286290477e+01
1.291488987023529766e+01
9.836981518731869656e+00
9.965574970333758387e+00
1.311058116710494836e+01
1.058513485680245481e+01
1.354055000514615159e+01
8.812923024107547576e+00
1.311058116710494836e+01
1.156244577056221523e+01
1.161737456321036532e+01
9.901487006738307173e+00
9.440697438826296306e+00
1.276615297284584649e+01
3.908820095223359381e+00
1.315904928495908166e+01
7.735777827895049086e+00
1.266602473693425601e+01
7.653039857325811823e+00
1.058513485680245481e+01
8.740387444736633427e+00
1.484151074652385738e+01
1.117038385124011413e+01
1.266602473693425601e+01
9.836981518731869656e+00
1.046415791390898242e+01
8.740387444736633427e+00
1.296408962885714899e+01
9.373021315815206478e+00
9.640875829802336483e+00
1.117038385124011413e+01
1.256509862862843541e+01
7.898654169668588132e+00
8.136857890256438353e+00
1.794796937867891984e+01
8.058239062071395509e+00
9.836981518731869656e+00
1.492705330360461602e+01
1.669848676668040710e+01
1.363425735166143049e+01
9.236181543108379799e+00
7.225151993843566878e+00
6.076507779746498805e+00
1.377362305878664728e+01
1.591774699517169012e+01
8.956231982162769611e+00
1.372732503515539548e+01
9.097283682934460103e+00
1.386575534383213970e+01
1.642944866646030988e+01
1.400281721259029588e+01
1.339876023397903637e+01
1.595769121605730811e+00
1.034176589165282145e+01
8.593479713983121826e+00
1.650676414605009157e+01
1.183454054540639433e+01
1.266602473693425601e+01
1.161737456321036532e+01
1.471226436021925466e+01
1.058513485680245481e+01
1.117038385124011413e+01
1.662206308517478703e+01
1.567594437773643001e+01
3.385137501286537898e+00
1.281592373849173683e+01
9.166995688475081394e+00
6.863662517577697741e+00
1.555363345008750464e+01
5.527906391541367981e+00
7.484820637019110379e+00
1.306193320280393344e+01
1.178062436274634450e+01
4.787307364817191768e+00
1.150725478350318376e+01
8.740387444736633427e+00
1.368087033328175828e+01
1.501210842680413826e+01
9.373021315815206478e+00
1.591774699517169012e+01
1.276615297284584649e+01
6.383076486422923246e+00
1.058513485680245481e+01
1.458187244392064308e+01
1.427299292922216978e+01
6.863662517577697741e+00
1.058513485680245481e+01
3.191538243211461623e+00
5.641895835477562571e+00
1.349345229721172146e+01
8.136857890256438353e+00
1.276615297284584649e+01
4.787307364817191768e+00
1.128379167095512514e+01
1.611647812414279102e+01
1.488434347843123184e+01
1.344618962205996482e+01
1.150725478350318376e+01
9.373021315815206478e+00
1.183454054540639433e+01
1.117038385124011413e+01
1.070474469691662733e+01
8.291859587312051971e+00
1.518078909665319287e+01
1.575695754970980111e+01
