1.692568750643268771e+01
1.522266721510391640e+01
1.052482020710848865e+01
1.522266721510391640e+01
1.320733953636073110e+01
1.368087033328175828e+01
9.097283682934460103e+00
1.058513485680245481e+01
9.373021315815206478e+00
1.436192209445157708e+01
1.431752655671925822e+01
1.172646028567007725e+01
1.236077446474206631e+01
8.812923024107547576e+00
8.444016491289504600e+00
1.286550196516137312e+01
1.381976597885341995e+01
1.330339418036568588e+01
1.058513485680245481e+01
9.166995688475081394e+00
1.372732503515539548e+01
1.543035303761632804e+01
1.246335526484300615e+01
9.965574970333758387e+00
1.117038385124011413e+01
1.377362305878664728e+01
9.373021315815206478e+00
9.901487006738307173e+00
6.770275002573075795e+00
1.076405121554611632e+01
1.306193320280393344e+01
4.918490759365934828e+00
1.951149978540382790e+01
1.677456227108388731e+01
9.166995688475081394e+00
1.762584604821509515e+01
3.908820095223359381e+00
1.466892917224166482e+01
7.484820637019110379e+00
1.595769121605730767e+01
1.673656774376800982e+01
1.386575534383213970e+01
1.700074635581867355e+01
7.136496464611084889e+00
1.740778594902202769e+01
1.386575534383213970e+01
1.377362305878664728e+01
9.304852983362556174e+00
1.748077488947326685e+01
1.204779266504070279e+01
1.306193320280393344e+01
1.276615297284584649e+01
1.518078909665319287e+01
1.117038385124011413e+01
1.122723095552866468e+01
1.769793569896924623e+01
1.639065416446577927e+01
1.266602473693425601e+01
8.136857890256438353e+00
1.794796937867891984e+01
1.436192209445157708e+01
1.236077446474206631e+01
1.178062436274634450e+01
1.409345127989185542e+01
1.673656774376800982e+01
5.753627391751591880e+00
1.718695942796624365e+01
1.354055000514615159e+01
7.046725639945927711e+00
1.183454054540639433e+01
1.627371578051287671e+01
1.603728119216292924e+01
1.475547227809780537e+01
1.046415791390898242e+01
1.301310337505149661e+01
1.261566261010080048e+01
1.718695942796624365e+01
1.538904010394216471e+01
1.391159267660409604e+01
1.156244577056221523e+01
7.978845608028653835e+00
1.204779266504070279e+01
1.094004191971426110e+01
1.040314189572019821e+01
1.631278838364701755e+01
1.654528640181426269e+01
