1.538904010394216471e+01
1.479855404066383784e+01
1.070474469691662733e+01
1.488434347843123184e+01
1.306193320280393344e+01
9.706684619910241452e+00
1.335116235624909109e+01
9.373021315815206478e+00
1.058513485680245481e+01
1.395727947504383337e+01
7.225151993843566878e+00
1.339876023397903637e+01
1.172646028567007725e+01
1.178062436274634450e+01
9.373021315815206478e+00
9.373021315815206478e+00
1.286550196516137312e+01
1.344618962205996482e+01
6.180387232371033157e+00
1.320733953636073110e+01
4.370193722368316713e+00
1.058513485680245481e+01
8.740387444736633427e+00
1.496964127403822076e+01
1.225733520300188317e+01
1.246335526484300615e+01
9.965574970333758387e+00
1.058513485680245481e+01
8.136857890256438353e+00
1.301310337505149661e+01
9.373021315815206478e+00
9.640875829802336483e+00
1.111324596323282954e+01
1.301310337505149661e+01
7.225151993843566878e+00
6.180387232371033157e+00
1.888139487765259261e+01
1.547155565579009817e+01
9.772050238058398008e+00
7.225151993843566878e+00
1.733448968263843781e+01
1.391159267660409604e+01
8.593479713983121826e+00
1.547155565579009817e+01
1.631278838364701755e+01
7.312732791431452384e+00
1.377362305878664728e+01
8.740387444736633427e+00
1.534761596392107741e+01
1.662206308517478703e+01
1.395727947504383337e+01
1.363425735166143049e+01
1.015541250385961369e+01
6.482044814428574497e+00
1.718695942796624365e+01
1.194164264288369282e+01
1.271618740744904485e+01
1.204779266504070279e+01
1.496964127403822076e+01
1.058513485680245481e+01
1.128379167095512514e+01
1.718695942796624365e+01
1.599753570059363028e+01
1.286550196516137312e+01
8.740387444736633427e+00
5.046265044040320724e+00
1.639065416446577927e+01
6.180387232371033157e+00
1.418350619798065715e+01
1.246335526484300615e+01
1.178062436274634450e+01
7.978845608028653835e+00
1.386575534383213970e+01
1.635176762293251684e+01
1.681247093473193388e+01
8.593479713983121826e+00
1.306193320280393344e+01
1.058513485680245481e+01
1.555363345008750464e+01
1.496964127403822076e+01
1.449429283826230197e+01
1.058513485680245481e+01
6.955796338302048021e+00
1.311058116710494836e+01
1.204779266504070279e+01
1.688803298257900920e+01
1.496964127403822076e+01
1.391159267660409604e+01
1.178062436274634450e+01
8.812923024107547576e+00
1.188821220645068522e+01
1.111324596323282954e+01
1.058513485680245481e+01
6.863662517577697741e+00
1.547155565579009817e+01
1.599753570059363028e+01
