1.453814859003845150e+01
1.453814859003845150e+01
1.117038385124011413e+01
1.449429283826230197e+01
1.276615297284584649e+01
9.901487006738307173e+00
9.965574970333758387e+00
1.306193320280393344e+01
1.058513485680245481e+01
1.335116235624909109e+01
8.812923024107547576e+00
1.286550196516137312e+01
1.145179781116143225e+01
1.145179781116143225e+01
9.965574970333758387e+00
9.772050238058398008e+00
1.276615297284584649e+01
6.076507779746498805e+00
1.296408962885714899e+01
8.136857890256438353e+00
1.215301555949299761e+01
8.136857890256438353e+00
1.058513485680245481e+01
8.740387444736633427e+00
1.475547227809780537e+01
1.111324596323282954e+01
1.261566261010080048e+01
9.440697438826296306e+00
1.028002345391383443e+01
9.027033336764100468e+00
1.276615297284584649e+01
9.373021315815206478e+00
9.507891862878782518e+00
1.117038385124011413e+01
1.236077446474206631e+01
8.136857890256438353e+00
8.519075891779829490e+00
5.527906391541367981e+00
1.766192765414112031e+01
8.136857890256438353e+00
9.901487006738307173e+00
1.458187244392064308e+01
1.654528640181426269e+01
1.344618962205996482e+01
9.373021315815206478e+00
7.978845608028653835e+00
7.136496464611084889e+00
1.339876023397903637e+01
3.908820095223359381e+00
1.567594437773643001e+01
9.236181543108379799e+00
1.368087033328175828e+01
8.884866446580955923e+00
1.344618962205996482e+01
1.642944866646030988e+01
5.753627391751591880e+00
1.377362305878664728e+01
1.325545386523797831e+01
1.034176589165282145e+01
8.740387444736633427e+00
1.567594437773643001e+01
1.167204486311898926e+01
1.261566261010080048e+01
1.156244577056221523e+01
4.513516668382050234e+00
1.436192209445157708e+01
1.058513485680245481e+01
1.117038385124011413e+01
1.623454913941802857e+01
1.505445578434700415e+01
5.292567428401227403e+00
1.281592373849173683e+01
7.484820637019110379e+00
5.170882945826410726e+00
9.304852983362556174e+00
1.530607971465162365e+01
6.863662517577697741e+00
7.817640190446718762e+00
1.256509862862843541e+01
1.178062436274634450e+01
6.180387232371033157e+00
1.145179781116143225e+01
9.027033336764100468e+00
1.358748446131948917e+01
1.462546558286290477e+01
9.373021315815206478e+00
1.526443044094783019e+01
1.256509862862843541e+01
7.225151993843566878e+00
1.058513485680245481e+01
1.431752655671925822e+01
1.395727947504383337e+01
5.527906391541367981e+00
6.863662517577697741e+00
7.312732791431452384e+00
1.058513485680245481e+01
1.320733953636073110e+01
8.740387444736633427e+00
1.276615297284584649e+01
5.970821321441846408e+00
1.117038385124011413e+01
1.583755632390385770e+01
1.484151074652385738e+01
1.320733953636073110e+01
9.440697438826296306e+00
1.117038385124011413e+01
1.172646028567007725e+01
1.117038385124011413e+01
1.076405121554611632e+01
8.740387444736633427e+00
1.501210842680413826e+01
1.547155565579009817e+01
