1.583755632390385770e+01
1.496964127403822076e+01
1.070474469691662733e+01
1.492705330360461602e+01
1.306193320280393344e+01
1.349345229721172146e+01
9.373021315815206478e+00
1.058513485680245481e+01
9.373021315815206478e+00
1.404820733880128181e+01
6.482044814428574497e+00
1.381976597885341995e+01
1.172646028567007725e+01
1.215301555949299761e+01
9.373021315815206478e+00
9.027033336764100468e+00
1.286550196516137312e+01
1.354055000514615159e+01
4.513516668382050234e+00
1.320733953636073110e+01
1.058513485680245481e+01
9.027033336764100468e+00
1.315904928495908166e+01
1.526443044094783019e+01
1.246335526484300615e+01
9.965574970333758387e+00
1.070474469691662733e+01
1.330339418036568588e+01
9.373021315815206478e+00
7.653039857325811823e+00
9.640875829802336483e+00
1.094004191971426110e+01
1.306193320280393344e+01
6.482044814428574497e+00
4.787307364817191768e+00
1.911595536035255805e+01
1.595769121605730767e+01
9.373021315815206478e+00
6.482044814428574497e+00
1.740778594902202769e+01
1.400281721259029588e+01
8.136857890256438353e+00
1.567594437773643001e+01
1.650676414605009157e+01
1.386575534383213970e+01
5.753627391751591880e+00
8.136857890256438353e+00
1.591774699517169012e+01
1.707547527140466670e+01
1.395727947504383337e+01
1.372732503515539548e+01
9.901487006738307173e+00
2.985410660720923204e+00
1.733448968263843781e+01
1.194164264288369282e+01
1.306193320280393344e+01
1.241217083805063837e+01
1.492705330360461602e+01
1.070474469691662733e+01
1.122723095552866468e+01
1.722396045987370883e+01
1.603728119216292924e+01
1.276615297284584649e+01
8.593479713983121826e+00
1.714987856615383066e+01
5.527906391541367981e+00
1.422831991532699902e+01
1.241217083805063837e+01
1.178062436274634450e+01
1.391159267660409604e+01
1.654528640181426269e+01
7.225151993843566878e+00
1.703815178355965898e+01
8.136857890256438353e+00
1.320733953636073110e+01
3.568248232305542444e+00
1.088169461344923583e+01
1.579730833933717626e+01
1.522266721510391640e+01
1.475547227809780537e+01
1.058513485680245481e+01
5.753627391751591880e+00
1.301310337505149661e+01
1.225733520300188317e+01
1.707547527140466670e+01
1.530607971465162365e+01
1.391159267660409604e+01
1.167204486311898926e+01
8.444016491289504600e+00
1.194164264288369282e+01
1.076405121554611632e+01
1.046415791390898242e+01
5.170882945826410726e+00
1.571650316319191809e+01
1.603728119216292924e+01
