1.538904010394216471e+01
1.479855404066383784e+01
1.070474469691662733e+01
1.488434347843123184e+01
1.301310337505149661e+01
9.706684619910241452e+00
1.335116235624909109e+01
9.373021315815206478e+00
1.058513485680245481e+01
1.395727947504383337e+01
7.484820637019110379e+00
1.325545386523797831e+01
1.172646028567007725e+01
1.178062436274634450e+01
9.373021315815206478e+00
9.373021315815206478e+00
1.286550196516137312e+01
1.339876023397903637e+01
6.383076486422923246e+00
1.320733953636073110e+01
5.046265044040320724e+00
1.058513485680245481e+01
8.740387444736633427e+00
1.496964127403822076e+01
1.220528683538465842e+01
1.251433034574463399e+01
9.965574970333758387e+00
1.058513485680245481e+01
8.136857890256438353e+00
1.296408962885714899e+01
9.373021315815206478e+00
9.640875829802336483e+00
1.111324596323282954e+01
1.301310337505149661e+01
7.312732791431452384e+00
6.579524642479540830e+00
1.877997214831907158e+01
1.543035303761632804e+01
9.772050238058398008e+00
7.225151993843566878e+00
1.722396045987370883e+01
1.386575534383213970e+01
8.667244841319218907e+00
1.534761596392107741e+01
1.631278838364701755e+01
7.653039857325811823e+00
1.377362305878664728e+01
8.812923024107547576e+00
1.526443044094783019e+01
1.662206308517478703e+01
1.395727947504383337e+01
1.363425735166143049e+01
1.028002345391383443e+01
6.579524642479540830e+00
1.711271735549580697e+01
1.194164264288369282e+01
1.271618740744904485e+01
1.199483507827737583e+01
1.496964127403822076e+01
1.058513485680245481e+01
1.134007028277388685e+01
1.718695942796624365e+01
1.599753570059363028e+01
1.286550196516137312e+01
8.740387444736633427e+00
5.170882945826410726e+00
1.635176762293251684e+01
6.383076486422923246e+00
1.418350619798065715e+01
1.236077446474206631e+01
1.178062436274634450e+01
8.136857890256438353e+00
1.386575534383213970e+01
1.627371578051287671e+01
1.673656774376800982e+01
8.956231982162769611e+00
1.306193320280393344e+01
1.058513485680245481e+01
1.547155565579009817e+01
1.488434347843123184e+01
1.449429283826230197e+01
1.058513485680245481e+01
7.136496464611084889e+00
1.311058116710494836e+01
1.204779266504070279e+01
1.688803298257900920e+01
1.496964127403822076e+01
1.386575534383213970e+01
1.178062436274634450e+01
9.027033336764100468e+00
1.188821220645068522e+01
1.117038385124011413e+01
1.064510777218481152e+01
6.955796338302048021e+00
1.547155565579009817e+01
1.595769121605730767e+01
