1.440618081907316395e+01
1.427299292922216978e+01
1.058513485680245481e+01
1.431752655671925822e+01
1.261566261010080048e+01
9.901487006738307173e+00
9.965574970333758387e+00
1.296408962885714899e+01
1.058513485680245481e+01
1.301310337505149661e+01
9.166995688475081394e+00
4.513516668382050234e+00
1.271618740744904485e+01
1.117038385124011413e+01
1.122723095552866468e+01
9.901487006738307173e+00
9.836981518731869656e+00
1.266602473693425601e+01
6.955796338302048021e+00
1.286550196516137312e+01
8.136857890256438353e+00
4.068428945128219176e+00
8.136857890256438353e+00
1.178062436274634450e+01
1.058513485680245481e+01
8.740387444736633427e+00
1.462546558286290477e+01
1.256509862862843541e+01
1.064510777218481152e+01
9.373021315815206478e+00
1.009253008808064145e+01
9.166995688475081394e+00
1.266602473693425601e+01
9.373021315815206478e+00
9.373021315815206478e+00
1.117038385124011413e+01
1.236077446474206631e+01
6.863662517577697741e+00
8.136857890256438353e+00
8.667244841319218907e+00
1.266602473693425601e+01
8.136857890256438353e+00
9.901487006738307173e+00
1.400281721259029588e+01
1.599753570059363028e+01
1.320733953636073110e+01
9.373021315815206478e+00
8.444016491289504600e+00
1.145179781116143225e+01
7.569397566060480642e+00
4.918490759365934828e+00
1.306193320280393344e+01
5.753627391751591880e+00
1.543035303761632804e+01
9.440697438826296306e+00
1.363425735166143049e+01
8.884866446580955923e+00
1.286550196516137312e+01
1.623454913941802857e+01
6.675581178124545545e+00
1.377362305878664728e+01
1.286550196516137312e+01
1.046415791390898242e+01
8.740387444736633427e+00
1.526443044094783019e+01
1.167204486311898926e+01
1.261566261010080048e+01
1.156244577056221523e+01
5.753627391751591880e+00
1.427299292922216978e+01
1.058513485680245481e+01
1.105581278308273596e+01
1.583755632390385770e+01
6.383076486422923246e+00
1.471226436021925466e+01
1.286550196516137312e+01
6.180387232371033157e+00
8.136857890256438353e+00
9.373021315815206478e+00
1.513879513212096128e+01
7.653039857325811823e+00
8.136857890256438353e+00
1.236077446474206631e+01
1.156244577056221523e+01
6.955796338302048021e+00
1.145179781116143225e+01
9.373021315815206478e+00
1.349345229721172146e+01
1.427299292922216978e+01
9.507891862878782518e+00
1.488434347843123184e+01
1.251433034574463399e+01
7.569397566060480642e+00
1.052482020710848865e+01
1.427299292922216978e+01
1.368087033328175828e+01
6.282549314314217703e+00
7.735777827895049086e+00
8.058239062071395509e+00
1.058513485680245481e+01
8.593479713983121826e+00
1.286550196516137312e+01
1.276615297284584649e+01
6.675581178124545545e+00
1.094004191971426110e+01
1.501210842680413826e+01
1.471226436021925466e+01
1.315904928495908166e+01
9.304852983362556174e+00
1.117038385124011413e+01
1.134007028277388685e+01
3.568248232305542444e+00
1.117038385124011413e+01
1.082303275961201905e+01
8.740387444736633427e+00
5.527906391541367981e+00
1.462546558286290477e+01
1.543035303761632804e+01
