1.427299292922216978e+01
1.427299292922216978e+01
1.058513485680245481e+01
1.422831991532699902e+01
1.241217083805063837e+01
9.965574970333758387e+00
9.965574970333758387e+00
1.271618740744904485e+01
1.058513485680245481e+01
1.291488987023529766e+01
5.753627391751591880e+00
9.373021315815206478e+00
1.261566261010080048e+01
1.094004191971426110e+01
1.117038385124011413e+01
9.965574970333758387e+00
9.836981518731869656e+00
1.241217083805063837e+01
7.735777827895049086e+00
1.271618740744904485e+01
8.136857890256438353e+00
5.753627391751591880e+00
8.136857890256438353e+00
1.172646028567007725e+01
1.064510777218481152e+01
8.740387444736633427e+00
1.453814859003845150e+01
1.256509862862843541e+01
1.015541250385961369e+01
9.373021315815206478e+00
1.002925341359354938e+01
9.373021315815206478e+00
1.256509862862843541e+01
9.373021315815206478e+00
9.373021315815206478e+00
1.117038385124011413e+01
1.225733520300188317e+01
7.225151993843566878e+00
8.136857890256438353e+00
8.740387444736633427e+00
1.261566261010080048e+01
8.136857890256438353e+00
9.965574970333758387e+00
1.391159267660409604e+01
1.575695754970980111e+01
1.296408962885714899e+01
9.373021315815206478e+00
8.740387444736633427e+00
1.082303275961201905e+01
7.653039857325811823e+00
6.076507779746498805e+00
6.955796338302048021e+00
1.276615297284584649e+01
1.496964127403822076e+01
4.513516668382050234e+00
9.236181543108379799e+00
1.363425735166143049e+01
9.027033336764100468e+00
3.742410318509555189e+00
1.178062436274634450e+01
1.607692842495848140e+01
6.955796338302048021e+00
1.377362305878664728e+01
1.241217083805063837e+01
1.052482020710848865e+01
8.740387444736633427e+00
1.167204486311898926e+01
1.453814859003845150e+01
1.256509862862843541e+01
1.156244577056221523e+01
6.863662517577697741e+00
1.413855043925722121e+01
1.058513485680245481e+01
1.094004191971426110e+01
1.575695754970980111e+01
6.579524642479540830e+00
1.436192209445157708e+01
1.281592373849173683e+01
6.383076486422923246e+00
8.136857890256438353e+00
9.373021315815206478e+00
1.488434347843123184e+01
8.136857890256438353e+00
8.136857890256438353e+00
1.215301555949299761e+01
7.484820637019110379e+00
1.145179781116143225e+01
1.128379167095512514e+01
9.373021315815206478e+00
1.325545386523797831e+01
1.395727947504383337e+01
9.772050238058398008e+00
1.458187244392064308e+01
1.230916348999737586e+01
7.978845608028653835e+00
1.040314189572019821e+01
1.404820733880128181e+01
6.863662517577697741e+00
1.339876023397903637e+01
8.136857890256438353e+00
8.136857890256438353e+00
1.058513485680245481e+01
8.740387444736633427e+00
1.271618740744904485e+01
1.271618740744904485e+01
7.046725639945927711e+00
1.070474469691662733e+01
1.471226436021925466e+01
1.458187244392064308e+01
1.306193320280393344e+01
9.236181543108379799e+00
1.105581278308273596e+01
1.094004191971426110e+01
5.641895835477562571e+00
1.117038385124011413e+01
1.076405121554611632e+01
6.770275002573075795e+00
8.884866446580955923e+00
1.431752655671925822e+01
1.543035303761632804e+01
