1.418350619798065715e+01
1.386575534383213970e+01
1.040314189572019821e+01
1.354055000514615159e+01
1.236077446474206631e+01
5.046265044040320724e+00
9.965574970333758387e+00
1.015541250385961369e+01
1.058513485680245481e+01
1.236077446474206631e+01
1.230916348999737586e+01
7.569397566060480642e+00
9.373021315815206478e+00
1.070474469691662733e+01
1.178062436274634450e+01
1.117038385124011413e+01
9.965574970333758387e+00
9.373021315815206478e+00
6.383076486422923246e+00
4.918490759365934828e+00
8.136857890256438353e+00
1.178062436274634450e+01
1.236077446474206631e+01
7.399277020331918919e+00
8.740387444736633427e+00
8.444016491289504600e+00
1.058513485680245481e+01
1.105581278308273596e+01
8.740387444736633427e+00
1.199483507827737583e+01
1.335116235624909109e+01
9.965574970333758387e+00
9.373021315815206478e+00
9.901487006738307173e+00
9.373021315815206478e+00
1.161737456321036532e+01
9.373021315815206478e+00
9.640875829802336483e+00
1.111324596323282954e+01
1.178062436274634450e+01
3.568248232305542444e+00
5.292567428401227403e+00
8.136857890256438353e+00
8.740387444736633427e+00
8.884866446580955923e+00
1.204779266504070279e+01
8.593479713983121826e+00
9.965574970333758387e+00
1.335116235624909109e+01
1.431752655671925822e+01
1.215301555949299761e+01
9.574614729634383536e+00
8.884866446580955923e+00
4.068428945128219176e+00
9.965574970333758387e+00
7.569397566060480642e+00
7.484820637019110379e+00
8.136857890256438353e+00
6.282549314314217703e+00
1.172646028567007725e+01
6.863662517577697741e+00
1.453814859003845150e+01
8.884866446580955923e+00
1.271618740744904485e+01
8.740387444736633427e+00
6.863662517577697741e+00
1.134007028277388685e+01
1.575695754970980111e+01
7.653039857325811823e+00
1.349345229721172146e+01
5.970821321441846408e+00
1.236077446474206631e+01
1.058513485680245481e+01
8.956231982162769611e+00
1.139607097042601680e+01
1.363425735166143049e+01
1.183454054540639433e+01
1.134007028277388685e+01
8.136857890256438353e+00
5.170882945826410726e+00
1.391159267660409604e+01
1.046415791390898242e+01
1.009253008808064145e+01
7.399277020331918919e+00
1.475547227809780537e+01
1.349345229721172146e+01
7.225151993843566878e+00
1.266602473693425601e+01
8.593479713983121826e+00
9.373021315815206478e+00
1.404820733880128181e+01
8.740387444736633427e+00
6.383076486422923246e+00
8.136857890256438353e+00
1.117038385124011413e+01
8.136857890256438353e+00
1.117038385124011413e+01
5.753627391751591880e+00
1.105581278308273596e+01
9.373021315815206478e+00
1.281592373849173683e+01
9.965574970333758387e+00
1.330339418036568588e+01
6.282549314314217703e+00
1.404820733880128181e+01
1.150725478350318376e+01
8.136857890256438353e+00
9.901487006738307173e+00
7.898654169668588132e+00
1.325545386523797831e+01
1.291488987023529766e+01
8.740387444736633427e+00
8.740387444736633427e+00
1.058513485680245481e+01
8.740387444736633427e+00
1.178062436274634450e+01
1.204779266504070279e+01
3.385137501286537898e+00
7.978845608028653835e+00
1.009253008808064145e+01
1.344618962205996482e+01
1.409345127989185542e+01
1.204779266504070279e+01
9.440697438826296306e+00
9.772050238058398008e+00
1.002925341359354938e+01
7.225151993843566878e+00
5.863230142835038627e+00
6.579524642479540830e+00
1.058513485680245481e+01
9.640875829802336483e+00
6.482044814428574497e+00
6.770275002573075795e+00
8.136857890256438353e+00
8.593479713983121826e+00
5.292567428401227403e+00
1.381976597885341995e+01
1.501210842680413826e+01
2.256758334191025117e+00
