1.615593100600235843e+01
1.509668435477122017e+01
1.064510777218481152e+01
1.505445578434700415e+01
1.306193320280393344e+01
1.349345229721172146e+01
9.304852983362556174e+00
1.058513485680245481e+01
9.373021315815206478e+00
1.404820733880128181e+01
5.753627391751591880e+00
1.395727947504383337e+01
1.172646028567007725e+01
1.225733520300188317e+01
9.236181543108379799e+00
8.956231982162769611e+00
1.286550196516137312e+01
1.354055000514615159e+01
2.763953195770683990e+00
1.325545386523797831e+01
1.058513485680245481e+01
9.027033336764100468e+00
1.335116235624909109e+01
1.526443044094783019e+01
1.246335526484300615e+01
9.965574970333758387e+00
1.082303275961201905e+01
1.339876023397903637e+01
9.373021315815206478e+00
7.399277020331918919e+00
9.640875829802336483e+00
1.094004191971426110e+01
1.306193320280393344e+01
6.383076486422923246e+00
3.908820095223359381e+00
1.924870664532898701e+01
1.619528777809902209e+01
9.373021315815206478e+00
1.748077488947326685e+01
5.753627391751591880e+00
1.418350619798065715e+01
8.136857890256438353e+00
1.583755632390385770e+01
1.658371917462410394e+01
1.386575534383213970e+01
5.046265044040320724e+00
7.978845608028653835e+00
1.639065416446577927e+01
1.718695942796624365e+01
1.391159267660409604e+01
1.372732503515539548e+01
9.706684619910241452e+00
1.740778594902202769e+01
1.204779266504070279e+01
1.306193320280393344e+01
1.266602473693425601e+01
1.492705330360461602e+01
1.099807968464679142e+01
1.122723095552866468e+01
1.733448968263843781e+01
1.603728119216292924e+01
1.276615297284584649e+01
8.444016491289504600e+00
1.726088217525477830e+01
4.918490759365934828e+00
1.422831991532699902e+01
1.246335526484300615e+01
1.178062436274634450e+01
1.391159267660409604e+01
1.658371917462410394e+01
7.046725639945927711e+00
1.711271735549580697e+01
8.136857890256438353e+00
1.325545386523797831e+01
1.105581278308273596e+01
1.587770228520368221e+01
1.534761596392107741e+01
1.475547227809780537e+01
1.058513485680245481e+01
1.306193320280393344e+01
5.170882945826410726e+00
1.236077446474206631e+01
1.711271735549580697e+01
1.526443044094783019e+01
1.391159267660409604e+01
1.161737456321036532e+01
8.136857890256438353e+00
1.194164264288369282e+01
1.088169461344923583e+01
1.046415791390898242e+01
1.591774699517169012e+01
4.222008245644752300e+00
1.619528777809902209e+01
5.641895835477562571e+00
