1.445030398768713376e+01
1.453814859003845150e+01
1.082303275961201905e+01
1.431752655671925822e+01
1.271618740744904485e+01
9.901487006738307173e+00
9.965574970333758387e+00
1.296408962885714899e+01
1.058513485680245481e+01
1.320733953636073110e+01
9.027033336764100468e+00
2.985410660720923204e+00
1.281592373849173683e+01
1.117038385124011413e+01
1.134007028277388685e+01
9.965574970333758387e+00
9.772050238058398008e+00
1.266602473693425601e+01
6.955796338302048021e+00
1.286550196516137312e+01
8.136857890256438353e+00
1.194164264288369282e+01
8.136857890256438353e+00
1.058513485680245481e+01
8.740387444736633427e+00
1.466892917224166482e+01
1.094004191971426110e+01
1.256509862862843541e+01
9.373021315815206478e+00
1.009253008808064145e+01
9.097283682934460103e+00
1.276615297284584649e+01
9.373021315815206478e+00
9.373021315815206478e+00
1.117038385124011413e+01
1.236077446474206631e+01
6.180387232371033157e+00
8.136857890256438353e+00
8.593479713983121826e+00
1.276615297284584649e+01
8.136857890256438353e+00
9.901487006738307173e+00
1.440618081907316395e+01
1.615593100600235843e+01
1.339876023397903637e+01
9.373021315815206478e+00
8.136857890256438353e+00
1.161737456321036532e+01
7.399277020331918919e+00
1.320733953636073110e+01
3.191538243211461623e+00
5.046265044040320724e+00
1.551264883747923129e+01
9.373021315815206478e+00
1.368087033328175828e+01
8.884866446580955923e+00
1.320733953636073110e+01
1.639065416446577927e+01
6.180387232371033157e+00
1.377362305878664728e+01
1.311058116710494836e+01
1.034176589165282145e+01
8.740387444736633427e+00
1.551264883747923129e+01
1.167204486311898926e+01
1.261566261010080048e+01
1.156244577056221523e+01
5.527906391541367981e+00
1.436192209445157708e+01
1.058513485680245481e+01
1.111324596323282954e+01
1.595769121605730767e+01
6.076507779746498805e+00
1.479855404066383784e+01
1.286550196516137312e+01
5.753627391751591880e+00
7.817640190446718762e+00
9.373021315815206478e+00
1.526443044094783019e+01
7.136496464611084889e+00
8.058239062071395509e+00
1.246335526484300615e+01
1.178062436274634450e+01
6.863662517577697741e+00
1.145179781116143225e+01
9.166995688475081394e+00
1.354055000514615159e+01
1.440618081907316395e+01
9.373021315815206478e+00
1.518078909665319287e+01
1.251433034574463399e+01
7.312732791431452384e+00
1.052482020710848865e+01
1.427299292922216978e+01
1.372732503515539548e+01
6.180387232371033157e+00
7.225151993843566878e+00
7.735777827895049086e+00
1.058513485680245481e+01
1.306193320280393344e+01
8.740387444736633427e+00
1.276615297284584649e+01
6.383076486422923246e+00
1.111324596323282954e+01
1.543035303761632804e+01
1.475547227809780537e+01
1.320733953636073110e+01
9.440697438826296306e+00
1.117038385124011413e+01
1.172646028567007725e+01
1.117038385124011413e+01
1.076405121554611632e+01
8.740387444736633427e+00
4.222008245644752300e+00
1.484151074652385738e+01
1.547155565579009817e+01
