1.501210842680413826e+01
1.471226436021925466e+01
1.070474469691662733e+01
1.484151074652385738e+01
1.301310337505149661e+01
9.836981518731869656e+00
1.315904928495908166e+01
9.507891862878782518e+00
1.058513485680245481e+01
1.381976597885341995e+01
7.898654169668588132e+00
1.320733953636073110e+01
1.172646028567007725e+01
1.178062436274634450e+01
9.706684619910241452e+00
9.373021315815206478e+00
1.286550196516137312e+01
1.335116235624909109e+01
6.955796338302048021e+00
1.311058116710494836e+01
6.180387232371033157e+00
1.058513485680245481e+01
8.740387444736633427e+00
1.492705330360461602e+01
1.178062436274634450e+01
1.266602473693425601e+01
9.965574970333758387e+00
1.058513485680245481e+01
8.444016491289504600e+00
1.296408962885714899e+01
9.373021315815206478e+00
9.706684619910241452e+00
1.117038385124011413e+01
1.286550196516137312e+01
7.817640190446718762e+00
7.225151993843566878e+00
1.847236308621675960e+01
1.526443044094783019e+01
9.772050238058398008e+00
7.817640190446718762e+00
1.696325844612841038e+01
1.372732503515539548e+01
9.097283682934460103e+00
5.411516379806009525e+00
1.471226436021925466e+01
1.619528777809902209e+01
8.136857890256438353e+00
1.377362305878664728e+01
9.166995688475081394e+00
1.471226436021925466e+01
1.662206308517478703e+01
1.400281721259029588e+01
1.363425735166143049e+01
1.034176589165282145e+01
7.484820637019110379e+00
1.696325844612841038e+01
1.188821220645068522e+01
1.271618740744904485e+01
1.188821220645068522e+01
1.484151074652385738e+01
1.058513485680245481e+01
1.145179781116143225e+01
1.703815178355965898e+01
1.603728119216292924e+01
1.286550196516137312e+01
8.812923024107547576e+00
6.282549314314217703e+00
1.599753570059363028e+01
6.770275002573075795e+00
1.377362305878664728e+01
1.225733520300188317e+01
1.167204486311898926e+01
8.136857890256438353e+00
1.386575534383213970e+01
1.591774699517169012e+01
9.097283682934460103e+00
1.662206308517478703e+01
1.276615297284584649e+01
4.513516668382050234e+00
1.058513485680245481e+01
1.492705330360461602e+01
1.475547227809780537e+01
1.449429283826230197e+01
1.046415791390898242e+01
4.513516668382050234e+00
7.735777827895049086e+00
1.296408962885714899e+01
1.194164264288369282e+01
1.666031874701878124e+01
1.488434347843123184e+01
1.368087033328175828e+01
1.178062436274634450e+01
9.027033336764100468e+00
1.183454054540639433e+01
1.117038385124011413e+01
1.064510777218481152e+01
7.484820637019110379e+00
1.534761596392107741e+01
1.591774699517169012e+01
