1.639065416446577927e+01
1.522266721510391640e+01
1.064510777218481152e+01
1.505445578434700415e+01
1.315904928495908166e+01
1.358748446131948917e+01
9.236181543108379799e+00
1.058513485680245481e+01
9.373021315815206478e+00
1.418350619798065715e+01
5.170882945826410726e+00
1.409345127989185542e+01
1.172646028567007725e+01
1.236077446474206631e+01
8.956231982162769611e+00
8.956231982162769611e+00
1.286550196516137312e+01
1.368087033328175828e+01
1.330339418036568588e+01
1.058513485680245481e+01
9.236181543108379799e+00
1.354055000514615159e+01
1.543035303761632804e+01
1.246335526484300615e+01
9.965574970333758387e+00
1.105581278308273596e+01
1.344618962205996482e+01
9.373021315815206478e+00
9.836981518731869656e+00
6.955796338302048021e+00
1.082303275961201905e+01
1.306193320280393344e+01
6.076507779746498805e+00
1.928175165960467297e+01
1.639065416446577927e+01
9.304852983362556174e+00
1.748077488947326685e+01
5.753627391751591880e+00
1.445030398768713376e+01
8.136857890256438353e+00
1.583755632390385770e+01
1.658371917462410394e+01
1.386575534383213970e+01
3.385137501286537898e+00
7.484820637019110379e+00
1.662206308517478703e+01
1.722396045987370883e+01
1.386575534383213970e+01
1.377362305878664728e+01
9.640875829802336483e+00
1.740778594902202769e+01
1.204779266504070279e+01
1.301310337505149661e+01
1.266602473693425601e+01
1.501210842680413826e+01
1.105581278308273596e+01
1.122723095552866468e+01
1.758969042850511855e+01
1.603728119216292924e+01
1.266602473693425601e+01
8.136857890256438353e+00
1.762584604821509515e+01
3.385137501286537898e+00
1.422831991532699902e+01
1.241217083805063837e+01
1.178062436274634450e+01
1.404820733880128181e+01
1.662206308517478703e+01
6.579524642479540830e+00
1.714987856615383066e+01
7.898654169668588132e+00
1.325545386523797831e+01
1.117038385124011413e+01
1.595769121605730767e+01
1.551264883747923129e+01
1.064510777218481152e+01
1.475547227809780537e+01
1.306193320280393344e+01
3.908820095223359381e+00
1.246335526484300615e+01
1.711271735549580697e+01
1.538904010394216471e+01
1.391159267660409604e+01
1.156244577056221523e+01
8.136857890256438353e+00
1.199483507827737583e+01
1.094004191971426110e+01
1.034176589165282145e+01
1.595769121605730767e+01
1.635176762293251684e+01
4.652426491681278087e+00
