1.530607971465162365e+01
1.475547227809780537e+01
1.070474469691662733e+01
1.488434347843123184e+01
1.301310337505149661e+01
9.836981518731869656e+00
1.335116235624909109e+01
9.373021315815206478e+00
1.058513485680245481e+01
1.381976597885341995e+01
7.735777827895049086e+00
1.325545386523797831e+01
1.172646028567007725e+01
1.178062436274634450e+01
9.507891862878782518e+00
9.373021315815206478e+00
1.286550196516137312e+01
1.335116235624909109e+01
6.955796338302048021e+00
1.320733953636073110e+01
5.863230142835038627e+00
1.058513485680245481e+01
8.740387444736633427e+00
1.496964127403822076e+01
1.194164264288369282e+01
1.256509862862843541e+01
9.965574970333758387e+00
1.058513485680245481e+01
8.136857890256438353e+00
1.296408962885714899e+01
9.373021315815206478e+00
9.640875829802336483e+00
1.111324596323282954e+01
1.291488987023529766e+01
7.484820637019110379e+00
6.955796338302048021e+00
1.867799869518773193e+01
1.534761596392107741e+01
9.772050238058398008e+00
7.569397566060480642e+00
1.703815178355965898e+01
1.377362305878664728e+01
8.812923024107547576e+00
3.908820095223359381e+00
1.492705330360461602e+01
1.631278838364701755e+01
8.136857890256438353e+00
1.377362305878664728e+01
9.027033336764100468e+00
1.505445578434700415e+01
1.662206308517478703e+01
1.400281721259029588e+01
1.363425735166143049e+01
1.034176589165282145e+01
7.225151993843566878e+00
1.703815178355965898e+01
1.194164264288369282e+01
1.271618740744904485e+01
1.204779266504070279e+01
1.492705330360461602e+01
1.058513485680245481e+01
1.139607097042601680e+01
1.703815178355965898e+01
1.599753570059363028e+01
1.286550196516137312e+01
8.740387444736633427e+00
6.076507779746498805e+00
1.619528777809902209e+01
6.383076486422923246e+00
1.400281721259029588e+01
1.236077446474206631e+01
1.172646028567007725e+01
8.136857890256438353e+00
1.386575534383213970e+01
1.611647812414279102e+01
8.884866446580955923e+00
1.662206308517478703e+01
1.296408962885714899e+01
2.763953195770683990e+00
1.058513485680245481e+01
1.518078909665319287e+01
1.484151074652385738e+01
1.453814859003845150e+01
1.052482020710848865e+01
7.484820637019110379e+00
2.763953195770683990e+00
1.301310337505149661e+01
1.199483507827737583e+01
1.681247093473193388e+01
1.488434347843123184e+01
1.372732503515539548e+01
1.178062436274634450e+01
9.027033336764100468e+00
1.188821220645068522e+01
1.117038385124011413e+01
1.064510777218481152e+01
7.225151993843566878e+00
1.534761596392107741e+01
1.591774699517169012e+01
