1.623454913941802857e+01
1.509668435477122017e+01
1.064510777218481152e+01
1.505445578434700415e+01
1.315904928495908166e+01
1.349345229721172146e+01
9.236181543108379799e+00
1.058513485680245481e+01
9.373021315815206478e+00
1.409345127989185542e+01
5.753627391751591880e+00
1.404820733880128181e+01
1.172646028567007725e+01
1.236077446474206631e+01
9.166995688475081394e+00
8.956231982162769611e+00
1.286550196516137312e+01
1.368087033328175828e+01
1.325545386523797831e+01
1.058513485680245481e+01
9.166995688475081394e+00
1.349345229721172146e+01
1.530607971465162365e+01
1.246335526484300615e+01
9.965574970333758387e+00
1.094004191971426110e+01
1.344618962205996482e+01
9.373021315815206478e+00
9.706684619910241452e+00
7.225151993843566878e+00
1.088169461344923583e+01
1.306193320280393344e+01
6.180387232371033157e+00
2.256758334191025117e+00
1.928175165960467297e+01
1.615593100600235843e+01
9.373021315815206478e+00
1.748077488947326685e+01
5.753627391751591880e+00
1.427299292922216978e+01
8.136857890256438353e+00
1.583755632390385770e+01
1.658371917462410394e+01
1.386575534383213970e+01
4.370193722368316713e+00
7.735777827895049086e+00
1.650676414605009157e+01
1.722396045987370883e+01
1.391159267660409604e+01
1.372732503515539548e+01
9.706684619910241452e+00
1.740778594902202769e+01
1.204779266504070279e+01
1.296408962885714899e+01
1.271618740744904485e+01
1.492705330360461602e+01
1.099807968464679142e+01
1.122723095552866468e+01
1.748077488947326685e+01
1.603728119216292924e+01
1.271618740744904485e+01
8.291859587312051971e+00
1.744431859350498826e+01
4.222008245644752300e+00
1.422831991532699902e+01
1.241217083805063837e+01
1.178062436274634450e+01
1.404820733880128181e+01
1.658371917462410394e+01
6.579524642479540830e+00
1.714987856615383066e+01
7.978845608028653835e+00
1.325545386523797831e+01
1.117038385124011413e+01
1.591774699517169012e+01
1.547155565579009817e+01
1.064510777218481152e+01
1.475547227809780537e+01
1.306193320280393344e+01
4.513516668382050234e+00
1.236077446474206631e+01
1.711271735549580697e+01
1.530607971465162365e+01
1.391159267660409604e+01
1.161737456321036532e+01
8.136857890256438353e+00
1.194164264288369282e+01
1.094004191971426110e+01
1.034176589165282145e+01
1.599753570059363028e+01
3.191538243211461623e+00
1.627371578051287671e+01
5.170882945826410726e+00
