1.688803298257900920e+01
1.526443044094783019e+01
1.052482020710848865e+01
1.509668435477122017e+01
1.320733953636073110e+01
1.363425735166143049e+01
9.097283682934460103e+00
1.058513485680245481e+01
9.373021315815206478e+00
1.431752655671925822e+01
1.422831991532699902e+01
1.172646028567007725e+01
2.763953195770683990e+00
1.236077446474206631e+01
8.812923024107547576e+00
8.593479713983121826e+00
1.286550196516137312e+01
1.377362305878664728e+01
1.330339418036568588e+01
1.058513485680245481e+01
9.166995688475081394e+00
1.368087033328175828e+01
1.543035303761632804e+01
1.246335526484300615e+01
9.965574970333758387e+00
1.111324596323282954e+01
1.377362305878664728e+01
9.373021315815206478e+00
9.836981518731869656e+00
6.955796338302048021e+00
1.076405121554611632e+01
1.306193320280393344e+01
5.527906391541367981e+00
1.931474013823128644e+01
1.654528640181426269e+01
9.166995688475081394e+00
1.762584604821509515e+01
4.513516668382050234e+00
1.462546558286290477e+01
7.817640190446718762e+00
1.591774699517169012e+01
1.666031874701878124e+01
1.386575534383213970e+01
1.696325844612841038e+01
7.225151993843566878e+00
1.740778594902202769e+01
1.386575534383213970e+01
1.377362305878664728e+01
9.440697438826296306e+00
1.744431859350498826e+01
1.204779266504070279e+01
1.306193320280393344e+01
1.276615297284584649e+01
1.513879513212096128e+01
1.117038385124011413e+01
1.122723095552866468e+01
1.762584604821509515e+01
1.635176762293251684e+01
1.266602473693425601e+01
8.136857890256438353e+00
1.794796937867891984e+01
1.436192209445157708e+01
1.241217083805063837e+01
1.178062436274634450e+01
1.413855043925722121e+01
1.673656774376800982e+01
5.753627391751591880e+00
1.718695942796624365e+01
1.354055000514615159e+01
7.225151993843566878e+00
1.183454054540639433e+01
1.615593100600235843e+01
1.595769121605730767e+01
1.475547227809780537e+01
1.046415791390898242e+01
1.306193320280393344e+01
1.261566261010080048e+01
1.718695942796624365e+01
1.538904010394216471e+01
1.391159267660409604e+01
1.156244577056221523e+01
8.136857890256438353e+00
1.210051848659980855e+01
1.094004191971426110e+01
1.040314189572019821e+01
1.623454913941802857e+01
1.650676414605009157e+01
