1.692568750643268771e+01
1.522266721510391640e+01
1.052482020710848865e+01
1.526443044094783019e+01
1.325545386523797831e+01
1.372732503515539548e+01
9.027033336764100468e+00
1.058513485680245481e+01
9.373021315815206478e+00
1.436192209445157708e+01
1.436192209445157708e+01
1.172646028567007725e+01
1.236077446474206631e+01
8.812923024107547576e+00
8.368283871884004910e+00
1.291488987023529766e+01
1.381976597885341995e+01
1.330339418036568588e+01
1.058513485680245481e+01
9.166995688475081394e+00
1.386575534383213970e+01
1.543035303761632804e+01
1.246335526484300615e+01
9.965574970333758387e+00
1.117038385124011413e+01
1.381976597885341995e+01
9.373021315815206478e+00
9.965574970333758387e+00
6.579524642479540830e+00
1.070474469691662733e+01
1.306193320280393344e+01
4.513516668382050234e+00
1.957664687747327292e+01
1.681247093473193388e+01
9.166995688475081394e+00
1.762584604821509515e+01
2.763953195770683990e+00
1.466892917224166482e+01
7.312732791431452384e+00
1.595769121605730767e+01
1.677456227108388731e+01
1.386575534383213970e+01
1.703815178355965898e+01
6.955796338302048021e+00
1.751715531361111644e+01
1.386575534383213970e+01
1.377362305878664728e+01
9.236181543108379799e+00
1.755346033766304004e+01
1.204779266504070279e+01
1.306193320280393344e+01
1.276615297284584649e+01
1.522266721510391640e+01
1.117038385124011413e+01
1.122723095552866468e+01
1.773387063078969206e+01
1.650676414605009157e+01
1.266602473693425601e+01
8.136857890256438353e+00
1.801877032173578996e+01
1.436192209445157708e+01
1.236077446474206631e+01
1.188821220645068522e+01
1.418350619798065715e+01
1.673656774376800982e+01
5.170882945826410726e+00
1.718695942796624365e+01
1.354055000514615159e+01
6.863662517577697741e+00
1.183454054540639433e+01
1.642944866646030988e+01
1.603728119216292924e+01
1.475547227809780537e+01
1.046415791390898242e+01
1.301310337505149661e+01
1.261566261010080048e+01
1.718695942796624365e+01
1.538904010394216471e+01
1.386575534383213970e+01
1.156244577056221523e+01
7.898654169668588132e+00
1.204779266504070279e+01
1.094004191971426110e+01
1.040314189572019821e+01
1.639065416446577927e+01
1.654528640181426269e+01
