1.409345127989185542e+01
1.386575534383213970e+01
1.046415791390898242e+01
1.358748446131948917e+01
1.236077446474206631e+01
4.513516668382050234e+00
9.965574970333758387e+00
1.002925341359354938e+01
1.058513485680245481e+01
1.236077446474206631e+01
1.236077446474206631e+01
7.484820637019110379e+00
9.373021315815206478e+00
1.070474469691662733e+01
1.194164264288369282e+01
1.117038385124011413e+01
9.965574970333758387e+00
9.373021315815206478e+00
6.180387232371033157e+00
4.513516668382050234e+00
8.136857890256438353e+00
1.178062436274634450e+01
1.236077446474206631e+01
7.312732791431452384e+00
8.740387444736633427e+00
8.368283871884004910e+00
1.058513485680245481e+01
1.105581278308273596e+01
8.740387444736633427e+00
1.220528683538465842e+01
1.368087033328175828e+01
1.002925341359354938e+01
9.373021315815206478e+00
1.002925341359354938e+01
9.373021315815206478e+00
1.161737456321036532e+01
9.373021315815206478e+00
9.640875829802336483e+00
1.117038385124011413e+01
1.178062436274634450e+01
5.046265044040320724e+00
8.136857890256438353e+00
8.740387444736633427e+00
8.812923024107547576e+00
1.215301555949299761e+01
8.519075891779829490e+00
9.965574970333758387e+00
1.344618962205996482e+01
1.440618081907316395e+01
1.236077446474206631e+01
9.574614729634383536e+00
8.884866446580955923e+00
9.965574970333758387e+00
2.523132522020160362e+00
7.484820637019110379e+00
7.484820637019110379e+00
8.136857890256438353e+00
1.210051848659980855e+01
6.076507779746498805e+00
6.863662517577697741e+00
1.458187244392064308e+01
8.812923024107547576e+00
1.276615297284584649e+01
8.740387444736633427e+00
6.863662517577697741e+00
1.150725478350318376e+01
1.575695754970980111e+01
7.653039857325811823e+00
1.349345229721172146e+01
5.753627391751591880e+00
1.236077446474206631e+01
1.058513485680245481e+01
8.884866446580955923e+00
1.139607097042601680e+01
1.372732503515539548e+01
1.199483507827737583e+01
1.134007028277388685e+01
8.058239062071395509e+00
4.652426491681278087e+00
1.391159267660409604e+01
1.046415791390898242e+01
1.009253008808064145e+01
7.136496464611084889e+00
1.492705330360461602e+01
1.363425735166143049e+01
7.225151993843566878e+00
1.271618740744904485e+01
8.593479713983121826e+00
9.373021315815206478e+00
1.409345127989185542e+01
8.740387444736633427e+00
6.383076486422923246e+00
8.136857890256438353e+00
1.117038385124011413e+01
8.136857890256438353e+00
1.117038385124011413e+01
5.527906391541367981e+00
1.111324596323282954e+01
9.373021315815206478e+00
1.291488987023529766e+01
9.965574970333758387e+00
1.330339418036568588e+01
6.076507779746498805e+00
1.413855043925722121e+01
1.161737456321036532e+01
8.136857890256438353e+00
1.015541250385961369e+01
7.735777827895049086e+00
1.335116235624909109e+01
1.301310337505149661e+01
8.740387444736633427e+00
8.740387444736633427e+00
1.058513485680245481e+01
8.740387444736633427e+00
1.178062436274634450e+01
1.220528683538465842e+01
7.978845608028653835e+00
1.009253008808064145e+01
1.349345229721172146e+01
1.422831991532699902e+01
1.220528683538465842e+01
9.440697438826296306e+00
9.772050238058398008e+00
1.009253008808064145e+01
7.225151993843566878e+00
5.753627391751591880e+00
6.482044814428574497e+00
1.058513485680245481e+01
9.706684619910241452e+00
6.282549314314217703e+00
6.482044814428574497e+00
8.136857890256438353e+00
8.593479713983121826e+00
5.170882945826410726e+00
1.381976597885341995e+01
1.513879513212096128e+01
