1.522266721510391640e+01
1.471226436021925466e+01
1.070474469691662733e+01
1.488434347843123184e+01
1.301310337505149661e+01
9.836981518731869656e+00
1.335116235624909109e+01
9.373021315815206478e+00
1.058513485680245481e+01
1.381976597885341995e+01
7.735777827895049086e+00
1.325545386523797831e+01
1.172646028567007725e+01
1.178062436274634450e+01
9.574614729634383536e+00
9.373021315815206478e+00
1.286550196516137312e+01
1.335116235624909109e+01
6.955796338302048021e+00
1.311058116710494836e+01
6.076507779746498805e+00
1.058513485680245481e+01
8.740387444736633427e+00
1.492705330360461602e+01
1.178062436274634450e+01
1.261566261010080048e+01
9.965574970333758387e+00
1.058513485680245481e+01
8.291859587312051971e+00
1.296408962885714899e+01
9.373021315815206478e+00
9.574614729634383536e+00
1.117038385124011413e+01
1.286550196516137312e+01
7.653039857325811823e+00
7.046725639945927711e+00
1.860970596672511235e+01
1.534761596392107741e+01
9.772050238058398008e+00
7.817640190446718762e+00
1.703815178355965898e+01
1.377362305878664728e+01
8.956231982162769611e+00
4.652426491681278087e+00
1.484151074652385738e+01
1.623454913941802857e+01
8.136857890256438353e+00
1.377362305878664728e+01
9.166995688475081394e+00
1.484151074652385738e+01
1.662206308517478703e+01
1.400281721259029588e+01
1.363425735166143049e+01
1.034176589165282145e+01
7.225151993843566878e+00
1.700074635581867355e+01
1.194164264288369282e+01
1.271618740744904485e+01
1.188821220645068522e+01
1.488434347843123184e+01
1.058513485680245481e+01
1.145179781116143225e+01
1.703815178355965898e+01
1.603728119216292924e+01
1.286550196516137312e+01
8.740387444736633427e+00
6.180387232371033157e+00
1.611647812414279102e+01
6.383076486422923246e+00
1.386575534383213970e+01
1.225733520300188317e+01
1.167204486311898926e+01
8.136857890256438353e+00
1.386575534383213970e+01
1.599753570059363028e+01
9.097283682934460103e+00
1.662206308517478703e+01
1.286550196516137312e+01
4.222008245644752300e+00
1.058513485680245481e+01
1.501210842680413826e+01
1.484151074652385738e+01
1.453814859003845150e+01
1.046415791390898242e+01
7.653039857325811823e+00
3.908820095223359381e+00
1.301310337505149661e+01
1.194164264288369282e+01
1.669848676668040710e+01
1.488434347843123184e+01
1.372732503515539548e+01
1.178062436274634450e+01
9.027033336764100468e+00
1.183454054540639433e+01
1.117038385124011413e+01
1.064510777218481152e+01
7.312732791431452384e+00
1.534761596392107741e+01
1.591774699517169012e+01
