1.058513485680245481e+01
1.306193320280393344e+01
9.373021315815206478e+00
1.256509862862843541e+01
8.136857890256438353e+00
1.330339418036568588e+01
6.863662517577697741e+00
1.088169461344923583e+01
7.817640190446718762e+00
1.117038385124011413e+01
1.236077446474206631e+01
1.161737456321036532e+01
1.040314189572019821e+01
1.167204486311898926e+01
1.325545386523797831e+01
1.315904928495908166e+01
1.492705330360461602e+01
7.978845608028653835e+00
1.330339418036568588e+01
6.955796338302048021e+00
1.111324596323282954e+01
1.204779266504070279e+01
1.669848676668040710e+01
9.373021315815206478e+00
9.373021315815206478e+00
1.046415791390898242e+01
1.427299292922216978e+01
1.058513485680245481e+01
9.965574970333758387e+00
1.635176762293251684e+01
1.513879513212096128e+01
1.281592373849173683e+01
1.156244577056221523e+01
1.409345127989185542e+01
1.156244577056221523e+01
1.064510777218481152e+01
1.306193320280393344e+01
9.373021315815206478e+00
8.136857890256438353e+00
1.178062436274634450e+01
1.534761596392107741e+01
1.225733520300188317e+01
1.286550196516137312e+01
1.178062436274634450e+01
9.373021315815206478e+00
1.117038385124011413e+01
1.070474469691662733e+01
3.385137501286537898e+00
9.027033336764100468e+00
1.296408962885714899e+01
1.046415791390898242e+01
8.136857890256438353e+00
1.466892917224166482e+01
6.675581178124545545e+00
1.395727947504383337e+01
9.507891862878782518e+00
1.409345127989185542e+01
7.978845608028653835e+00
1.117038385124011413e+01
1.418350619798065715e+01
1.117038385124011413e+01
1.449429283826230197e+01
1.058513485680245481e+01
1.344618962205996482e+01
6.282549314314217703e+00
9.373021315815206478e+00
1.225733520300188317e+01
9.965574970333758387e+00
1.377362305878664728e+01
9.965574970333758387e+00
6.579524642479540830e+00
8.593479713983121826e+00
9.097283682934460103e+00
1.058513485680245481e+01
1.058513485680245481e+01
1.117038385124011413e+01
9.027033336764100468e+00
1.058513485680245481e+01
9.373021315815206478e+00
9.373021315815206478e+00
1.509668435477122017e+01
1.145179781116143225e+01
7.978845608028653835e+00
1.404820733880128181e+01
9.965574970333758387e+00
1.711271735549580697e+01
9.640875829802336483e+00
1.046415791390898242e+01
1.220528683538465842e+01
7.399277020331918919e+00
1.301310337505149661e+01
1.400281721259029588e+01
1.344618962205996482e+01
1.488434347843123184e+01
1.058513485680245481e+01
1.276615297284584649e+01
5.753627391751591880e+00
1.204779266504070279e+01
1.076405121554611632e+01
7.898654169668588132e+00
1.028002345391383443e+01
1.567594437773643001e+01
1.058513485680245481e+01
1.117038385124011413e+01
1.567594437773643001e+01
8.740387444736633427e+00
1.070474469691662733e+01
9.373021315815206478e+00
1.058513485680245481e+01
6.863662517577697741e+00
9.706684619910241452e+00
7.817640190446718762e+00
1.422831991532699902e+01
1.368087033328175828e+01
8.136857890256438353e+00
9.507891862878782518e+00
9.836981518731869656e+00
3.385137501286537898e+00
1.122723095552866468e+01
