1.058513485680245481e+01
1.344618962205996482e+01
9.507891862878782518e+00
1.261566261010080048e+01
7.817640190446718762e+00
1.358748446131948917e+01
1.088169461344923583e+01
4.652426491681278087e+00
6.863662517577697741e+00
1.325545386523797831e+01
1.117038385124011413e+01
1.167204486311898926e+01
1.040314189572019821e+01
1.178062436274634450e+01
1.325545386523797831e+01
1.354055000514615159e+01
1.505445578434700415e+01
1.320733953636073110e+01
5.527906391541367981e+00
6.955796338302048021e+00
1.111324596323282954e+01
1.215301555949299761e+01
1.700074635581867355e+01
9.304852983362556174e+00
9.166995688475081394e+00
1.021790793990058255e+01
1.427299292922216978e+01
1.058513485680245481e+01
9.965574970333758387e+00
1.654528640181426269e+01
1.547155565579009817e+01
1.296408962885714899e+01
1.156244577056221523e+01
1.427299292922216978e+01
1.156244577056221523e+01
1.058513485680245481e+01
1.320733953636073110e+01
9.373021315815206478e+00
7.225151993843566878e+00
1.178062436274634450e+01
1.579730833933717626e+01
1.215301555949299761e+01
1.296408962885714899e+01
1.178062436274634450e+01
9.373021315815206478e+00
1.145179781116143225e+01
1.111324596323282954e+01
9.373021315815206478e+00
1.296408962885714899e+01
1.040314189572019821e+01
7.569397566060480642e+00
1.522266721510391640e+01
5.046265044040320724e+00
1.427299292922216978e+01
9.440697438826296306e+00
1.462546558286290477e+01
7.136496464611084889e+00
1.117038385124011413e+01
1.422831991532699902e+01
1.122723095552866468e+01
1.505445578434700415e+01
1.058513485680245481e+01
1.404820733880128181e+01
4.068428945128219176e+00
8.956231982162769611e+00
1.261566261010080048e+01
9.965574970333758387e+00
1.404820733880128181e+01
9.965574970333758387e+00
4.068428945128219176e+00
7.484820637019110379e+00
8.667244841319218907e+00
1.058513485680245481e+01
1.058513485680245481e+01
1.117038385124011413e+01
8.519075891779829490e+00
1.058513485680245481e+01
9.373021315815206478e+00
9.373021315815206478e+00
1.538904010394216471e+01
1.156244577056221523e+01
7.312732791431452384e+00
1.427299292922216978e+01
9.836981518731869656e+00
1.733448968263843781e+01
9.373021315815206478e+00
1.046415791390898242e+01
1.286550196516137312e+01
5.970821321441846408e+00
1.301310337505149661e+01
1.466892917224166482e+01
1.368087033328175828e+01
1.522266721510391640e+01
1.058513485680245481e+01
1.276615297284584649e+01
1.210051848659980855e+01
1.088169461344923583e+01
7.046725639945927711e+00
1.094004191971426110e+01
1.599753570059363028e+01
1.070474469691662733e+01
1.635176762293251684e+01
1.117038385124011413e+01
8.740387444736633427e+00
1.058513485680245481e+01
9.373021315815206478e+00
1.058513485680245481e+01
5.046265044040320724e+00
9.373021315815206478e+00
7.484820637019110379e+00
1.431752655671925822e+01
1.386575534383213970e+01
7.653039857325811823e+00
9.507891862878782518e+00
1.167204486311898926e+01
9.574614729634383536e+00
