1.058513485680245481e+01
1.251433034574463399e+01
9.640875829802336483e+00
1.251433034574463399e+01
8.740387444736633427e+00
1.236077446474206631e+01
5.753627391751591880e+00
8.291859587312051971e+00
1.088169461344923583e+01
8.740387444736633427e+00
1.058513485680245481e+01
1.178062436274634450e+01
1.105581278308273596e+01
5.863230142835038627e+00
1.009253008808064145e+01
7.136496464611084889e+00
1.241217083805063837e+01
1.021790793990058255e+01
1.210051848659980855e+01
1.440618081907316395e+01
8.593479713983121826e+00
8.593479713983121826e+00
1.167204486311898926e+01
1.094004191971426110e+01
6.955796338302048021e+00
1.167204486311898926e+01
7.046725639945927711e+00
1.436192209445157708e+01
9.373021315815206478e+00
9.373021315815206478e+00
1.058513485680245481e+01
5.170882945826410726e+00
1.386575534383213970e+01
1.058513485680245481e+01
9.965574970333758387e+00
1.526443044094783019e+01
1.427299292922216978e+01
1.271618740744904485e+01
1.128379167095512514e+01
1.286550196516137312e+01
7.399277020331918919e+00
1.117038385124011413e+01
9.901487006738307173e+00
1.266602473693425601e+01
9.507891862878782518e+00
9.027033336764100468e+00
6.863662517577697741e+00
1.161737456321036532e+01
1.111324596323282954e+01
1.404820733880128181e+01
1.266602473693425601e+01
1.178062436274634450e+01
9.027033336764100468e+00
1.117038385124011413e+01
1.058513485680245481e+01
7.399277020331918919e+00
8.812923024107547576e+00
1.266602473693425601e+01
1.058513485680245481e+01
7.225151993843566878e+00
8.740387444736633427e+00
1.276615297284584649e+01
1.368087033328175828e+01
9.507891862878782518e+00
1.325545386523797831e+01
8.740387444736633427e+00
7.136496464611084889e+00
1.094004191971426110e+01
1.372732503515539548e+01
6.955796338302048021e+00
1.058513485680245481e+01
1.034176589165282145e+01
1.368087033328175828e+01
1.266602473693425601e+01
8.136857890256438353e+00
9.373021315815206478e+00
1.156244577056221523e+01
9.965574970333758387e+00
1.325545386523797831e+01
9.965574970333758387e+00
7.978845608028653835e+00
8.956231982162769611e+00
9.507891862878782518e+00
1.021790793990058255e+01
1.002925341359354938e+01
1.117038385124011413e+01
9.373021315815206478e+00
1.058513485680245481e+01
9.373021315815206478e+00
9.373021315815206478e+00
1.117038385124011413e+01
1.395727947504383337e+01
8.444016491289504600e+00
9.965574970333758387e+00
1.296408962885714899e+01
1.591774699517169012e+01
6.955796338302048021e+00
6.383076486422923246e+00
9.373021315815206478e+00
1.034176589165282145e+01
1.178062436274634450e+01
8.812923024107547576e+00
1.271618740744904485e+01
1.315904928495908166e+01
1.306193320280393344e+01
6.180387232371033157e+00
1.230916348999737586e+01
1.058513485680245481e+01
1.286550196516137312e+01
8.136857890256438353e+00
9.965574970333758387e+00
1.070474469691662733e+01
5.753627391751591880e+00
8.444016491289504600e+00
9.706684619910241452e+00
7.046725639945927711e+00
1.496964127403822076e+01
1.058513485680245481e+01
1.117038385124011413e+01
1.395727947504383337e+01
8.884866446580955923e+00
6.579524642479540830e+00
9.965574970333758387e+00
9.373021315815206478e+00
8.136857890256438353e+00
1.034176589165282145e+01
9.965574970333758387e+00
8.136857890256438353e+00
1.291488987023529766e+01
7.399277020331918919e+00
1.291488987023529766e+01
7.225151993843566878e+00
8.740387444736633427e+00
9.373021315815206478e+00
9.965574970333758387e+00
1.117038385124011413e+01
