1.070474469691662733e+01
1.306193320280393344e+01
9.373021315815206478e+00
1.256509862862843541e+01
8.136857890256438353e+00
1.325545386523797831e+01
7.225151993843566878e+00
1.082303275961201905e+01
7.978845608028653835e+00
1.117038385124011413e+01
1.236077446474206631e+01
1.161737456321036532e+01
1.046415791390898242e+01
1.167204486311898926e+01
1.325545386523797831e+01
1.311058116710494836e+01
1.492705330360461602e+01
7.136496464611084889e+00
8.136857890256438353e+00
1.325545386523797831e+01
1.105581278308273596e+01
1.194164264288369282e+01
1.666031874701878124e+01
9.373021315815206478e+00
9.373021315815206478e+00
1.058513485680245481e+01
1.427299292922216978e+01
1.058513485680245481e+01
9.965574970333758387e+00
1.635176762293251684e+01
1.505445578434700415e+01
1.281592373849173683e+01
1.156244577056221523e+01
1.395727947504383337e+01
1.156244577056221523e+01
1.058513485680245481e+01
2.763953195770683990e+00
1.291488987023529766e+01
9.373021315815206478e+00
8.291859587312051971e+00
1.178062436274634450e+01
1.518078909665319287e+01
1.225733520300188317e+01
1.281592373849173683e+01
1.178062436274634450e+01
9.373021315815206478e+00
1.117038385124011413e+01
1.070474469691662733e+01
4.222008245644752300e+00
8.956231982162769611e+00
1.296408962885714899e+01
1.046415791390898242e+01
8.136857890256438353e+00
6.383076486422923246e+00
1.436192209445157708e+01
1.395727947504383337e+01
9.507891862878782518e+00
1.404820733880128181e+01
7.978845608028653835e+00
2.985410660720923204e+00
1.117038385124011413e+01
1.418350619798065715e+01
1.117038385124011413e+01
1.058513485680245481e+01
1.427299292922216978e+01
1.330339418036568588e+01
6.579524642479540830e+00
9.373021315815206478e+00
1.220528683538465842e+01
9.965574970333758387e+00
1.381976597885341995e+01
9.965574970333758387e+00
6.770275002573075795e+00
8.667244841319218907e+00
9.166995688475081394e+00
1.058513485680245481e+01
1.058513485680245481e+01
1.117038385124011413e+01
9.166995688475081394e+00
1.058513485680245481e+01
9.373021315815206478e+00
9.373021315815206478e+00
1.501210842680413826e+01
1.145179781116143225e+01
8.136857890256438353e+00
1.404820733880128181e+01
9.965574970333758387e+00
1.711271735549580697e+01
9.640875829802336483e+00
1.046415791390898242e+01
1.204779266504070279e+01
7.484820637019110379e+00
1.301310337505149661e+01
1.400281721259029588e+01
1.344618962205996482e+01
1.479855404066383784e+01
1.058513485680245481e+01
1.276615297284584649e+01
6.383076486422923246e+00
1.199483507827737583e+01
1.076405121554611632e+01
7.978845608028653835e+00
1.028002345391383443e+01
1.559451034962034477e+01
1.058513485680245481e+01
1.117038385124011413e+01
1.563528038089343752e+01
8.740387444736633427e+00
1.070474469691662733e+01
9.373021315815206478e+00
1.058513485680245481e+01
7.046725639945927711e+00
9.772050238058398008e+00
7.898654169668588132e+00
1.422831991532699902e+01
1.358748446131948917e+01
8.136857890256438353e+00
9.507891862878782518e+00
9.901487006738307173e+00
3.908820095223359381e+00
1.117038385124011413e+01
