1.440618081907316395e+01
1.058513485680245481e+01
9.373021315815206478e+00
1.276615297284584649e+01
5.970821321441846408e+00
1.431752655671925822e+01
1.076405121554611632e+01
1.167204486311898926e+01
1.431752655671925822e+01
3.191538243211461623e+00
1.156244577056221523e+01
9.772050238058398008e+00
1.236077446474206631e+01
1.335116235624909109e+01
1.436192209445157708e+01
1.555363345008750464e+01
1.325545386523797831e+01
1.111324596323282954e+01
3.908820095223359381e+00
1.236077446474206631e+01
1.758969042850511855e+01
9.236181543108379799e+00
8.740387444736633427e+00
9.965574970333758387e+00
1.436192209445157708e+01
1.070474469691662733e+01
1.040314189572019821e+01
1.681247093473193388e+01
1.623454913941802857e+01
1.296408962885714899e+01
1.156244577056221523e+01
1.440618081907316395e+01
1.156244577056221523e+01
1.058513485680245481e+01
2.985410660720923204e+00
1.315904928495908166e+01
9.574614729634383536e+00
1.646815177937675045e+01
1.178062436274634450e+01
5.170882945826410726e+00
1.215301555949299761e+01
1.296408962885714899e+01
1.178062436274634450e+01
9.373021315815206478e+00
1.167204486311898926e+01
1.194164264288369282e+01
1.325545386523797831e+01
8.812923024107547576e+00
1.034176589165282145e+01
1.547155565579009817e+01
5.641895835477562571e+00
1.458187244392064308e+01
9.373021315815206478e+00
1.530607971465162365e+01
4.513516668382050234e+00
1.128379167095512514e+01
1.436192209445157708e+01
1.178062436274634450e+01
1.547155565579009817e+01
1.492705330360461602e+01
1.058513485680245481e+01
8.812923024107547576e+00
1.335116235624909109e+01
9.965574970333758387e+00
1.471226436021925466e+01
9.836981518731869656e+00
5.970821321441846408e+00
1.058513485680245481e+01
7.484820637019110379e+00
1.058513485680245481e+01
1.117038385124011413e+01
7.225151993843566878e+00
1.587770228520368221e+01
1.105581278308273596e+01
8.956231982162769611e+00
9.373021315815206478e+00
1.172646028567007725e+01
5.527906391541367981e+00
1.475547227809780537e+01
9.373021315815206478e+00
1.794796937867891984e+01
9.373021315815206478e+00
1.052482020710848865e+01
1.296408962885714899e+01
1.301310337505149661e+01
1.607692842495848140e+01
1.372732503515539548e+01
1.563528038089343752e+01
1.021790793990058255e+01
1.271618740744904485e+01
1.220528683538465842e+01
1.094004191971426110e+01
1.220528683538465842e+01
1.673656774376800982e+01
1.070474469691662733e+01
1.688803298257900920e+01
1.117038385124011413e+01
8.444016491289504600e+00
1.058513485680245481e+01
9.373021315815206478e+00
1.046415791390898242e+01
9.373021315815206478e+00
6.579524642479540830e+00
1.462546558286290477e+01
1.418350619798065715e+01
6.482044814428574497e+00
9.640875829802336483e+00
1.210051848659980855e+01
9.373021315815206478e+00
