1.534761596392107741e+01
1.058513485680245481e+01
9.373021315815206478e+00
1.266602473693425601e+01
1.505445578434700415e+01
1.082303275961201905e+01
1.236077446474206631e+01
1.492705330360461602e+01
1.128379167095512514e+01
9.373021315815206478e+00
1.256509862862843541e+01
1.335116235624909109e+01
1.513879513212096128e+01
1.583755632390385770e+01
1.320733953636073110e+01
1.111324596323282954e+01
1.236077446474206631e+01
1.812445316531431061e+01
9.166995688475081394e+00
7.653039857325811823e+00
9.640875829802336483e+00
1.436192209445157708e+01
1.111324596323282954e+01
1.058513485680245481e+01
1.703815178355965898e+01
1.726088217525477830e+01
1.296408962885714899e+01
1.156244577056221523e+01
1.440618081907316395e+01
1.156244577056221523e+01
1.021790793990058255e+01
1.339876023397903637e+01
9.901487006738307173e+00
1.178062436274634450e+01
1.225733520300188317e+01
1.296408962885714899e+01
1.178062436274634450e+01
9.373021315815206478e+00
1.194164264288369282e+01
1.587770228520368221e+01
1.344618962205996482e+01
1.040314189572019821e+01
8.058239062071395509e+00
1.575695754970980111e+01
1.488434347843123184e+01
1.587770228520368221e+01
1.204779266504070279e+01
1.471226436021925466e+01
1.635176762293251684e+01
1.178062436274634450e+01
1.563528038089343752e+01
1.058513485680245481e+01
1.400281721259029588e+01
8.593479713983121826e+00
9.901487006738307173e+00
1.530607971465162365e+01
9.440697438826296306e+00
1.058513485680245481e+01
5.753627391751591880e+00
1.088169461344923583e+01
1.088169461344923583e+01
3.908820095223359381e+00
1.607692842495848140e+01
1.156244577056221523e+01
9.097283682934460103e+00
9.373021315815206478e+00
1.167204486311898926e+01
1.509668435477122017e+01
9.373021315815206478e+00
1.850679436136249834e+01
9.236181543108379799e+00
1.034176589165282145e+01
1.320733953636073110e+01
1.301310337505149661e+01
1.642944866646030988e+01
1.377362305878664728e+01
1.595769121605730767e+01
1.009253008808064145e+01
1.256509862862843541e+01
1.215301555949299761e+01
1.088169461344923583e+01
1.225733520300188317e+01
1.696325844612841038e+01
1.099807968464679142e+01
1.714987856615383066e+01
1.117038385124011413e+01
8.368283871884004910e+00
1.058513485680245481e+01
9.836981518731869656e+00
1.034176589165282145e+01
9.097283682934460103e+00
4.222008245644752300e+00
1.492705330360461602e+01
1.453814859003845150e+01
1.082303275961201905e+01
1.236077446474206631e+01
9.097283682934460103e+00
