1.058513485680245481e+01
1.241217083805063837e+01
9.640875829802336483e+00
1.246335526484300615e+01
8.740387444736633427e+00
1.236077446474206631e+01
5.753627391751591880e+00
8.291859587312051971e+00
1.082303275961201905e+01
8.884866446580955923e+00
1.058513485680245481e+01
1.156244577056221523e+01
1.105581278308273596e+01
6.076507779746498805e+00
1.009253008808064145e+01
7.312732791431452384e+00
1.220528683538465842e+01
1.009253008808064145e+01
1.204779266504070279e+01
1.431752655671925822e+01
8.593479713983121826e+00
8.667244841319218907e+00
1.161737456321036532e+01
1.094004191971426110e+01
7.046725639945927711e+00
1.156244577056221523e+01
7.225151993843566878e+00
1.427299292922216978e+01
9.373021315815206478e+00
9.373021315815206478e+00
1.058513485680245481e+01
5.641895835477562571e+00
1.381976597885341995e+01
1.058513485680245481e+01
9.965574970333758387e+00
2.256758334191025117e+00
1.513879513212096128e+01
1.418350619798065715e+01
1.271618740744904485e+01
3.385137501286537898e+00
1.117038385124011413e+01
1.281592373849173683e+01
7.399277020331918919e+00
1.117038385124011413e+01
9.507891862878782518e+00
1.256509862862843541e+01
9.507891862878782518e+00
9.027033336764100468e+00
7.225151993843566878e+00
1.156244577056221523e+01
1.105581278308273596e+01
1.395727947504383337e+01
1.261566261010080048e+01
1.178062436274634450e+01
9.027033336764100468e+00
1.117038385124011413e+01
1.052482020710848865e+01
7.569397566060480642e+00
8.812923024107547576e+00
1.266602473693425601e+01
1.058513485680245481e+01
7.312732791431452384e+00
8.884866446580955923e+00
1.271618740744904485e+01
1.368087033328175828e+01
9.640875829802336483e+00
1.320733953636073110e+01
8.740387444736633427e+00
7.225151993843566878e+00
1.094004191971426110e+01
1.372732503515539548e+01
6.955796338302048021e+00
1.058513485680245481e+01
1.009253008808064145e+01
1.363425735166143049e+01
1.256509862862843541e+01
8.368283871884004910e+00
9.373021315815206478e+00
1.156244577056221523e+01
9.965574970333758387e+00
1.325545386523797831e+01
9.901487006738307173e+00
7.978845608028653835e+00
9.027033336764100468e+00
9.507891862878782518e+00
1.021790793990058255e+01
9.965574970333758387e+00
1.117038385124011413e+01
9.373021315815206478e+00
1.058513485680245481e+01
9.373021315815206478e+00
9.373021315815206478e+00
1.117038385124011413e+01
1.404820733880128181e+01
8.593479713983121826e+00
9.965574970333758387e+00
1.296408962885714899e+01
1.575695754970980111e+01
6.955796338302048021e+00
6.482044814428574497e+00
9.373021315815206478e+00
1.009253008808064145e+01
1.178062436274634450e+01
8.812923024107547576e+00
3.908820095223359381e+00
1.271618740744904485e+01
1.311058116710494836e+01
1.296408962885714899e+01
6.579524642479540830e+00
1.199483507827737583e+01
1.058513485680245481e+01
3.568248232305542444e+00
1.286550196516137312e+01
8.136857890256438353e+00
9.901487006738307173e+00
1.070474469691662733e+01
5.970821321441846408e+00
8.444016491289504600e+00
7.046725639945927711e+00
9.640875829802336483e+00
1.058513485680245481e+01
1.471226436021925466e+01
1.117038385124011413e+01
1.391159267660409604e+01
8.956231982162769611e+00
6.863662517577697741e+00
9.965574970333758387e+00
9.373021315815206478e+00
8.136857890256438353e+00
1.034176589165282145e+01
9.965574970333758387e+00
8.136857890256438353e+00
1.281592373849173683e+01
7.653039857325811823e+00
1.286550196516137312e+01
7.225151993843566878e+00
8.740387444736633427e+00
9.373021315815206478e+00
9.836981518731869656e+00
1.117038385124011413e+01
