1.058513485680245481e+01
1.335116235624909109e+01
9.373021315815206478e+00
1.256509862862843541e+01
8.136857890256438353e+00
1.344618962205996482e+01
1.088169461344923583e+01
6.180387232371033157e+00
7.312732791431452384e+00
1.261566261010080048e+01
1.117038385124011413e+01
1.167204486311898926e+01
1.040314189572019821e+01
1.178062436274634450e+01
1.325545386523797831e+01
1.325545386523797831e+01
1.501210842680413826e+01
1.325545386523797831e+01
6.383076486422923246e+00
7.484820637019110379e+00
1.111324596323282954e+01
1.215301555949299761e+01
1.692568750643268771e+01
9.373021315815206478e+00
9.166995688475081394e+00
1.040314189572019821e+01
1.427299292922216978e+01
1.058513485680245481e+01
9.965574970333758387e+00
1.646815177937675045e+01
1.530607971465162365e+01
1.296408962885714899e+01
1.156244577056221523e+01
1.422831991532699902e+01
1.156244577056221523e+01
1.058513485680245481e+01
1.330339418036568588e+01
9.373021315815206478e+00
7.653039857325811823e+00
1.178062436274634450e+01
1.571650316319191809e+01
1.220528683538465842e+01
1.291488987023529766e+01
1.178062436274634450e+01
9.373021315815206478e+00
1.145179781116143225e+01
1.088169461344923583e+01
9.373021315815206478e+00
1.296408962885714899e+01
1.040314189572019821e+01
7.978845608028653835e+00
1.509668435477122017e+01
6.076507779746498805e+00
1.418350619798065715e+01
9.440697438826296306e+00
1.431752655671925822e+01
7.225151993843566878e+00
1.117038385124011413e+01
1.418350619798065715e+01
1.117038385124011413e+01
1.475547227809780537e+01
1.058513485680245481e+01
1.386575534383213970e+01
5.641895835477562571e+00
9.027033336764100468e+00
1.236077446474206631e+01
9.965574970333758387e+00
1.386575534383213970e+01
9.965574970333758387e+00
5.527906391541367981e+00
8.136857890256438353e+00
8.956231982162769611e+00
1.058513485680245481e+01
1.058513485680245481e+01
1.117038385124011413e+01
8.884866446580955923e+00
1.058513485680245481e+01
9.373021315815206478e+00
9.373021315815206478e+00
1.522266721510391640e+01
1.150725478350318376e+01
7.653039857325811823e+00
1.413855043925722121e+01
9.836981518731869656e+00
1.718695942796624365e+01
9.373021315815206478e+00
1.046415791390898242e+01
1.256509862862843541e+01
6.675581178124545545e+00
1.301310337505149661e+01
1.422831991532699902e+01
1.354055000514615159e+01
1.505445578434700415e+01
1.058513485680245481e+01
1.276615297284584649e+01
4.513516668382050234e+00
1.204779266504070279e+01
1.082303275961201905e+01
7.399277020331918919e+00
1.070474469691662733e+01
1.583755632390385770e+01
1.058513485680245481e+01
1.117038385124011413e+01
1.603728119216292924e+01
8.740387444736633427e+00
1.058513485680245481e+01
9.373021315815206478e+00
1.058513485680245481e+01
6.180387232371033157e+00
9.574614729634383536e+00
7.653039857325811823e+00
1.431752655671925822e+01
1.381976597885341995e+01
8.058239062071395509e+00
9.507891862878782518e+00
9.772050238058398008e+00
1.150725478350318376e+01
