1.058513485680245481e+01
1.276615297284584649e+01
9.373021315815206478e+00
1.251433034574463399e+01
8.667244841319218907e+00
1.291488987023529766e+01
4.222008245644752300e+00
7.978845608028653835e+00
1.082303275961201905e+01
8.593479713983121826e+00
1.070474469691662733e+01
1.178062436274634450e+01
1.128379167095512514e+01
1.021790793990058255e+01
1.320733953636073110e+01
5.753627391751591880e+00
1.058513485680245481e+01
1.246335526484300615e+01
1.475547227809780537e+01
8.136857890256438353e+00
8.136857890256438353e+00
1.261566261010080048e+01
1.099807968464679142e+01
5.170882945826410726e+00
1.178062436274634450e+01
1.559451034962034477e+01
5.753627391751591880e+00
9.373021315815206478e+00
9.373021315815206478e+00
1.058513485680245481e+01
1.409345127989185542e+01
1.058513485680245481e+01
9.965574970333758387e+00
1.587770228520368221e+01
1.453814859003845150e+01
1.271618740744904485e+01
1.150725478350318376e+01
1.358748446131948917e+01
6.482044814428574497e+00
1.139607097042601680e+01
9.965574970333758387e+00
1.286550196516137312e+01
9.373021315815206478e+00
8.740387444736633427e+00
1.178062436274634450e+01
1.471226436021925466e+01
1.172646028567007725e+01
5.527906391541367981e+00
1.276615297284584649e+01
1.178062436274634450e+01
9.027033336764100468e+00
1.117038385124011413e+01
1.058513485680245481e+01
6.482044814428574497e+00
8.740387444736633427e+00
1.281592373849173683e+01
1.046415791390898242e+01
6.770275002573075795e+00
8.444016491289504600e+00
1.344618962205996482e+01
1.381976597885341995e+01
9.373021315815206478e+00
1.354055000514615159e+01
8.444016491289504600e+00
6.383076486422923246e+00
1.117038385124011413e+01
1.400281721259029588e+01
5.753627391751591880e+00
1.058513485680245481e+01
1.052482020710848865e+01
1.409345127989185542e+01
1.296408962885714899e+01
7.817640190446718762e+00
9.373021315815206478e+00
1.178062436274634450e+01
9.965574970333758387e+00
1.344618962205996482e+01
9.965574970333758387e+00
7.225151993843566878e+00
8.740387444736633427e+00
9.373021315815206478e+00
1.058513485680245481e+01
1.040314189572019821e+01
1.117038385124011413e+01
9.373021315815206478e+00
1.058513485680245481e+01
9.373021315815206478e+00
9.373021315815206478e+00
1.122723095552866468e+01
1.462546558286290477e+01
8.136857890256438353e+00
9.965574970333758387e+00
1.339876023397903637e+01
1.666031874701878124e+01
4.513516668382050234e+00
9.507891862878782518e+00
4.068428945128219176e+00
1.046415791390898242e+01
1.178062436274634450e+01
8.444016491289504600e+00
1.291488987023529766e+01
1.330339418036568588e+01
1.344618962205996482e+01
4.513516668382050234e+00
1.372732503515539548e+01
1.058513485680245481e+01
1.296408962885714899e+01
7.653039857325811823e+00
1.070474469691662733e+01
1.076405121554611632e+01
8.136857890256438353e+00
9.965574970333758387e+00
1.518078909665319287e+01
1.058513485680245481e+01
5.753627391751591880e+00
1.117038385124011413e+01
1.462546558286290477e+01
8.884866446580955923e+00
1.009253008808064145e+01
9.373021315815206478e+00
4.222008245644752300e+00
7.735777827895049086e+00
1.058513485680245481e+01
9.965574970333758387e+00
8.136857890256438353e+00
1.363425735166143049e+01
1.330339418036568588e+01
6.282549314314217703e+00
6.482044814428574497e+00
8.444016491289504600e+00
9.373021315815206478e+00
9.965574970333758387e+00
1.117038385124011413e+01
