1.058513485680245481e+01
1.320733953636073110e+01
9.373021315815206478e+00
1.256509862862843541e+01
8.136857890256438353e+00
1.339876023397903637e+01
1.088169461344923583e+01
6.383076486422923246e+00
7.653039857325811823e+00
1.117038385124011413e+01
1.236077446474206631e+01
1.167204486311898926e+01
1.040314189572019821e+01
1.167204486311898926e+01
1.325545386523797831e+01
1.325545386523797831e+01
1.496964127403822076e+01
1.330339418036568588e+01
6.863662517577697741e+00
7.735777827895049086e+00
1.111324596323282954e+01
1.204779266504070279e+01
1.685029431422315938e+01
9.373021315815206478e+00
9.166995688475081394e+00
1.046415791390898242e+01
1.427299292922216978e+01
1.058513485680245481e+01
9.965574970333758387e+00
1.639065416446577927e+01
1.522266721510391640e+01
1.291488987023529766e+01
1.156244577056221523e+01
1.422831991532699902e+01
1.156244577056221523e+01
1.058513485680245481e+01
1.320733953636073110e+01
9.373021315815206478e+00
7.898654169668588132e+00
1.178062436274634450e+01
1.551264883747923129e+01
1.220528683538465842e+01
1.286550196516137312e+01
1.178062436274634450e+01
9.373021315815206478e+00
1.134007028277388685e+01
1.070474469691662733e+01
9.304852983362556174e+00
1.296408962885714899e+01
1.040314189572019821e+01
8.136857890256438353e+00
1.505445578434700415e+01
6.282549314314217703e+00
1.409345127989185542e+01
9.507891862878782518e+00
1.422831991532699902e+01
7.735777827895049086e+00
1.117038385124011413e+01
1.418350619798065715e+01
1.117038385124011413e+01
1.466892917224166482e+01
1.058513485680245481e+01
1.368087033328175828e+01
6.076507779746498805e+00
9.166995688475081394e+00
1.236077446474206631e+01
9.965574970333758387e+00
1.386575534383213970e+01
9.965574970333758387e+00
5.753627391751591880e+00
8.291859587312051971e+00
9.027033336764100468e+00
1.058513485680245481e+01
1.058513485680245481e+01
1.117038385124011413e+01
8.956231982162769611e+00
1.058513485680245481e+01
9.373021315815206478e+00
9.373021315815206478e+00
1.522266721510391640e+01
1.145179781116143225e+01
7.817640190446718762e+00
1.409345127989185542e+01
9.901487006738307173e+00
1.718695942796624365e+01
9.373021315815206478e+00
1.046415791390898242e+01
1.241217083805063837e+01
6.863662517577697741e+00
1.301310337505149661e+01
1.409345127989185542e+01
1.349345229721172146e+01
1.492705330360461602e+01
1.058513485680245481e+01
1.276615297284584649e+01
5.527906391541367981e+00
1.204779266504070279e+01
1.076405121554611632e+01
7.653039857325811823e+00
1.058513485680245481e+01
1.583755632390385770e+01
1.058513485680245481e+01
1.117038385124011413e+01
1.591774699517169012e+01
8.740387444736633427e+00
1.058513485680245481e+01
9.373021315815206478e+00
1.058513485680245481e+01
6.675581178124545545e+00
9.640875829802336483e+00
7.898654169668588132e+00
1.422831991532699902e+01
1.368087033328175828e+01
8.136857890256438353e+00
9.507891862878782518e+00
9.772050238058398008e+00
1.134007028277388685e+01
