1.058513485680245481e+01
1.230916348999737586e+01
9.706684619910241452e+00
1.241217083805063837e+01
8.740387444736633427e+00
6.482044814428574497e+00
1.236077446474206631e+01
8.444016491289504600e+00
1.082303275961201905e+01
9.027033336764100468e+00
1.058513485680245481e+01
1.145179781116143225e+01
1.094004191971426110e+01
6.383076486422923246e+00
1.009253008808064145e+01
7.653039857325811823e+00
9.965574970333758387e+00
1.199483507827737583e+01
1.194164264288369282e+01
1.413855043925722121e+01
8.740387444736633427e+00
8.740387444736633427e+00
1.150725478350318376e+01
1.094004191971426110e+01
7.225151993843566878e+00
1.156244577056221523e+01
7.399277020331918919e+00
1.395727947504383337e+01
9.373021315815206478e+00
9.373021315815206478e+00
1.058513485680245481e+01
6.180387232371033157e+00
1.368087033328175828e+01
1.058513485680245481e+01
4.513516668382050234e+00
9.965574970333758387e+00
1.492705330360461602e+01
1.400281721259029588e+01
1.271618740744904485e+01
4.918490759365934828e+00
1.117038385124011413e+01
1.281592373849173683e+01
7.399277020331918919e+00
1.117038385124011413e+01
9.373021315815206478e+00
1.236077446474206631e+01
9.440697438826296306e+00
9.166995688475081394e+00
7.399277020331918919e+00
1.150725478350318376e+01
1.105581278308273596e+01
1.386575534383213970e+01
1.261566261010080048e+01
1.167204486311898926e+01
9.027033336764100468e+00
1.117038385124011413e+01
1.040314189572019821e+01
7.312732791431452384e+00
2.763953195770683990e+00
1.256509862862843541e+01
1.058513485680245481e+01
8.519075891779829490e+00
7.399277020331918919e+00
8.884866446580955923e+00
1.261566261010080048e+01
1.372732503515539548e+01
9.640875829802336483e+00
1.311058116710494836e+01
8.740387444736633427e+00
7.312732791431452384e+00
1.094004191971426110e+01
1.363425735166143049e+01
7.312732791431452384e+00
1.058513485680245481e+01
9.640875829802336483e+00
1.344618962205996482e+01
1.230916348999737586e+01
8.444016491289504600e+00
3.908820095223359381e+00
9.373021315815206478e+00
1.145179781116143225e+01
9.965574970333758387e+00
1.315904928495908166e+01
9.836981518731869656e+00
8.136857890256438353e+00
8.740387444736633427e+00
9.507891862878782518e+00
1.021790793990058255e+01
9.965574970333758387e+00
1.117038385124011413e+01
9.373021315815206478e+00
1.058513485680245481e+01
9.373021315815206478e+00
9.373021315815206478e+00
1.117038385124011413e+01
1.381976597885341995e+01
8.667244841319218907e+00
9.965574970333758387e+00
1.296408962885714899e+01
1.559451034962034477e+01
6.955796338302048021e+00
6.863662517577697741e+00
9.304852983362556174e+00
9.836981518731869656e+00
1.178062436274634450e+01
8.740387444736633427e+00
4.918490759365934828e+00
1.251433034574463399e+01
1.296408962885714899e+01
1.261566261010080048e+01
6.675581178124545545e+00
1.178062436274634450e+01
1.058513485680245481e+01
4.652426491681278087e+00
1.286550196516137312e+01
8.291859587312051971e+00
9.836981518731869656e+00
1.058513485680245481e+01
6.383076486422923246e+00
8.444016491289504600e+00
7.312732791431452384e+00
9.507891862878782518e+00
1.058513485680245481e+01
1.449429283826230197e+01
1.105581278308273596e+01
1.372732503515539548e+01
9.027033336764100468e+00
7.046725639945927711e+00
9.965574970333758387e+00
9.236181543108379799e+00
8.291859587312051971e+00
1.034176589165282145e+01
9.965574970333758387e+00
4.370193722368316713e+00
8.136857890256438353e+00
1.276615297284584649e+01
8.058239062071395509e+00
1.281592373849173683e+01
7.484820637019110379e+00
8.740387444736633427e+00
9.373021315815206478e+00
1.117038385124011413e+01
9.507891862878782518e+00
