1.395727947504383337e+01
1.058513485680245481e+01
9.574614729634383536e+00
1.276615297284584649e+01
6.955796338302048021e+00
1.391159267660409604e+01
1.088169461344923583e+01
6.282549314314217703e+00
1.145179781116143225e+01
1.404820733880128181e+01
1.156244577056221523e+01
1.002925341359354938e+01
1.204779266504070279e+01
1.330339418036568588e+01
1.418350619798065715e+01
1.526443044094783019e+01
1.325545386523797831e+01
1.111324596323282954e+01
6.076507779746498805e+00
1.236077446474206631e+01
1.726088217525477830e+01
9.236181543108379799e+00
9.027033336764100468e+00
1.002925341359354938e+01
1.431752655671925822e+01
1.058513485680245481e+01
9.965574970333758387e+00
1.662206308517478703e+01
1.579730833933717626e+01
1.296408962885714899e+01
1.156244577056221523e+01
1.436192209445157708e+01
5.753627391751591880e+00
1.156244577056221523e+01
1.058513485680245481e+01
1.315904928495908166e+01
9.507891862878782518e+00
1.615593100600235843e+01
6.863662517577697741e+00
1.178062436274634450e+01
1.215301555949299761e+01
1.296408962885714899e+01
1.178062436274634450e+01
9.373021315815206478e+00
1.156244577056221523e+01
1.156244577056221523e+01
9.027033336764100468e+00
1.296408962885714899e+01
1.034176589165282145e+01
6.955796338302048021e+00
1.538904010394216471e+01
1.436192209445157708e+01
9.772050238058398008e+00
1.501210842680413826e+01
5.970821321441846408e+00
1.117038385124011413e+01
1.431752655671925822e+01
1.167204486311898926e+01
1.543035303761632804e+01
1.058513485680245481e+01
1.440618081907316395e+01
8.812923024107547576e+00
1.320733953636073110e+01
9.965574970333758387e+00
1.436192209445157708e+01
9.965574970333758387e+00
6.955796338302048021e+00
1.058513485680245481e+01
8.136857890256438353e+00
1.058513485680245481e+01
1.117038385124011413e+01
8.136857890256438353e+00
1.571650316319191809e+01
1.064510777218481152e+01
9.236181543108379799e+00
9.373021315815206478e+00
1.172646028567007725e+01
6.770275002573075795e+00
1.436192209445157708e+01
9.772050238058398008e+00
1.766192765414112031e+01
9.373021315815206478e+00
1.046415791390898242e+01
1.296408962885714899e+01
1.301310337505149661e+01
1.551264883747923129e+01
1.372732503515539548e+01
1.534761596392107741e+01
1.040314189572019821e+01
1.276615297284584649e+01
1.215301555949299761e+01
1.094004191971426110e+01
5.753627391751591880e+00
1.128379167095512514e+01
1.642944866646030988e+01
1.064510777218481152e+01
1.669848676668040710e+01
1.117038385124011413e+01
8.740387444736633427e+00
1.058513485680245481e+01
9.373021315815206478e+00
1.058513485680245481e+01
9.373021315815206478e+00
7.225151993843566878e+00
1.440618081907316395e+01
1.400281721259029588e+01
7.225151993843566878e+00
9.640875829802336483e+00
1.204779266504070279e+01
9.373021315815206478e+00
