1.422831991532699902e+01
1.058513485680245481e+01
9.507891862878782518e+00
1.276615297284584649e+01
6.675581178124545545e+00
1.413855043925722121e+01
1.088169461344923583e+01
1.156244577056221523e+01
1.418350619798065715e+01
5.527906391541367981e+00
1.156244577056221523e+01
9.836981518731869656e+00
1.215301555949299761e+01
1.335116235624909109e+01
1.422831991532699902e+01
1.534761596392107741e+01
1.325545386523797831e+01
1.111324596323282954e+01
5.292567428401227403e+00
1.236077446474206631e+01
1.737117647432762624e+01
9.166995688475081394e+00
8.884866446580955923e+00
1.002925341359354938e+01
1.431752655671925822e+01
1.070474469691662733e+01
1.009253008808064145e+01
1.666031874701878124e+01
1.591774699517169012e+01
1.296408962885714899e+01
1.156244577056221523e+01
1.436192209445157708e+01
1.156244577056221523e+01
5.170882945826410726e+00
1.058513485680245481e+01
1.315904928495908166e+01
9.507891862878782518e+00
1.627371578051287671e+01
1.178062436274634450e+01
5.863230142835038627e+00
1.215301555949299761e+01
1.296408962885714899e+01
1.178062436274634450e+01
9.373021315815206478e+00
1.156244577056221523e+01
1.167204486311898926e+01
1.311058116710494836e+01
8.812923024107547576e+00
1.034176589165282145e+01
6.180387232371033157e+00
1.547155565579009817e+01
1.445030398768713376e+01
9.574614729634383536e+00
1.513879513212096128e+01
5.641895835477562571e+00
1.117038385124011413e+01
1.436192209445157708e+01
1.167204486311898926e+01
1.543035303761632804e+01
1.466892917224166482e+01
1.058513485680245481e+01
8.812923024107547576e+00
1.325545386523797831e+01
9.965574970333758387e+00
1.453814859003845150e+01
9.965574970333758387e+00
6.955796338302048021e+00
1.058513485680245481e+01
7.817640190446718762e+00
1.058513485680245481e+01
1.117038385124011413e+01
7.569397566060480642e+00
1.583755632390385770e+01
1.088169461344923583e+01
9.027033336764100468e+00
9.373021315815206478e+00
1.172646028567007725e+01
6.076507779746498805e+00
1.445030398768713376e+01
9.640875829802336483e+00
1.787688803255549530e+01
9.373021315815206478e+00
1.052482020710848865e+01
1.296408962885714899e+01
1.301310337505149661e+01
1.583755632390385770e+01
1.368087033328175828e+01
1.534761596392107741e+01
1.028002345391383443e+01
1.276615297284584649e+01
1.215301555949299761e+01
1.094004191971426110e+01
5.046265044040320724e+00
1.150725478350318376e+01
1.666031874701878124e+01
1.064510777218481152e+01
1.685029431422315938e+01
1.117038385124011413e+01
8.593479713983121826e+00
1.058513485680245481e+01
9.373021315815206478e+00
1.052482020710848865e+01
9.373021315815206478e+00
7.225151993843566878e+00
1.445030398768713376e+01
1.404820733880128181e+01
6.863662517577697741e+00
9.640875829802336483e+00
1.210051848659980855e+01
9.373021315815206478e+00
