1.418350619798065715e+01
1.058513485680245481e+01
9.507891862878782518e+00
1.276615297284584649e+01
6.770275002573075795e+00
1.400281721259029588e+01
1.088169461344923583e+01
5.970821321441846408e+00
1.150725478350318376e+01
1.413855043925722121e+01
1.156244577056221523e+01
9.836981518731869656e+00
1.210051848659980855e+01
1.330339418036568588e+01
1.418350619798065715e+01
1.522266721510391640e+01
1.325545386523797831e+01
1.111324596323282954e+01
5.863230142835038627e+00
1.236077446474206631e+01
1.733448968263843781e+01
9.236181543108379799e+00
9.027033336764100468e+00
1.002925341359354938e+01
1.431752655671925822e+01
1.058513485680245481e+01
1.002925341359354938e+01
1.662206308517478703e+01
1.583755632390385770e+01
1.296408962885714899e+01
1.156244577056221523e+01
1.436192209445157708e+01
5.527906391541367981e+00
1.156244577056221523e+01
1.058513485680245481e+01
1.315904928495908166e+01
9.507891862878782518e+00
1.627371578051287671e+01
6.675581178124545545e+00
1.178062436274634450e+01
1.215301555949299761e+01
1.296408962885714899e+01
1.178062436274634450e+01
9.373021315815206478e+00
1.156244577056221523e+01
1.156244577056221523e+01
1.306193320280393344e+01
9.027033336764100468e+00
1.034176589165282145e+01
6.579524642479540830e+00
1.547155565579009817e+01
1.436192209445157708e+01
9.640875829802336483e+00
1.501210842680413826e+01
5.753627391751591880e+00
1.117038385124011413e+01
1.431752655671925822e+01
1.167204486311898926e+01
1.543035303761632804e+01
1.449429283826230197e+01
1.058513485680245481e+01
8.812923024107547576e+00
1.325545386523797831e+01
9.965574970333758387e+00
1.440618081907316395e+01
9.965574970333758387e+00
6.955796338302048021e+00
1.058513485680245481e+01
7.978845608028653835e+00
1.058513485680245481e+01
1.117038385124011413e+01
7.978845608028653835e+00
1.575695754970980111e+01
1.070474469691662733e+01
9.236181543108379799e+00
9.373021315815206478e+00
1.172646028567007725e+01
6.579524642479540830e+00
1.445030398768713376e+01
9.772050238058398008e+00
1.776973289316191185e+01
9.373021315815206478e+00
1.046415791390898242e+01
1.296408962885714899e+01
1.301310337505149661e+01
1.571650316319191809e+01
1.363425735166143049e+01
1.534761596392107741e+01
1.034176589165282145e+01
1.276615297284584649e+01
1.215301555949299761e+01
1.094004191971426110e+01
5.753627391751591880e+00
1.134007028277388685e+01
1.662206308517478703e+01
1.064510777218481152e+01
1.673656774376800982e+01
1.117038385124011413e+01
8.667244841319218907e+00
1.058513485680245481e+01
9.373021315815206478e+00
1.058513485680245481e+01
9.373021315815206478e+00
7.225151993843566878e+00
1.440618081907316395e+01
1.404820733880128181e+01
6.863662517577697741e+00
9.640875829802336483e+00
1.210051848659980855e+01
9.373021315815206478e+00
