1.479855404066383784e+01
1.058513485680245481e+01
9.373021315815206478e+00
1.276615297284584649e+01
5.292567428401227403e+00
1.440618081907316395e+01
1.076405121554611632e+01
1.178062436274634450e+01
1.475547227809780537e+01
1.150725478350318376e+01
9.640875829802336483e+00
1.236077446474206631e+01
1.335116235624909109e+01
1.466892917224166482e+01
1.563528038089343752e+01
1.320733953636073110e+01
1.111324596323282954e+01
1.236077446474206631e+01
1.773387063078969206e+01
9.373021315815206478e+00
8.593479713983121826e+00
9.965574970333758387e+00
1.436192209445157708e+01
1.094004191971426110e+01
1.058513485680245481e+01
1.685029431422315938e+01
1.639065416446577927e+01
1.296408962885714899e+01
1.156244577056221523e+01
1.440618081907316395e+01
1.156244577056221523e+01
1.046415791390898242e+01
1.320733953636073110e+01
9.965574970333758387e+00
1.178062436274634450e+01
1.220528683538465842e+01
3.742410318509555189e+00
1.296408962885714899e+01
1.178062436274634450e+01
9.304852983362556174e+00
1.183454054540639433e+01
1.551264883747923129e+01
1.330339418036568588e+01
8.593479713983121826e+00
1.034176589165282145e+01
1.559451034962034477e+01
4.513516668382050234e+00
1.475547227809780537e+01
1.534761596392107741e+01
1.161737456321036532e+01
1.436192209445157708e+01
1.571650316319191809e+01
1.178062436274634450e+01
1.509668435477122017e+01
1.058513485680245481e+01
8.812923024107547576e+00
1.349345229721172146e+01
9.965574970333758387e+00
1.479855404066383784e+01
9.836981518731869656e+00
5.641895835477562571e+00
1.058513485680245481e+01
7.225151993843566878e+00
1.058513485680245481e+01
1.111324596323282954e+01
6.770275002573075795e+00
1.591774699517169012e+01
1.117038385124011413e+01
8.956231982162769611e+00
9.373021315815206478e+00
1.172646028567007725e+01
4.513516668382050234e+00
1.484151074652385738e+01
9.373021315815206478e+00
1.798340469329240676e+01
9.373021315815206478e+00
1.052482020710848865e+01
1.306193320280393344e+01
1.301310337505149661e+01
1.627371578051287671e+01
1.372732503515539548e+01
1.579730833933717626e+01
1.021790793990058255e+01
1.261566261010080048e+01
1.220528683538465842e+01
1.094004191971426110e+01
1.230916348999737586e+01
1.677456227108388731e+01
1.070474469691662733e+01
1.696325844612841038e+01
1.117038385124011413e+01
8.593479713983121826e+00
1.058513485680245481e+01
9.507891862878782518e+00
1.046415791390898242e+01
9.373021315815206478e+00
6.482044814428574497e+00
1.475547227809780537e+01
1.422831991532699902e+01
9.706684619910241452e+00
5.753627391751591880e+00
1.215301555949299761e+01
9.373021315815206478e+00
