1.058513485680245481e+01
1.354055000514615159e+01
9.507891862878782518e+00
1.266602473693425601e+01
7.735777827895049086e+00
1.363425735166143049e+01
1.088169461344923583e+01
4.222008245644752300e+00
6.770275002573075795e+00
1.344618962205996482e+01
1.117038385124011413e+01
1.156244577056221523e+01
1.040314189572019821e+01
1.178062436274634450e+01
1.330339418036568588e+01
1.368087033328175828e+01
1.505445578434700415e+01
1.320733953636073110e+01
5.170882945826410726e+00
6.955796338302048021e+00
1.111324596323282954e+01
1.220528683538465842e+01
1.700074635581867355e+01
9.304852983362556174e+00
9.166995688475081394e+00
1.021790793990058255e+01
1.427299292922216978e+01
1.058513485680245481e+01
9.965574970333758387e+00
1.654528640181426269e+01
1.551264883747923129e+01
1.296408962885714899e+01
1.156244577056221523e+01
1.431752655671925822e+01
1.156244577056221523e+01
1.058513485680245481e+01
1.320733953636073110e+01
9.373021315815206478e+00
7.225151993843566878e+00
1.178062436274634450e+01
1.583755632390385770e+01
1.215301555949299761e+01
1.296408962885714899e+01
1.178062436274634450e+01
9.373021315815206478e+00
1.150725478350318376e+01
1.117038385124011413e+01
9.373021315815206478e+00
1.296408962885714899e+01
1.034176589165282145e+01
7.312732791431452384e+00
1.522266721510391640e+01
4.513516668382050234e+00
1.427299292922216978e+01
9.507891862878782518e+00
1.462546558286290477e+01
6.675581178124545545e+00
1.117038385124011413e+01
1.422831991532699902e+01
1.139607097042601680e+01
1.522266721510391640e+01
1.058513485680245481e+01
1.413855043925722121e+01
8.956231982162769611e+00
2.763953195770683990e+00
1.281592373849173683e+01
9.965574970333758387e+00
1.404820733880128181e+01
9.965574970333758387e+00
2.985410660720923204e+00
7.484820637019110379e+00
8.593479713983121826e+00
1.058513485680245481e+01
1.058513485680245481e+01
1.117038385124011413e+01
8.444016491289504600e+00
1.058513485680245481e+01
9.373021315815206478e+00
9.373021315815206478e+00
1.543035303761632804e+01
1.156244577056221523e+01
7.225151993843566878e+00
1.427299292922216978e+01
9.772050238058398008e+00
1.748077488947326685e+01
9.373021315815206478e+00
1.046415791390898242e+01
1.291488987023529766e+01
5.411516379806009525e+00
1.301310337505149661e+01
1.475547227809780537e+01
1.372732503515539548e+01
1.522266721510391640e+01
1.058513485680245481e+01
1.276615297284584649e+01
1.215301555949299761e+01
1.088169461344923583e+01
6.675581178124545545e+00
1.111324596323282954e+01
1.607692842495848140e+01
1.076405121554611632e+01
1.639065416446577927e+01
1.117038385124011413e+01
8.740387444736633427e+00
1.058513485680245481e+01
9.373021315815206478e+00
1.058513485680245481e+01
4.787307364817191768e+00
9.373021315815206478e+00
7.484820637019110379e+00
1.431752655671925822e+01
1.386575534383213970e+01
7.569397566060480642e+00
9.507891862878782518e+00
1.167204486311898926e+01
9.440697438826296306e+00
