1.058513485680245481e+01
1.368087033328175828e+01
9.507891862878782518e+00
1.266602473693425601e+01
7.484820637019110379e+00
1.368087033328175828e+01
1.082303275961201905e+01
2.985410660720923204e+00
6.383076486422923246e+00
1.363425735166143049e+01
1.117038385124011413e+01
1.150725478350318376e+01
1.028002345391383443e+01
1.178062436274634450e+01
1.330339418036568588e+01
1.372732503515539548e+01
1.509668435477122017e+01
1.325545386523797831e+01
6.863662517577697741e+00
4.513516668382050234e+00
1.111324596323282954e+01
1.225733520300188317e+01
1.703815178355965898e+01
9.236181543108379799e+00
9.166995688475081394e+00
1.021790793990058255e+01
1.427299292922216978e+01
1.058513485680245481e+01
9.965574970333758387e+00
1.654528640181426269e+01
1.555363345008750464e+01
1.296408962885714899e+01
1.156244577056221523e+01
1.436192209445157708e+01
1.156244577056221523e+01
1.058513485680245481e+01
1.325545386523797831e+01
9.373021315815206478e+00
7.225151993843566878e+00
1.178062436274634450e+01
1.591774699517169012e+01
1.215301555949299761e+01
1.296408962885714899e+01
1.178062436274634450e+01
9.373021315815206478e+00
1.156244577056221523e+01
1.117038385124011413e+01
9.304852983362556174e+00
1.296408962885714899e+01
1.034176589165282145e+01
6.955796338302048021e+00
1.522266721510391640e+01
3.908820095223359381e+00
1.427299292922216978e+01
9.507891862878782518e+00
1.479855404066383784e+01
6.579524642479540830e+00
1.117038385124011413e+01
1.422831991532699902e+01
1.150725478350318376e+01
1.522266721510391640e+01
1.058513485680245481e+01
1.422831991532699902e+01
8.884866446580955923e+00
1.301310337505149661e+01
9.965574970333758387e+00
1.413855043925722121e+01
9.965574970333758387e+00
7.484820637019110379e+00
8.519075891779829490e+00
1.058513485680245481e+01
1.058513485680245481e+01
1.117038385124011413e+01
8.444016491289504600e+00
1.551264883747923129e+01
1.058513485680245481e+01
9.373021315815206478e+00
9.373021315815206478e+00
1.161737456321036532e+01
7.225151993843566878e+00
1.427299292922216978e+01
9.772050238058398008e+00
1.755346033766304004e+01
9.373021315815206478e+00
1.046415791390898242e+01
1.296408962885714899e+01
5.046265044040320724e+00
1.301310337505149661e+01
1.488434347843123184e+01
1.363425735166143049e+01
1.530607971465162365e+01
1.052482020710848865e+01
1.276615297284584649e+01
1.215301555949299761e+01
1.088169461344923583e+01
6.482044814428574497e+00
1.117038385124011413e+01
1.627371578051287671e+01
1.076405121554611632e+01
1.654528640181426269e+01
1.117038385124011413e+01
8.740387444736633427e+00
1.058513485680245481e+01
9.373021315815206478e+00
1.058513485680245481e+01
4.222008245644752300e+00
9.304852983362556174e+00
7.484820637019110379e+00
1.431752655671925822e+01
1.395727947504383337e+01
7.312732791431452384e+00
9.507891862878782518e+00
1.167204486311898926e+01
9.373021315815206478e+00
