1.058513485680245481e+01
1.276615297284584649e+01
9.373021315815206478e+00
1.251433034574463399e+01
8.593479713983121826e+00
1.301310337505149661e+01
3.385137501286537898e+00
7.817640190446718762e+00
1.082303275961201905e+01
8.593479713983121826e+00
1.082303275961201905e+01
1.178062436274634450e+01
1.128379167095512514e+01
1.021790793990058255e+01
1.325545386523797831e+01
5.527906391541367981e+00
1.070474469691662733e+01
1.256509862862843541e+01
1.484151074652385738e+01
8.136857890256438353e+00
8.136857890256438353e+00
1.276615297284584649e+01
1.099807968464679142e+01
4.513516668382050234e+00
1.178062436274634450e+01
1.563528038089343752e+01
5.411516379806009525e+00
9.373021315815206478e+00
9.373021315815206478e+00
1.058513485680245481e+01
1.413855043925722121e+01
1.058513485680245481e+01
9.965574970333758387e+00
1.591774699517169012e+01
1.453814859003845150e+01
1.271618740744904485e+01
1.150725478350318376e+01
1.368087033328175828e+01
1.150725478350318376e+01
6.180387232371033157e+00
9.965574970333758387e+00
1.286550196516137312e+01
9.373021315815206478e+00
8.740387444736633427e+00
1.178062436274634450e+01
1.471226436021925466e+01
1.178062436274634450e+01
5.170882945826410726e+00
1.276615297284584649e+01
1.178062436274634450e+01
9.027033336764100468e+00
1.117038385124011413e+01
1.058513485680245481e+01
6.282549314314217703e+00
8.740387444736633427e+00
1.286550196516137312e+01
1.046415791390898242e+01
6.675581178124545545e+00
8.444016491289504600e+00
1.344618962205996482e+01
1.381976597885341995e+01
9.440697438826296306e+00
1.354055000514615159e+01
8.444016491289504600e+00
6.180387232371033157e+00
1.117038385124011413e+01
1.400281721259029588e+01
5.753627391751591880e+00
1.064510777218481152e+01
1.058513485680245481e+01
1.422831991532699902e+01
1.296408962885714899e+01
7.653039857325811823e+00
9.373021315815206478e+00
1.178062436274634450e+01
9.965574970333758387e+00
1.349345229721172146e+01
9.965574970333758387e+00
7.225151993843566878e+00
8.740387444736633427e+00
9.373021315815206478e+00
1.058513485680245481e+01
1.046415791390898242e+01
1.117038385124011413e+01
9.373021315815206478e+00
1.058513485680245481e+01
9.373021315815206478e+00
9.373021315815206478e+00
1.122723095552866468e+01
1.462546558286290477e+01
8.136857890256438353e+00
9.965574970333758387e+00
1.349345229721172146e+01
1.681247093473193388e+01
3.908820095223359381e+00
9.507891862878782518e+00
2.985410660720923204e+00
1.046415791390898242e+01
1.178062436274634450e+01
8.368283871884004910e+00
1.291488987023529766e+01
1.330339418036568588e+01
1.344618962205996482e+01
1.386575534383213970e+01
3.568248232305542444e+00
1.058513485680245481e+01
1.296408962885714899e+01
7.569397566060480642e+00
1.088169461344923583e+01
1.070474469691662733e+01
8.136857890256438353e+00
9.965574970333758387e+00
1.522266721510391640e+01
1.058513485680245481e+01
5.411516379806009525e+00
1.117038385124011413e+01
1.471226436021925466e+01
8.884866446580955923e+00
1.015541250385961369e+01
9.373021315815206478e+00
2.985410660720923204e+00
7.653039857325811823e+00
1.058513485680245481e+01
9.965574970333758387e+00
8.136857890256438353e+00
1.381976597885341995e+01
1.335116235624909109e+01
6.282549314314217703e+00
8.444016491289504600e+00
6.282549314314217703e+00
9.373021315815206478e+00
9.965574970333758387e+00
1.117038385124011413e+01
