1.058513485680245481e+01
1.320733953636073110e+01
9.373021315815206478e+00
1.256509862862843541e+01
8.136857890256438353e+00
1.339876023397903637e+01
1.088169461344923583e+01
6.770275002573075795e+00
7.735777827895049086e+00
1.117038385124011413e+01
1.236077446474206631e+01
1.167204486311898926e+01
1.040314189572019821e+01
1.161737456321036532e+01
1.325545386523797831e+01
1.325545386523797831e+01
1.492705330360461602e+01
7.978845608028653835e+00
1.330339418036568588e+01
6.955796338302048021e+00
1.111324596323282954e+01
1.204779266504070279e+01
1.677456227108388731e+01
9.373021315815206478e+00
9.236181543108379799e+00
1.046415791390898242e+01
1.427299292922216978e+01
1.058513485680245481e+01
9.965574970333758387e+00
1.639065416446577927e+01
1.522266721510391640e+01
1.286550196516137312e+01
1.161737456321036532e+01
1.418350619798065715e+01
1.156244577056221523e+01
1.076405121554611632e+01
1.315904928495908166e+01
9.373021315815206478e+00
7.978845608028653835e+00
1.178062436274634450e+01
1.538904010394216471e+01
1.220528683538465842e+01
1.286550196516137312e+01
1.178062436274634450e+01
9.373021315815206478e+00
1.134007028277388685e+01
1.070474469691662733e+01
9.236181543108379799e+00
1.296408962885714899e+01
1.046415791390898242e+01
8.136857890256438353e+00
1.484151074652385738e+01
6.482044814428574497e+00
1.409345127989185542e+01
9.507891862878782518e+00
1.418350619798065715e+01
7.735777827895049086e+00
1.117038385124011413e+01
1.418350619798065715e+01
1.117038385124011413e+01
1.458187244392064308e+01
1.058513485680245481e+01
1.358748446131948917e+01
6.180387232371033157e+00
9.166995688475081394e+00
1.236077446474206631e+01
9.965574970333758387e+00
1.377362305878664728e+01
9.965574970333758387e+00
6.282549314314217703e+00
8.444016491289504600e+00
9.027033336764100468e+00
1.058513485680245481e+01
1.058513485680245481e+01
1.117038385124011413e+01
9.027033336764100468e+00
1.058513485680245481e+01
9.373021315815206478e+00
9.373021315815206478e+00
1.522266721510391640e+01
1.145179781116143225e+01
7.978845608028653835e+00
1.404820733880128181e+01
9.901487006738307173e+00
1.711271735549580697e+01
9.507891862878782518e+00
1.046415791390898242e+01
1.236077446474206631e+01
7.399277020331918919e+00
1.301310337505149661e+01
1.409345127989185542e+01
1.344618962205996482e+01
1.488434347843123184e+01
1.058513485680245481e+01
1.276615297284584649e+01
5.753627391751591880e+00
1.210051848659980855e+01
1.076405121554611632e+01
7.817640190446718762e+00
1.046415791390898242e+01
1.571650316319191809e+01
1.058513485680245481e+01
1.117038385124011413e+01
1.587770228520368221e+01
8.740387444736633427e+00
1.070474469691662733e+01
9.373021315815206478e+00
1.058513485680245481e+01
6.770275002573075795e+00
9.706684619910241452e+00
7.735777827895049086e+00
1.422831991532699902e+01
1.368087033328175828e+01
8.136857890256438353e+00
9.507891862878782518e+00
9.836981518731869656e+00
1.134007028277388685e+01
