1.058513485680245481e+01
1.286550196516137312e+01
9.373021315815206478e+00
1.256509862862843541e+01
8.444016491289504600e+00
1.311058116710494836e+01
7.484820637019110379e+00
1.082303275961201905e+01
8.136857890256438353e+00
1.105581278308273596e+01
1.210051848659980855e+01
1.161737456321036532e+01
1.052482020710848865e+01
1.330339418036568588e+01
3.908820095223359381e+00
1.105581278308273596e+01
1.281592373849173683e+01
1.488434347843123184e+01
7.898654169668588132e+00
8.136857890256438353e+00
1.311058116710494836e+01
1.105581278308273596e+01
1.178062436274634450e+01
1.623454913941802857e+01
9.373021315815206478e+00
2.523132522020160362e+00
9.373021315815206478e+00
1.058513485680245481e+01
1.418350619798065715e+01
1.058513485680245481e+01
9.965574970333758387e+00
1.599753570059363028e+01
1.475547227809780537e+01
1.276615297284584649e+01
1.150725478350318376e+01
1.386575534383213970e+01
1.156244577056221523e+01
5.170882945826410726e+00
1.028002345391383443e+01
1.286550196516137312e+01
9.373021315815206478e+00
8.667244841319218907e+00
1.178062436274634450e+01
1.496964127403822076e+01
1.194164264288369282e+01
2.763953195770683990e+00
1.276615297284584649e+01
1.178062436274634450e+01
9.236181543108379799e+00
1.117038385124011413e+01
1.058513485680245481e+01
5.292567428401227403e+00
8.812923024107547576e+00
1.296408962885714899e+01
1.046415791390898242e+01
8.136857890256438353e+00
6.383076486422923246e+00
1.386575534383213970e+01
1.391159267660409604e+01
9.507891862878782518e+00
1.391159267660409604e+01
8.136857890256438353e+00
5.046265044040320724e+00
1.117038385124011413e+01
1.404820733880128181e+01
4.513516668382050234e+00
1.094004191971426110e+01
1.058513485680245481e+01
1.422831991532699902e+01
1.306193320280393344e+01
7.136496464611084889e+00
9.373021315815206478e+00
1.194164264288369282e+01
9.965574970333758387e+00
1.377362305878664728e+01
9.965574970333758387e+00
7.046725639945927711e+00
8.740387444736633427e+00
9.373021315815206478e+00
1.058513485680245481e+01
1.058513485680245481e+01
1.117038385124011413e+01
9.304852983362556174e+00
1.058513485680245481e+01
9.440697438826296306e+00
9.373021315815206478e+00
1.134007028277388685e+01
1.471226436021925466e+01
8.214724333230154940e+00
1.391159267660409604e+01
9.965574970333758387e+00
1.711271735549580697e+01
9.640875829802336483e+00
1.046415791390898242e+01
1.178062436274634450e+01
8.136857890256438353e+00
1.296408962885714899e+01
1.358748446131948917e+01
1.339876023397903637e+01
1.453814859003845150e+01
1.058513485680245481e+01
1.291488987023529766e+01
6.955796338302048021e+00
1.172646028567007725e+01
1.076405121554611632e+01
8.136857890256438353e+00
1.002925341359354938e+01
1.538904010394216471e+01
1.058513485680245481e+01
2.985410660720923204e+00
1.117038385124011413e+01
1.534761596392107741e+01
8.740387444736633427e+00
1.046415791390898242e+01
9.373021315815206478e+00
7.312732791431452384e+00
1.058513485680245481e+01
9.901487006738307173e+00
7.978845608028653835e+00
1.413855043925722121e+01
1.344618962205996482e+01
4.787307364817191768e+00
8.136857890256438353e+00
5.527906391541367981e+00
9.373021315815206478e+00
9.965574970333758387e+00
1.117038385124011413e+01
