1.058513485680245481e+01
1.377362305878664728e+01
9.507891862878782518e+00
1.271618740744904485e+01
7.225151993843566878e+00
1.368087033328175828e+01
1.082303275961201905e+01
6.383076486422923246e+00
1.128379167095512514e+01
1.391159267660409604e+01
1.150725478350318376e+01
1.021790793990058255e+01
1.188821220645068522e+01
1.330339418036568588e+01
1.391159267660409604e+01
1.509668435477122017e+01
1.325545386523797831e+01
6.675581178124545545e+00
4.068428945128219176e+00
1.111324596323282954e+01
1.230916348999737586e+01
1.707547527140466670e+01
9.236181543108379799e+00
9.166995688475081394e+00
1.002925341359354938e+01
1.431752655671925822e+01
1.058513485680245481e+01
9.965574970333758387e+00
1.654528640181426269e+01
1.571650316319191809e+01
1.296408962885714899e+01
1.156244577056221523e+01
1.436192209445157708e+01
1.156244577056221523e+01
1.058513485680245481e+01
1.320733953636073110e+01
9.507891862878782518e+00
6.863662517577697741e+00
1.178062436274634450e+01
1.595769121605730767e+01
1.215301555949299761e+01
1.296408962885714899e+01
1.178062436274634450e+01
9.373021315815206478e+00
1.156244577056221523e+01
1.122723095552866468e+01
9.236181543108379799e+00
1.296408962885714899e+01
1.034176589165282145e+01
6.955796338302048021e+00
1.526443044094783019e+01
1.427299292922216978e+01
2.763953195770683990e+00
9.574614729634383536e+00
1.492705330360461602e+01
6.482044814428574497e+00
1.117038385124011413e+01
1.422831991532699902e+01
1.156244577056221523e+01
1.530607971465162365e+01
1.058513485680245481e+01
1.427299292922216978e+01
8.812923024107547576e+00
1.315904928495908166e+01
9.965574970333758387e+00
1.418350619798065715e+01
9.965574970333758387e+00
7.484820637019110379e+00
1.058513485680245481e+01
8.368283871884004910e+00
1.058513485680245481e+01
1.117038385124011413e+01
8.291859587312051971e+00
1.567594437773643001e+01
1.058513485680245481e+01
9.373021315815206478e+00
9.373021315815206478e+00
1.161737456321036532e+01
7.046725639945927711e+00
1.427299292922216978e+01
9.772050238058398008e+00
1.762584604821509515e+01
9.373021315815206478e+00
1.046415791390898242e+01
1.296408962885714899e+01
4.370193722368316713e+00
1.301310337505149661e+01
1.488434347843123184e+01
1.363425735166143049e+01
1.534761596392107741e+01
1.046415791390898242e+01
1.276615297284584649e+01
1.215301555949299761e+01
1.088169461344923583e+01
6.282549314314217703e+00
1.117038385124011413e+01
1.635176762293251684e+01
1.070474469691662733e+01
1.658371917462410394e+01
1.117038385124011413e+01
8.740387444736633427e+00
1.058513485680245481e+01
9.373021315815206478e+00
1.058513485680245481e+01
3.191538243211461623e+00
9.304852983362556174e+00
7.312732791431452384e+00
1.436192209445157708e+01
1.400281721259029588e+01
7.312732791431452384e+00
9.574614729634383536e+00
1.178062436274634450e+01
9.373021315815206478e+00
