1.509668435477122017e+01
1.058513485680245481e+01
9.373021315815206478e+00
1.271618740744904485e+01
1.471226436021925466e+01
1.076405121554611632e+01
1.204779266504070279e+01
1.484151074652385738e+01
1.134007028277388685e+01
9.373021315815206478e+00
1.246335526484300615e+01
1.335116235624909109e+01
1.496964127403822076e+01
1.571650316319191809e+01
1.320733953636073110e+01
1.111324596323282954e+01
1.236077446474206631e+01
1.801877032173578996e+01
9.236181543108379799e+00
8.136857890256438353e+00
9.706684619910241452e+00
1.436192209445157708e+01
1.105581278308273596e+01
1.058513485680245481e+01
1.703815178355965898e+01
1.700074635581867355e+01
1.296408962885714899e+01
1.156244577056221523e+01
1.440618081907316395e+01
1.156244577056221523e+01
1.028002345391383443e+01
1.335116235624909109e+01
9.965574970333758387e+00
1.178062436274634450e+01
1.225733520300188317e+01
1.296408962885714899e+01
1.178062436274634450e+01
9.507891862878782518e+00
1.194164264288369282e+01
1.567594437773643001e+01
1.339876023397903637e+01
1.040314189572019821e+01
8.291859587312051971e+00
1.567594437773643001e+01
1.484151074652385738e+01
1.563528038089343752e+01
1.194164264288369282e+01
1.458187244392064308e+01
1.627371578051287671e+01
1.178062436274634450e+01
1.534761596392107741e+01
1.058513485680245481e+01
1.377362305878664728e+01
8.667244841319218907e+00
9.965574970333758387e+00
1.522266721510391640e+01
9.706684619910241452e+00
1.058513485680245481e+01
6.675581178124545545e+00
2.256758334191025117e+00
1.058513485680245481e+01
1.105581278308273596e+01
5.411516379806009525e+00
1.599753570059363028e+01
1.150725478350318376e+01
9.166995688475081394e+00
9.373021315815206478e+00
1.167204486311898926e+01
1.488434347843123184e+01
9.373021315815206478e+00
1.833399137695016279e+01
9.373021315815206478e+00
1.040314189572019821e+01
1.311058116710494836e+01
1.301310337505149661e+01
1.631278838364701755e+01
1.372732503515539548e+01
1.591774699517169012e+01
1.009253008808064145e+01
1.256509862862843541e+01
1.215301555949299761e+01
1.094004191971426110e+01
1.220528683538465842e+01
1.688803298257900920e+01
1.082303275961201905e+01
1.703815178355965898e+01
1.117038385124011413e+01
8.291859587312051971e+00
1.058513485680245481e+01
9.507891862878782518e+00
1.034176589165282145e+01
9.097283682934460103e+00
5.753627391751591880e+00
1.479855404066383784e+01
1.440618081907316395e+01
1.002925341359354938e+01
3.908820095223359381e+00
1.215301555949299761e+01
9.166995688475081394e+00
