1.058513485680245481e+01
1.286550196516137312e+01
9.373021315815206478e+00
1.256509862862843541e+01
8.444016491289504600e+00
1.311058116710494836e+01
7.225151993843566878e+00
1.082303275961201905e+01
7.978845608028653835e+00
1.117038385124011413e+01
1.220528683538465842e+01
1.161737456321036532e+01
1.052482020710848865e+01
1.325545386523797831e+01
1.117038385124011413e+01
2.523132522020160362e+00
1.291488987023529766e+01
1.492705330360461602e+01
7.653039857325811823e+00
8.136857890256438353e+00
1.320733953636073110e+01
1.105581278308273596e+01
1.178062436274634450e+01
1.642944866646030988e+01
9.373021315815206478e+00
9.373021315815206478e+00
1.058513485680245481e+01
1.427299292922216978e+01
1.058513485680245481e+01
9.965574970333758387e+00
1.619528777809902209e+01
1.488434347843123184e+01
1.276615297284584649e+01
1.156244577056221523e+01
1.386575534383213970e+01
1.150725478350318376e+01
5.170882945826410726e+00
1.034176589165282145e+01
1.286550196516137312e+01
9.373021315815206478e+00
8.519075891779829490e+00
1.178062436274634450e+01
1.501210842680413826e+01
1.220528683538465842e+01
1.276615297284584649e+01
1.178062436274634450e+01
9.304852983362556174e+00
1.117038385124011413e+01
1.070474469691662733e+01
5.292567428401227403e+00
8.884866446580955923e+00
1.296408962885714899e+01
1.046415791390898242e+01
8.136857890256438353e+00
6.383076486422923246e+00
1.395727947504383337e+01
1.391159267660409604e+01
9.507891862878782518e+00
1.391159267660409604e+01
8.136857890256438353e+00
4.513516668382050234e+00
1.117038385124011413e+01
1.409345127989185542e+01
4.222008245644752300e+00
1.099807968464679142e+01
1.058513485680245481e+01
1.427299292922216978e+01
1.315904928495908166e+01
7.046725639945927711e+00
9.373021315815206478e+00
1.199483507827737583e+01
9.965574970333758387e+00
1.377362305878664728e+01
9.965574970333758387e+00
6.863662517577697741e+00
8.740387444736633427e+00
9.373021315815206478e+00
1.058513485680245481e+01
1.058513485680245481e+01
1.117038385124011413e+01
9.236181543108379799e+00
1.058513485680245481e+01
9.373021315815206478e+00
9.373021315815206478e+00
1.475547227809780537e+01
1.134007028277388685e+01
8.136857890256438353e+00
1.395727947504383337e+01
9.965574970333758387e+00
1.711271735549580697e+01
9.640875829802336483e+00
1.046415791390898242e+01
1.178062436274634450e+01
7.898654169668588132e+00
1.301310337505149661e+01
1.358748446131948917e+01
1.344618962205996482e+01
1.458187244392064308e+01
1.058513485680245481e+01
1.291488987023529766e+01
6.955796338302048021e+00
1.188821220645068522e+01
1.076405121554611632e+01
8.136857890256438353e+00
1.009253008808064145e+01
1.551264883747923129e+01
1.058513485680245481e+01
1.117038385124011413e+01
1.547155565579009817e+01
8.740387444736633427e+00
1.058513485680245481e+01
9.373021315815206478e+00
1.058513485680245481e+01
7.225151993843566878e+00
9.836981518731869656e+00
7.978845608028653835e+00
1.422831991532699902e+01
1.354055000514615159e+01
4.370193722368316713e+00
8.136857890256438353e+00
5.170882945826410726e+00
9.373021315815206478e+00
9.965574970333758387e+00
1.117038385124011413e+01
