1.058513485680245481e+01
1.251433034574463399e+01
9.507891862878782518e+00
1.251433034574463399e+01
8.740387444736633427e+00
1.256509862862843541e+01
5.411516379806009525e+00
8.136857890256438353e+00
1.088169461344923583e+01
8.740387444736633427e+00
1.058513485680245481e+01
1.178062436274634450e+01
1.117038385124011413e+01
4.513516668382050234e+00
1.015541250385961369e+01
6.863662517577697741e+00
1.261566261010080048e+01
1.046415791390898242e+01
1.220528683538465842e+01
1.458187244392064308e+01
8.368283871884004910e+00
8.444016491289504600e+00
1.210051848659980855e+01
1.099807968464679142e+01
6.482044814428574497e+00
1.178062436274634450e+01
6.579524642479540830e+00
1.479855404066383784e+01
9.373021315815206478e+00
9.373021315815206478e+00
1.058513485680245481e+01
3.568248232305542444e+00
1.409345127989185542e+01
1.058513485680245481e+01
9.965574970333758387e+00
1.559451034962034477e+01
1.445030398768713376e+01
1.276615297284584649e+01
1.139607097042601680e+01
1.315904928495908166e+01
6.863662517577697741e+00
1.117038385124011413e+01
9.965574970333758387e+00
1.276615297284584649e+01
9.373021315815206478e+00
8.740387444736633427e+00
6.863662517577697741e+00
1.167204486311898926e+01
1.134007028277388685e+01
1.413855043925722121e+01
1.276615297284584649e+01
1.178062436274634450e+01
8.956231982162769611e+00
1.117038385124011413e+01
1.058513485680245481e+01
6.863662517577697741e+00
8.812923024107547576e+00
1.276615297284584649e+01
1.058513485680245481e+01
7.046725639945927711e+00
8.593479713983121826e+00
1.315904928495908166e+01
1.381976597885341995e+01
9.440697438826296306e+00
1.344618962205996482e+01
8.740387444736633427e+00
6.863662517577697741e+00
1.117038385124011413e+01
1.391159267660409604e+01
6.770275002573075795e+00
1.058513485680245481e+01
1.034176589165282145e+01
1.395727947504383337e+01
1.276615297284584649e+01
8.136857890256438353e+00
9.373021315815206478e+00
1.178062436274634450e+01
9.965574970333758387e+00
1.335116235624909109e+01
9.965574970333758387e+00
7.484820637019110379e+00
8.812923024107547576e+00
9.373021315815206478e+00
1.034176589165282145e+01
1.002925341359354938e+01
1.117038385124011413e+01
9.373021315815206478e+00
1.058513485680245481e+01
9.373021315815206478e+00
9.373021315815206478e+00
1.117038385124011413e+01
1.445030398768713376e+01
8.291859587312051971e+00
9.965574970333758387e+00
1.315904928495908166e+01
1.619528777809902209e+01
5.753627391751591880e+00
5.753627391751591880e+00
9.373021315815206478e+00
1.034176589165282145e+01
1.178062436274634450e+01
8.667244841319218907e+00
1.291488987023529766e+01
1.325545386523797831e+01
1.330339418036568588e+01
5.753627391751591880e+00
1.271618740744904485e+01
1.058513485680245481e+01
1.291488987023529766e+01
8.136857890256438353e+00
1.021790793990058255e+01
1.082303275961201905e+01
4.513516668382050234e+00
8.136857890256438353e+00
9.965574970333758387e+00
6.863662517577697741e+00
1.509668435477122017e+01
1.058513485680245481e+01
1.117038385124011413e+01
1.427299292922216978e+01
8.812923024107547576e+00
9.965574970333758387e+00
5.970821321441846408e+00
9.373021315815206478e+00
8.136857890256438353e+00
1.052482020710848865e+01
9.965574970333758387e+00
8.136857890256438353e+00
1.306193320280393344e+01
7.225151993843566878e+00
1.306193320280393344e+01
7.046725639945927711e+00
8.740387444736633427e+00
9.373021315815206478e+00
9.965574970333758387e+00
1.117038385124011413e+01
