1.462546558286290477e+01
1.058513485680245481e+01
9.373021315815206478e+00
1.276615297284584649e+01
5.753627391751591880e+00
1.440618081907316395e+01
1.076405121554611632e+01
1.178062436274634450e+01
1.462546558286290477e+01
1.156244577056221523e+01
9.772050238058398008e+00
1.236077446474206631e+01
1.335116235624909109e+01
1.445030398768713376e+01
1.559451034962034477e+01
1.325545386523797831e+01
1.111324596323282954e+01
1.236077446474206631e+01
1.769793569896924623e+01
9.236181543108379799e+00
8.593479713983121826e+00
9.965574970333758387e+00
1.436192209445157708e+01
1.070474469691662733e+01
1.052482020710848865e+01
1.681247093473193388e+01
1.627371578051287671e+01
1.296408962885714899e+01
1.156244577056221523e+01
1.440618081907316395e+01
1.156244577056221523e+01
1.058513485680245481e+01
1.315904928495908166e+01
9.965574970333758387e+00
1.178062436274634450e+01
4.918490759365934828e+00
1.215301555949299761e+01
1.296408962885714899e+01
1.178062436274634450e+01
9.373021315815206478e+00
1.172646028567007725e+01
1.210051848659980855e+01
1.325545386523797831e+01
8.812923024107547576e+00
1.034176589165282145e+01
1.551264883747923129e+01
4.918490759365934828e+00
9.373021315815206478e+00
1.471226436021925466e+01
1.534761596392107741e+01
3.568248232305542444e+00
1.139607097042601680e+01
1.436192209445157708e+01
1.178062436274634450e+01
1.551264883747923129e+01
1.501210842680413826e+01
1.058513485680245481e+01
8.812923024107547576e+00
1.335116235624909109e+01
9.965574970333758387e+00
1.471226436021925466e+01
9.836981518731869656e+00
5.753627391751591880e+00
1.058513485680245481e+01
7.484820637019110379e+00
1.058513485680245481e+01
1.111324596323282954e+01
6.955796338302048021e+00
1.591774699517169012e+01
1.117038385124011413e+01
8.956231982162769611e+00
9.373021315815206478e+00
1.172646028567007725e+01
4.787307364817191768e+00
1.484151074652385738e+01
9.373021315815206478e+00
1.794796937867891984e+01
9.373021315815206478e+00
1.052482020710848865e+01
1.296408962885714899e+01
1.301310337505149661e+01
1.623454913941802857e+01
1.372732503515539548e+01
1.575695754970980111e+01
1.021790793990058255e+01
1.266602473693425601e+01
1.220528683538465842e+01
1.094004191971426110e+01
1.225733520300188317e+01
1.673656774376800982e+01
1.070474469691662733e+01
1.696325844612841038e+01
1.117038385124011413e+01
8.444016491289504600e+00
1.058513485680245481e+01
9.440697438826296306e+00
1.046415791390898242e+01
9.373021315815206478e+00
6.579524642479540830e+00
1.471226436021925466e+01
1.422831991532699902e+01
9.640875829802336483e+00
5.863230142835038627e+00
1.215301555949299761e+01
9.373021315815206478e+00
