1.058513485680245481e+01
1.204779266504070279e+01
9.706684619910241452e+00
1.225733520300188317e+01
8.740387444736633427e+00
6.955796338302048021e+00
1.236077446474206631e+01
8.667244841319218907e+00
1.088169461344923583e+01
9.166995688475081394e+00
1.058513485680245481e+01
1.134007028277388685e+01
1.082303275961201905e+01
6.675581178124545545e+00
1.002925341359354938e+01
7.978845608028653835e+00
9.965574970333758387e+00
1.178062436274634450e+01
1.178062436274634450e+01
1.404820733880128181e+01
8.740387444736633427e+00
8.740387444736633427e+00
1.122723095552866468e+01
1.094004191971426110e+01
7.484820637019110379e+00
1.145179781116143225e+01
7.653039857325811823e+00
1.368087033328175828e+01
9.373021315815206478e+00
9.373021315815206478e+00
1.058513485680245481e+01
6.383076486422923246e+00
1.354055000514615159e+01
1.058513485680245481e+01
5.527906391541367981e+00
9.965574970333758387e+00
1.479855404066383784e+01
1.381976597885341995e+01
1.261566261010080048e+01
5.753627391751591880e+00
1.117038385124011413e+01
1.261566261010080048e+01
7.735777827895049086e+00
1.099807968464679142e+01
9.373021315815206478e+00
1.225733520300188317e+01
9.236181543108379799e+00
8.740387444736633427e+00
7.653039857325811823e+00
1.128379167095512514e+01
1.105581278308273596e+01
1.363425735166143049e+01
3.191538243211461623e+00
1.256509862862843541e+01
1.161737456321036532e+01
8.884866446580955923e+00
1.105581278308273596e+01
1.009253008808064145e+01
7.225151993843566878e+00
4.513516668382050234e+00
3.908820095223359381e+00
1.236077446474206631e+01
1.058513485680245481e+01
8.444016491289504600e+00
7.399277020331918919e+00
8.884866446580955923e+00
1.236077446474206631e+01
1.363425735166143049e+01
9.640875829802336483e+00
1.271618740744904485e+01
8.884866446580955923e+00
7.569397566060480642e+00
1.082303275961201905e+01
1.325545386523797831e+01
7.484820637019110379e+00
1.046415791390898242e+01
9.640875829802336483e+00
1.320733953636073110e+01
1.167204486311898926e+01
8.667244841319218907e+00
4.918490759365934828e+00
9.373021315815206478e+00
1.134007028277388685e+01
9.965574970333758387e+00
2.985410660720923204e+00
1.315904928495908166e+01
9.836981518731869656e+00
8.136857890256438353e+00
8.740387444736633427e+00
9.507891862878782518e+00
1.021790793990058255e+01
9.965574970333758387e+00
1.117038385124011413e+01
9.373021315815206478e+00
1.058513485680245481e+01
9.373021315815206478e+00
9.373021315815206478e+00
1.117038385124011413e+01
1.363425735166143049e+01
8.740387444736633427e+00
9.965574970333758387e+00
1.286550196516137312e+01
1.538904010394216471e+01
7.399277020331918919e+00
7.225151993843566878e+00
9.236181543108379799e+00
9.574614729634383536e+00
1.178062436274634450e+01
5.753627391751591880e+00
8.740387444736633427e+00
1.220528683538465842e+01
1.276615297284584649e+01
6.955796338302048021e+00
1.230916348999737586e+01
1.145179781116143225e+01
1.058513485680245481e+01
5.641895835477562571e+00
1.276615297284584649e+01
8.444016491289504600e+00
9.640875829802336483e+00
6.383076486422923246e+00
1.052482020710848865e+01
8.593479713983121826e+00
4.222008245644752300e+00
7.399277020331918919e+00
9.574614729634383536e+00
1.058513485680245481e+01
1.400281721259029588e+01
1.099807968464679142e+01
1.358748446131948917e+01
9.027033336764100468e+00
7.312732791431452384e+00
9.965574970333758387e+00
9.166995688475081394e+00
1.291488987023529766e+01
8.444016491289504600e+00
1.034176589165282145e+01
5.527906391541367981e+00
9.965574970333758387e+00
8.136857890256438353e+00
1.266602473693425601e+01
8.214724333230154940e+00
1.266602473693425601e+01
7.735777827895049086e+00
8.740387444736633427e+00
9.373021315815206478e+00
1.117038385124011413e+01
9.373021315815206478e+00
