1.058513485680245481e+01
9.373021315815206478e+00
1.266602473693425601e+01
1.530607971465162365e+01
1.046415791390898242e+01
1.251433034574463399e+01
1.501210842680413826e+01
1.122723095552866468e+01
8.812923024107547576e+00
1.276615297284584649e+01
1.335116235624909109e+01
1.551264883747923129e+01
1.599753570059363028e+01
1.330339418036568588e+01
1.082303275961201905e+01
1.236077446474206631e+01
1.854116169711310036e+01
8.667244841319218907e+00
8.740387444736633427e+00
5.292567428401227403e+00
1.436192209445157708e+01
1.117038385124011413e+01
1.058513485680245481e+01
1.718695942796624365e+01
1.755346033766304004e+01
1.296408962885714899e+01
1.161737456321036532e+01
1.466892917224166482e+01
1.156244577056221523e+01
1.002925341359354938e+01
1.354055000514615159e+01
9.236181543108379799e+00
1.178062436274634450e+01
1.225733520300188317e+01
1.281592373849173683e+01
1.156244577056221523e+01
9.236181543108379799e+00
1.194164264288369282e+01
1.579730833933717626e+01
1.344618962205996482e+01
1.028002345391383443e+01
7.046725639945927711e+00
1.587770228520368221e+01
1.518078909665319287e+01
1.603728119216292924e+01
1.220528683538465842e+01
1.496964127403822076e+01
1.658371917462410394e+01
1.178062436274634450e+01
1.583755632390385770e+01
1.058513485680245481e+01
1.422831991532699902e+01
8.136857890256438353e+00
9.574614729634383536e+00
1.587770228520368221e+01
9.166995688475081394e+00
1.058513485680245481e+01
1.052482020710848865e+01
1.088169461344923583e+01
1.646815177937675045e+01
1.167204486311898926e+01
8.667244841319218907e+00
8.812923024107547576e+00
1.167204486311898926e+01
1.538904010394216471e+01
1.914922945926876707e+01
9.027033336764100468e+00
8.368283871884004910e+00
9.836981518731869656e+00
1.344618962205996482e+01
1.296408962885714899e+01
1.642944866646030988e+01
1.381976597885341995e+01
1.615593100600235843e+01
1.009253008808064145e+01
1.256509862862843541e+01
1.210051848659980855e+01
1.088169461344923583e+01
1.210051848659980855e+01
1.707547527140466670e+01
1.099807968464679142e+01
1.762584604821509515e+01
1.117038385124011413e+01
8.058239062071395509e+00
1.009253008808064145e+01
9.772050238058398008e+00
1.028002345391383443e+01
8.519075891779829490e+00
1.484151074652385738e+01
1.501210842680413826e+01
1.117038385124011413e+01
1.241217083805063837e+01
8.444016491289504600e+00
