1.058513485680245481e+01
9.373021315815206478e+00
1.266602473693425601e+01
1.526443044094783019e+01
1.058513485680245481e+01
1.256509862862843541e+01
1.492705330360461602e+01
1.122723095552866468e+01
8.812923024107547576e+00
1.266602473693425601e+01
1.335116235624909109e+01
1.518078909665319287e+01
1.591774699517169012e+01
1.330339418036568588e+01
1.099807968464679142e+01
1.236077446474206631e+01
1.836868202552426155e+01
8.740387444736633427e+00
9.166995688475081394e+00
6.383076486422923246e+00
1.436192209445157708e+01
1.117038385124011413e+01
1.058513485680245481e+01
1.718695942796624365e+01
1.740778594902202769e+01
1.296408962885714899e+01
1.156244577056221523e+01
1.453814859003845150e+01
1.156244577056221523e+01
1.002925341359354938e+01
1.349345229721172146e+01
9.440697438826296306e+00
1.178062436274634450e+01
1.225733520300188317e+01
1.291488987023529766e+01
1.178062436274634450e+01
9.373021315815206478e+00
1.194164264288369282e+01
1.555363345008750464e+01
1.344618962205996482e+01
1.046415791390898242e+01
7.484820637019110379e+00
1.579730833933717626e+01
1.501210842680413826e+01
1.595769121605730767e+01
1.210051848659980855e+01
1.488434347843123184e+01
1.646815177937675045e+01
1.178062436274634450e+01
1.575695754970980111e+01
1.058513485680245481e+01
1.427299292922216978e+01
8.136857890256438353e+00
9.640875829802336483e+00
1.567594437773643001e+01
9.236181543108379799e+00
1.058513485680245481e+01
1.082303275961201905e+01
2.763953195770683990e+00
1.088169461344923583e+01
1.619528777809902209e+01
1.156244577056221523e+01
8.956231982162769611e+00
9.097283682934460103e+00
1.167204486311898926e+01
1.530607971465162365e+01
1.881384047546846006e+01
9.166995688475081394e+00
9.027033336764100468e+00
1.021790793990058255e+01
1.335116235624909109e+01
1.301310337505149661e+01
1.642944866646030988e+01
1.381976597885341995e+01
1.603728119216292924e+01
1.009253008808064145e+01
1.256509862862843541e+01
1.215301555949299761e+01
1.088169461344923583e+01
1.215301555949299761e+01
1.696325844612841038e+01
1.099807968464679142e+01
1.733448968263843781e+01
1.117038385124011413e+01
8.136857890256438353e+00
1.015541250385961369e+01
9.836981518731869656e+00
1.034176589165282145e+01
8.667244841319218907e+00
1.471226436021925466e+01
1.496964127403822076e+01
1.117038385124011413e+01
1.236077446474206631e+01
8.740387444736633427e+00
