1.386575534383213970e+01
1.058513485680245481e+01
9.574614729634383536e+00
1.271618740744904485e+01
6.955796338302048021e+00
1.377362305878664728e+01
1.082303275961201905e+01
6.383076486422923246e+00
1.134007028277388685e+01
1.400281721259029588e+01
1.156244577056221523e+01
1.009253008808064145e+01
1.199483507827737583e+01
1.330339418036568588e+01
1.404820733880128181e+01
1.518078909665319287e+01
1.325545386523797831e+01
1.111324596323282954e+01
6.282549314314217703e+00
2.256758334191025117e+00
1.236077446474206631e+01
1.714987856615383066e+01
9.236181543108379799e+00
9.097283682934460103e+00
1.002925341359354938e+01
1.431752655671925822e+01
1.058513485680245481e+01
9.965574970333758387e+00
1.662206308517478703e+01
1.567594437773643001e+01
1.296408962885714899e+01
1.156244577056221523e+01
1.436192209445157708e+01
1.156244577056221523e+01
1.058513485680245481e+01
1.320733953636073110e+01
9.507891862878782518e+00
1.603728119216292924e+01
6.863662517577697741e+00
1.178062436274634450e+01
1.215301555949299761e+01
1.296408962885714899e+01
1.178062436274634450e+01
9.373021315815206478e+00
1.156244577056221523e+01
1.139607097042601680e+01
9.166995688475081394e+00
1.296408962885714899e+01
1.034176589165282145e+01
6.955796338302048021e+00
1.538904010394216471e+01
1.436192209445157708e+01
9.706684619910241452e+00
1.492705330360461602e+01
6.180387232371033157e+00
1.117038385124011413e+01
1.422831991532699902e+01
1.161737456321036532e+01
1.534761596392107741e+01
1.058513485680245481e+01
1.431752655671925822e+01
8.812923024107547576e+00
1.320733953636073110e+01
9.965574970333758387e+00
1.427299292922216978e+01
9.965574970333758387e+00
7.046725639945927711e+00
1.058513485680245481e+01
8.291859587312051971e+00
1.058513485680245481e+01
1.117038385124011413e+01
8.136857890256438353e+00
1.571650316319191809e+01
1.064510777218481152e+01
9.236181543108379799e+00
9.373021315815206478e+00
1.167204486311898926e+01
6.955796338302048021e+00
1.427299292922216978e+01
9.772050238058398008e+00
1.762584604821509515e+01
9.373021315815206478e+00
1.046415791390898242e+01
1.296408962885714899e+01
3.568248232305542444e+00
1.301310337505149661e+01
1.509668435477122017e+01
1.368087033328175828e+01
1.534761596392107741e+01
1.040314189572019821e+01
1.276615297284584649e+01
1.215301555949299761e+01
1.088169461344923583e+01
6.076507779746498805e+00
1.117038385124011413e+01
1.639065416446577927e+01
1.058513485680245481e+01
1.673656774376800982e+01
1.117038385124011413e+01
8.740387444736633427e+00
1.058513485680245481e+01
9.373021315815206478e+00
1.058513485680245481e+01
9.304852983362556174e+00
7.225151993843566878e+00
1.436192209445157708e+01
1.400281721259029588e+01
7.225151993843566878e+00
9.640875829802336483e+00
1.194164264288369282e+01
9.373021315815206478e+00
