1.058513485680245481e+01
9.373021315815206478e+00
1.266602473693425601e+01
1.526443044094783019e+01
1.058513485680245481e+01
1.256509862862843541e+01
1.492705330360461602e+01
1.122723095552866468e+01
8.812923024107547576e+00
1.266602473693425601e+01
1.335116235624909109e+01
1.522266721510391640e+01
1.599753570059363028e+01
1.330339418036568588e+01
1.088169461344923583e+01
1.236077446474206631e+01
1.840330728156092377e+01
8.812923024107547576e+00
9.097283682934460103e+00
6.180387232371033157e+00
1.436192209445157708e+01
1.117038385124011413e+01
1.058513485680245481e+01
1.718695942796624365e+01
1.748077488947326685e+01
1.296408962885714899e+01
1.156244577056221523e+01
1.449429283826230197e+01
1.156244577056221523e+01
1.002925341359354938e+01
1.349345229721172146e+01
9.373021315815206478e+00
1.178062436274634450e+01
1.225733520300188317e+01
1.286550196516137312e+01
1.178062436274634450e+01
9.373021315815206478e+00
1.194164264288369282e+01
1.555363345008750464e+01
1.344618962205996482e+01
1.046415791390898242e+01
7.225151993843566878e+00
1.583755632390385770e+01
1.505445578434700415e+01
1.599753570059363028e+01
1.215301555949299761e+01
1.488434347843123184e+01
1.658371917462410394e+01
1.178062436274634450e+01
1.575695754970980111e+01
1.058513485680245481e+01
1.422831991532699902e+01
8.136857890256438353e+00
9.640875829802336483e+00
1.579730833933717626e+01
9.236181543108379799e+00
1.058513485680245481e+01
1.082303275961201905e+01
1.088169461344923583e+01
1.635176762293251684e+01
1.161737456321036532e+01
8.956231982162769611e+00
8.956231982162769611e+00
1.167204486311898926e+01
1.530607971465162365e+01
1.891508160359295942e+01
9.166995688475081394e+00
8.884866446580955923e+00
1.009253008808064145e+01
1.335116235624909109e+01
1.301310337505149661e+01
1.642944866646030988e+01
1.381976597885341995e+01
1.607692842495848140e+01
1.009253008808064145e+01
1.256509862862843541e+01
1.215301555949299761e+01
1.088169461344923583e+01
1.215301555949299761e+01
1.696325844612841038e+01
1.099807968464679142e+01
1.744431859350498826e+01
1.117038385124011413e+01
8.136857890256438353e+00
1.009253008808064145e+01
9.836981518731869656e+00
1.034176589165282145e+01
8.667244841319218907e+00
1.471226436021925466e+01
1.501210842680413826e+01
1.117038385124011413e+01
1.241217083805063837e+01
8.593479713983121826e+00
