1.058513485680245481e+01
1.286550196516137312e+01
9.373021315815206478e+00
1.256509862862843541e+01
8.444016491289504600e+00
1.306193320280393344e+01
7.569397566060480642e+00
1.082303275961201905e+01
8.368283871884004910e+00
1.099807968464679142e+01
1.199483507827737583e+01
1.156244577056221523e+01
1.052482020710848865e+01
1.325545386523797831e+01
4.652426491681278087e+00
1.088169461344923583e+01
1.266602473693425601e+01
1.484151074652385738e+01
7.978845608028653835e+00
8.136857890256438353e+00
1.296408962885714899e+01
1.105581278308273596e+01
2.985410660720923204e+00
1.178062436274634450e+01
1.599753570059363028e+01
9.373021315815206478e+00
4.068428945128219176e+00
9.373021315815206478e+00
1.058513485680245481e+01
1.413855043925722121e+01
1.058513485680245481e+01
9.965574970333758387e+00
1.599753570059363028e+01
1.471226436021925466e+01
1.276615297284584649e+01
1.150725478350318376e+01
1.377362305878664728e+01
1.145179781116143225e+01
5.292567428401227403e+00
1.015541250385961369e+01
1.286550196516137312e+01
9.373021315815206478e+00
8.740387444736633427e+00
1.178062436274634450e+01
1.488434347843123184e+01
1.178062436274634450e+01
3.908820095223359381e+00
1.276615297284584649e+01
1.178062436274634450e+01
9.027033336764100468e+00
1.117038385124011413e+01
1.058513485680245481e+01
5.970821321441846408e+00
8.812923024107547576e+00
1.296408962885714899e+01
1.046415791390898242e+01
8.136857890256438353e+00
6.383076486422923246e+00
1.368087033328175828e+01
1.386575534383213970e+01
9.507891862878782518e+00
1.368087033328175828e+01
8.136857890256438353e+00
5.527906391541367981e+00
1.117038385124011413e+01
1.400281721259029588e+01
5.046265044040320724e+00
1.082303275961201905e+01
1.058513485680245481e+01
1.422831991532699902e+01
1.296408962885714899e+01
7.312732791431452384e+00
9.373021315815206478e+00
1.178062436274634450e+01
9.965574970333758387e+00
1.372732503515539548e+01
9.965574970333758387e+00
7.046725639945927711e+00
8.740387444736633427e+00
9.373021315815206478e+00
1.058513485680245481e+01
1.058513485680245481e+01
1.117038385124011413e+01
9.373021315815206478e+00
1.058513485680245481e+01
9.507891862878782518e+00
9.373021315815206478e+00
1.134007028277388685e+01
1.466892917224166482e+01
8.291859587312051971e+00
1.386575534383213970e+01
9.965574970333758387e+00
1.700074635581867355e+01
9.640875829802336483e+00
1.046415791390898242e+01
1.178062436274634450e+01
8.136857890256438353e+00
1.296408962885714899e+01
1.349345229721172146e+01
1.339876023397903637e+01
1.440618081907316395e+01
1.058513485680245481e+01
1.291488987023529766e+01
6.955796338302048021e+00
1.128379167095512514e+01
1.076405121554611632e+01
8.136857890256438353e+00
9.965574970333758387e+00
1.530607971465162365e+01
1.058513485680245481e+01
4.222008245644752300e+00
1.117038385124011413e+01
1.526443044094783019e+01
8.740387444736633427e+00
1.040314189572019821e+01
9.373021315815206478e+00
7.484820637019110379e+00
1.058513485680245481e+01
9.901487006738307173e+00
8.058239062071395509e+00
1.404820733880128181e+01
1.344618962205996482e+01
5.292567428401227403e+00
8.214724333230154940e+00
5.753627391751591880e+00
9.373021315815206478e+00
9.965574970333758387e+00
1.117038385124011413e+01
