1.058513485680245481e+01
1.266602473693425601e+01
9.507891862878782518e+00
1.246335526484300615e+01
8.740387444736633427e+00
1.266602473693425601e+01
5.170882945826410726e+00
8.136857890256438353e+00
1.088169461344923583e+01
8.740387444736633427e+00
1.058513485680245481e+01
1.178062436274634450e+01
1.117038385124011413e+01
1.015541250385961369e+01
3.385137501286537898e+00
6.482044814428574497e+00
1.281592373849173683e+01
1.058513485680245481e+01
1.230916348999737586e+01
1.471226436021925466e+01
8.136857890256438353e+00
8.444016491289504600e+00
1.225733520300188317e+01
1.099807968464679142e+01
5.970821321441846408e+00
1.178062436274634450e+01
6.482044814428574497e+00
1.496964127403822076e+01
9.373021315815206478e+00
9.373021315815206478e+00
1.058513485680245481e+01
1.409345127989185542e+01
1.058513485680245481e+01
9.965574970333758387e+00
1.571650316319191809e+01
1.445030398768713376e+01
1.276615297284584649e+01
1.145179781116143225e+01
1.325545386523797831e+01
6.863662517577697741e+00
1.122723095552866468e+01
9.965574970333758387e+00
1.276615297284584649e+01
9.373021315815206478e+00
8.740387444736633427e+00
6.482044814428574497e+00
1.167204486311898926e+01
1.145179781116143225e+01
1.413855043925722121e+01
1.276615297284584649e+01
1.178062436274634450e+01
8.956231982162769611e+00
1.117038385124011413e+01
1.058513485680245481e+01
6.863662517577697741e+00
8.740387444736633427e+00
1.276615297284584649e+01
1.058513485680245481e+01
7.046725639945927711e+00
8.593479713983121826e+00
1.325545386523797831e+01
1.381976597885341995e+01
9.373021315815206478e+00
1.354055000514615159e+01
8.593479713983121826e+00
6.675581178124545545e+00
1.117038385124011413e+01
1.391159267660409604e+01
6.383076486422923246e+00
1.058513485680245481e+01
1.034176589165282145e+01
1.400281721259029588e+01
1.286550196516137312e+01
8.058239062071395509e+00
9.373021315815206478e+00
1.178062436274634450e+01
9.965574970333758387e+00
1.335116235624909109e+01
9.965574970333758387e+00
7.484820637019110379e+00
8.740387444736633427e+00
9.373021315815206478e+00
1.040314189572019821e+01
1.002925341359354938e+01
1.117038385124011413e+01
9.373021315815206478e+00
1.058513485680245481e+01
9.373021315815206478e+00
9.373021315815206478e+00
1.122723095552866468e+01
1.453814859003845150e+01
8.291859587312051971e+00
9.965574970333758387e+00
1.325545386523797831e+01
1.627371578051287671e+01
5.753627391751591880e+00
5.527906391541367981e+00
9.373021315815206478e+00
1.034176589165282145e+01
1.178062436274634450e+01
8.667244841319218907e+00
1.291488987023529766e+01
1.325545386523797831e+01
1.339876023397903637e+01
5.411516379806009525e+00
1.286550196516137312e+01
1.058513485680245481e+01
1.291488987023529766e+01
8.136857890256438353e+00
1.040314189572019821e+01
1.076405121554611632e+01
3.568248232305542444e+00
8.136857890256438353e+00
9.965574970333758387e+00
6.579524642479540830e+00
1.509668435477122017e+01
1.058513485680245481e+01
1.117038385124011413e+01
1.436192209445157708e+01
8.812923024107547576e+00
9.965574970333758387e+00
5.641895835477562571e+00
9.373021315815206478e+00
8.058239062071395509e+00
1.052482020710848865e+01
9.965574970333758387e+00
8.136857890256438353e+00
1.311058116710494836e+01
7.046725639945927711e+00
1.320733953636073110e+01
6.863662517577697741e+00
8.667244841319218907e+00
9.373021315815206478e+00
9.965574970333758387e+00
1.117038385124011413e+01
