1.496964127403822076e+01
1.058513485680245481e+01
9.373021315815206478e+00
1.276615297284584649e+01
4.787307364817191768e+00
1.445030398768713376e+01
1.082303275961201905e+01
1.178062436274634450e+01
1.475547227809780537e+01
1.145179781116143225e+01
9.507891862878782518e+00
1.236077446474206631e+01
1.335116235624909109e+01
1.479855404066383784e+01
1.559451034962034477e+01
1.320733953636073110e+01
1.111324596323282954e+01
1.236077446474206631e+01
1.780552292517845459e+01
9.373021315815206478e+00
8.444016491289504600e+00
9.901487006738307173e+00
1.436192209445157708e+01
1.099807968464679142e+01
1.058513485680245481e+01
1.685029431422315938e+01
1.654528640181426269e+01
1.296408962885714899e+01
1.156244577056221523e+01
1.440618081907316395e+01
1.156244577056221523e+01
1.046415791390898242e+01
1.325545386523797831e+01
9.836981518731869656e+00
1.178062436274634450e+01
1.220528683538465842e+01
2.985410660720923204e+00
1.296408962885714899e+01
1.178062436274634450e+01
9.304852983362556174e+00
1.199483507827737583e+01
1.551264883747923129e+01
1.335116235624909109e+01
1.034176589165282145e+01
8.519075891779829490e+00
1.563528038089343752e+01
1.484151074652385738e+01
3.908820095223359381e+00
1.534761596392107741e+01
1.178062436274634450e+01
1.440618081907316395e+01
1.587770228520368221e+01
1.178062436274634450e+01
1.513879513212096128e+01
1.058513485680245481e+01
8.812923024107547576e+00
1.354055000514615159e+01
9.965574970333758387e+00
1.488434347843123184e+01
9.836981518731869656e+00
4.918490759365934828e+00
1.058513485680245481e+01
6.955796338302048021e+00
1.058513485680245481e+01
1.105581278308273596e+01
6.482044814428574497e+00
1.591774699517169012e+01
1.117038385124011413e+01
8.956231982162769611e+00
9.373021315815206478e+00
1.167204486311898926e+01
3.908820095223359381e+00
1.488434347843123184e+01
9.373021315815206478e+00
1.808929415419343556e+01
9.373021315815206478e+00
1.052482020710848865e+01
1.311058116710494836e+01
1.301310337505149661e+01
1.627371578051287671e+01
1.372732503515539548e+01
1.579730833933717626e+01
1.021790793990058255e+01
1.256509862862843541e+01
1.215301555949299761e+01
1.094004191971426110e+01
1.230916348999737586e+01
1.681247093473193388e+01
1.070474469691662733e+01
1.703815178355965898e+01
1.117038385124011413e+01
8.444016491289504600e+00
1.058513485680245481e+01
9.507891862878782518e+00
1.040314189572019821e+01
9.304852983362556174e+00
6.076507779746498805e+00
1.479855404066383784e+01
1.427299292922216978e+01
9.706684619910241452e+00
5.411516379806009525e+00
1.215301555949299761e+01
9.373021315815206478e+00
