1.058513485680245481e+01
1.339876023397903637e+01
9.373021315815206478e+00
1.256509862862843541e+01
8.136857890256438353e+00
1.344618962205996482e+01
1.088169461344923583e+01
5.863230142835038627e+00
7.046725639945927711e+00
1.296408962885714899e+01
1.117038385124011413e+01
1.167204486311898926e+01
1.040314189572019821e+01
1.178062436274634450e+01
1.325545386523797831e+01
1.344618962205996482e+01
1.505445578434700415e+01
1.320733953636073110e+01
5.753627391751591880e+00
7.399277020331918919e+00
1.111324596323282954e+01
1.215301555949299761e+01
1.692568750643268771e+01
9.373021315815206478e+00
9.166995688475081394e+00
1.034176589165282145e+01
1.427299292922216978e+01
1.058513485680245481e+01
9.965574970333758387e+00
1.650676414605009157e+01
1.534761596392107741e+01
1.296408962885714899e+01
1.156244577056221523e+01
1.427299292922216978e+01
1.156244577056221523e+01
1.058513485680245481e+01
1.320733953636073110e+01
9.373021315815206478e+00
7.484820637019110379e+00
1.178062436274634450e+01
1.571650316319191809e+01
1.215301555949299761e+01
1.296408962885714899e+01
1.178062436274634450e+01
9.373021315815206478e+00
1.145179781116143225e+01
1.099807968464679142e+01
9.373021315815206478e+00
1.296408962885714899e+01
1.040314189572019821e+01
7.898654169668588132e+00
1.518078909665319287e+01
5.753627391751591880e+00
1.418350619798065715e+01
9.440697438826296306e+00
1.440618081907316395e+01
7.225151993843566878e+00
1.117038385124011413e+01
1.418350619798065715e+01
1.117038385124011413e+01
1.492705330360461602e+01
1.058513485680245481e+01
1.386575534383213970e+01
5.046265044040320724e+00
9.027033336764100468e+00
1.236077446474206631e+01
9.965574970333758387e+00
1.395727947504383337e+01
9.965574970333758387e+00
5.170882945826410726e+00
8.058239062071395509e+00
8.956231982162769611e+00
1.058513485680245481e+01
1.058513485680245481e+01
1.117038385124011413e+01
8.812923024107547576e+00
1.058513485680245481e+01
9.373021315815206478e+00
9.373021315815206478e+00
1.534761596392107741e+01
1.150725478350318376e+01
7.484820637019110379e+00
1.418350619798065715e+01
9.836981518731869656e+00
1.722396045987370883e+01
9.373021315815206478e+00
1.046415791390898242e+01
1.266602473693425601e+01
6.482044814428574497e+00
1.301310337505149661e+01
1.436192209445157708e+01
1.358748446131948917e+01
1.513879513212096128e+01
1.058513485680245481e+01
1.276615297284584649e+01
1.204779266504070279e+01
3.568248232305542444e+00
1.088169461344923583e+01
7.399277020331918919e+00
1.070474469691662733e+01
1.587770228520368221e+01
1.058513485680245481e+01
1.117038385124011413e+01
1.607692842495848140e+01
8.740387444736633427e+00
1.058513485680245481e+01
9.373021315815206478e+00
1.058513485680245481e+01
5.970821321441846408e+00
9.574614729634383536e+00
7.484820637019110379e+00
1.431752655671925822e+01
1.381976597885341995e+01
7.898654169668588132e+00
9.507891862878782518e+00
9.772050238058398008e+00
1.156244577056221523e+01
