1.431752655671925822e+01
1.058513485680245481e+01
9.373021315815206478e+00
1.276615297284584649e+01
6.180387232371033157e+00
1.418350619798065715e+01
1.076405121554611632e+01
1.167204486311898926e+01
1.427299292922216978e+01
4.370193722368316713e+00
1.156244577056221523e+01
9.836981518731869656e+00
1.230916348999737586e+01
1.335116235624909109e+01
1.427299292922216978e+01
1.551264883747923129e+01
1.325545386523797831e+01
1.111324596323282954e+01
4.370193722368316713e+00
1.236077446474206631e+01
1.748077488947326685e+01
9.236181543108379799e+00
8.740387444736633427e+00
9.965574970333758387e+00
1.431752655671925822e+01
1.070474469691662733e+01
1.028002345391383443e+01
1.677456227108388731e+01
1.623454913941802857e+01
1.296408962885714899e+01
1.156244577056221523e+01
1.436192209445157708e+01
1.156244577056221523e+01
3.908820095223359381e+00
1.058513485680245481e+01
1.315904928495908166e+01
9.507891862878782518e+00
1.639065416446577927e+01
1.178062436274634450e+01
5.411516379806009525e+00
1.215301555949299761e+01
1.296408962885714899e+01
1.178062436274634450e+01
9.373021315815206478e+00
1.156244577056221523e+01
1.178062436274634450e+01
1.320733953636073110e+01
8.812923024107547576e+00
1.034176589165282145e+01
1.547155565579009817e+01
5.753627391751591880e+00
1.453814859003845150e+01
9.373021315815206478e+00
1.526443044094783019e+01
4.918490759365934828e+00
1.128379167095512514e+01
1.436192209445157708e+01
1.178062436274634450e+01
1.547155565579009817e+01
1.475547227809780537e+01
1.058513485680245481e+01
8.812923024107547576e+00
1.335116235624909109e+01
9.965574970333758387e+00
1.466892917224166482e+01
9.965574970333758387e+00
6.180387232371033157e+00
1.058513485680245481e+01
7.653039857325811823e+00
1.058513485680245481e+01
1.117038385124011413e+01
7.225151993843566878e+00
1.583755632390385770e+01
1.099807968464679142e+01
8.956231982162769611e+00
9.373021315815206478e+00
1.172646028567007725e+01
5.753627391751591880e+00
1.462546558286290477e+01
9.440697438826296306e+00
1.794796937867891984e+01
9.373021315815206478e+00
1.052482020710848865e+01
1.296408962885714899e+01
1.301310337505149661e+01
1.599753570059363028e+01
1.372732503515539548e+01
1.551264883747923129e+01
1.021790793990058255e+01
1.271618740744904485e+01
1.220528683538465842e+01
1.094004191971426110e+01
1.178062436274634450e+01
3.385137501286537898e+00
1.673656774376800982e+01
1.070474469691662733e+01
1.688803298257900920e+01
1.117038385124011413e+01
8.519075891779829490e+00
1.058513485680245481e+01
9.373021315815206478e+00
1.046415791390898242e+01
9.373021315815206478e+00
6.770275002573075795e+00
1.458187244392064308e+01
1.418350619798065715e+01
6.863662517577697741e+00
9.640875829802336483e+00
1.210051848659980855e+01
9.373021315815206478e+00
