1.513879513212096128e+01
1.058513485680245481e+01
9.373021315815206478e+00
1.271618740744904485e+01
1.484151074652385738e+01
1.082303275961201905e+01
1.220528683538465842e+01
1.484151074652385738e+01
1.134007028277388685e+01
9.373021315815206478e+00
1.256509862862843541e+01
1.335116235624909109e+01
1.496964127403822076e+01
1.571650316319191809e+01
1.320733953636073110e+01
1.111324596323282954e+01
1.236077446474206631e+01
1.801877032173578996e+01
9.166995688475081394e+00
7.978845608028653835e+00
9.706684619910241452e+00
1.436192209445157708e+01
1.105581278308273596e+01
1.058513485680245481e+01
1.703815178355965898e+01
1.700074635581867355e+01
1.296408962885714899e+01
1.156244577056221523e+01
1.440618081907316395e+01
1.156244577056221523e+01
1.021790793990058255e+01
1.335116235624909109e+01
9.965574970333758387e+00
1.178062436274634450e+01
1.225733520300188317e+01
1.296408962885714899e+01
1.178062436274634450e+01
9.507891862878782518e+00
1.194164264288369282e+01
1.579730833933717626e+01
1.335116235624909109e+01
1.040314189572019821e+01
8.214724333230154940e+00
1.571650316319191809e+01
1.484151074652385738e+01
1.571650316319191809e+01
1.194164264288369282e+01
1.458187244392064308e+01
1.627371578051287671e+01
1.178062436274634450e+01
1.538904010394216471e+01
1.058513485680245481e+01
1.381976597885341995e+01
8.593479713983121826e+00
9.965574970333758387e+00
1.518078909665319287e+01
9.640875829802336483e+00
1.058513485680245481e+01
6.282549314314217703e+00
1.082303275961201905e+01
1.099807968464679142e+01
5.046265044040320724e+00
1.599753570059363028e+01
1.150725478350318376e+01
9.097283682934460103e+00
9.373021315815206478e+00
1.167204486311898926e+01
1.496964127403822076e+01
9.373021315815206478e+00
1.840330728156092377e+01
9.236181543108379799e+00
1.040314189572019821e+01
1.320733953636073110e+01
1.301310337505149661e+01
1.642944866646030988e+01
1.372732503515539548e+01
1.595769121605730767e+01
1.009253008808064145e+01
1.256509862862843541e+01
1.215301555949299761e+01
1.094004191971426110e+01
1.220528683538465842e+01
1.696325844612841038e+01
1.088169461344923583e+01
1.703815178355965898e+01
1.117038385124011413e+01
8.291859587312051971e+00
1.058513485680245481e+01
9.507891862878782518e+00
1.034176589165282145e+01
9.097283682934460103e+00
5.170882945826410726e+00
1.488434347843123184e+01
1.440618081907316395e+01
1.021790793990058255e+01
1.230916348999737586e+01
3.385137501286537898e+00
9.097283682934460103e+00
