1.505445578434700415e+01
1.058513485680245481e+01
9.373021315815206478e+00
1.276615297284584649e+01
4.222008245644752300e+00
1.445030398768713376e+01
1.082303275961201905e+01
1.178062436274634450e+01
1.475547227809780537e+01
1.145179781116143225e+01
9.373021315815206478e+00
1.236077446474206631e+01
1.335116235624909109e+01
1.488434347843123184e+01
1.559451034962034477e+01
1.320733953636073110e+01
1.111324596323282954e+01
1.236077446474206631e+01
1.798340469329240676e+01
9.236181543108379799e+00
8.368283871884004910e+00
9.836981518731869656e+00
1.436192209445157708e+01
1.099807968464679142e+01
1.058513485680245481e+01
1.696325844612841038e+01
1.688803298257900920e+01
1.296408962885714899e+01
1.156244577056221523e+01
1.440618081907316395e+01
1.156244577056221523e+01
1.046415791390898242e+01
1.325545386523797831e+01
9.901487006738307173e+00
1.178062436274634450e+01
1.220528683538465842e+01
1.296408962885714899e+01
1.178062436274634450e+01
9.304852983362556174e+00
1.194164264288369282e+01
1.555363345008750464e+01
1.335116235624909109e+01
1.040314189572019821e+01
8.291859587312051971e+00
1.559451034962034477e+01
1.484151074652385738e+01
2.763953195770683990e+00
1.551264883747923129e+01
1.188821220645068522e+01
1.440618081907316395e+01
1.595769121605730767e+01
1.178062436274634450e+01
1.518078909665319287e+01
1.058513485680245481e+01
8.884866446580955923e+00
1.358748446131948917e+01
9.965574970333758387e+00
1.488434347843123184e+01
9.772050238058398008e+00
4.513516668382050234e+00
1.058513485680245481e+01
6.955796338302048021e+00
1.058513485680245481e+01
1.105581278308273596e+01
6.076507779746498805e+00
1.599753570059363028e+01
1.122723095552866468e+01
9.027033336764100468e+00
9.373021315815206478e+00
1.167204486311898926e+01
2.256758334191025117e+00
1.492705330360461602e+01
9.373021315815206478e+00
1.812445316531431061e+01
9.304852983362556174e+00
1.046415791390898242e+01
1.311058116710494836e+01
1.301310337505149661e+01
1.627371578051287671e+01
1.372732503515539548e+01
1.587770228520368221e+01
1.015541250385961369e+01
1.256509862862843541e+01
1.210051848659980855e+01
1.094004191971426110e+01
1.220528683538465842e+01
1.688803298257900920e+01
1.070474469691662733e+01
1.703815178355965898e+01
1.117038385124011413e+01
8.444016491289504600e+00
1.058513485680245481e+01
9.507891862878782518e+00
1.040314189572019821e+01
9.236181543108379799e+00
5.863230142835038627e+00
1.479855404066383784e+01
1.436192209445157708e+01
9.772050238058398008e+00
5.170882945826410726e+00
1.215301555949299761e+01
9.304852983362556174e+00
