1.526443044094783019e+01
1.058513485680245481e+01
9.373021315815206478e+00
1.266602473693425601e+01
1.496964127403822076e+01
1.082303275961201905e+01
1.236077446474206631e+01
1.484151074652385738e+01
1.128379167095512514e+01
9.373021315815206478e+00
1.256509862862843541e+01
1.335116235624909109e+01
1.509668435477122017e+01
1.575695754970980111e+01
1.320733953636073110e+01
1.111324596323282954e+01
1.236077446474206631e+01
1.805406667352820094e+01
9.166995688475081394e+00
7.898654169668588132e+00
9.706684619910241452e+00
1.436192209445157708e+01
1.105581278308273596e+01
1.058513485680245481e+01
1.703815178355965898e+01
1.714987856615383066e+01
1.296408962885714899e+01
1.156244577056221523e+01
1.440618081907316395e+01
1.156244577056221523e+01
1.021790793990058255e+01
1.339876023397903637e+01
9.965574970333758387e+00
1.178062436274634450e+01
1.225733520300188317e+01
1.296408962885714899e+01
1.178062436274634450e+01
9.373021315815206478e+00
1.194164264288369282e+01
1.575695754970980111e+01
1.344618962205996482e+01
1.040314189572019821e+01
8.214724333230154940e+00
1.575695754970980111e+01
1.484151074652385738e+01
1.571650316319191809e+01
1.204779266504070279e+01
1.471226436021925466e+01
1.635176762293251684e+01
1.178062436274634450e+01
1.555363345008750464e+01
1.058513485680245481e+01
1.377362305878664728e+01
8.593479713983121826e+00
9.965574970333758387e+00
1.526443044094783019e+01
9.507891862878782518e+00
1.058513485680245481e+01
5.753627391751591880e+00
1.082303275961201905e+01
1.088169461344923583e+01
4.370193722368316713e+00
1.603728119216292924e+01
1.156244577056221523e+01
9.027033336764100468e+00
9.373021315815206478e+00
1.167204486311898926e+01
1.496964127403822076e+01
9.373021315815206478e+00
1.843786751347043307e+01
9.236181543108379799e+00
1.034176589165282145e+01
1.320733953636073110e+01
1.301310337505149661e+01
1.642944866646030988e+01
1.377362305878664728e+01
1.595769121605730767e+01
1.009253008808064145e+01
1.256509862862843541e+01
1.215301555949299761e+01
1.094004191971426110e+01
1.225733520300188317e+01
1.696325844612841038e+01
1.094004191971426110e+01
1.707547527140466670e+01
1.117038385124011413e+01
8.368283871884004910e+00
1.058513485680245481e+01
9.706684619910241452e+00
1.034176589165282145e+01
9.097283682934460103e+00
4.513516668382050234e+00
1.488434347843123184e+01
1.445030398768713376e+01
1.052482020710848865e+01
1.236077446474206631e+01
9.097283682934460103e+00
