1.058513485680245481e+01
1.230916348999737586e+01
9.706684619910241452e+00
1.246335526484300615e+01
8.740387444736633427e+00
6.383076486422923246e+00
1.236077446474206631e+01
8.368283871884004910e+00
1.082303275961201905e+01
9.027033336764100468e+00
1.058513485680245481e+01
1.156244577056221523e+01
1.094004191971426110e+01
6.383076486422923246e+00
1.009253008808064145e+01
7.569397566060480642e+00
1.215301555949299761e+01
1.002925341359354938e+01
1.204779266504070279e+01
1.418350619798065715e+01
8.740387444736633427e+00
8.740387444736633427e+00
1.156244577056221523e+01
1.094004191971426110e+01
7.136496464611084889e+00
1.156244577056221523e+01
7.399277020331918919e+00
1.409345127989185542e+01
9.373021315815206478e+00
9.373021315815206478e+00
1.058513485680245481e+01
5.970821321441846408e+00
1.372732503515539548e+01
1.058513485680245481e+01
3.908820095223359381e+00
9.965574970333758387e+00
1.509668435477122017e+01
1.409345127989185542e+01
1.271618740744904485e+01
4.370193722368316713e+00
1.117038385124011413e+01
1.281592373849173683e+01
7.399277020331918919e+00
1.117038385124011413e+01
9.373021315815206478e+00
1.251433034574463399e+01
9.440697438826296306e+00
9.166995688475081394e+00
7.312732791431452384e+00
1.156244577056221523e+01
1.105581278308273596e+01
1.391159267660409604e+01
1.261566261010080048e+01
1.172646028567007725e+01
9.027033336764100468e+00
1.117038385124011413e+01
1.040314189572019821e+01
7.653039857325811823e+00
8.884866446580955923e+00
1.256509862862843541e+01
1.058513485680245481e+01
7.399277020331918919e+00
8.884866446580955923e+00
1.271618740744904485e+01
1.368087033328175828e+01
9.640875829802336483e+00
1.315904928495908166e+01
8.740387444736633427e+00
7.225151993843566878e+00
1.094004191971426110e+01
1.372732503515539548e+01
7.046725639945927711e+00
1.058513485680245481e+01
9.965574970333758387e+00
1.354055000514615159e+01
1.241217083805063837e+01
8.444016491289504600e+00
2.256758334191025117e+00
9.373021315815206478e+00
1.150725478350318376e+01
9.965574970333758387e+00
1.325545386523797831e+01
9.836981518731869656e+00
8.136857890256438353e+00
8.884866446580955923e+00
9.507891862878782518e+00
1.009253008808064145e+01
9.965574970333758387e+00
1.117038385124011413e+01
9.373021315815206478e+00
1.058513485680245481e+01
9.373021315815206478e+00
9.373021315815206478e+00
1.117038385124011413e+01
1.386575534383213970e+01
8.593479713983121826e+00
9.965574970333758387e+00
1.296408962885714899e+01
1.571650316319191809e+01
6.955796338302048021e+00
6.675581178124545545e+00
9.373021315815206478e+00
9.836981518731869656e+00
1.178062436274634450e+01
8.740387444736633427e+00
4.513516668382050234e+00
1.256509862862843541e+01
1.301310337505149661e+01
1.276615297284584649e+01
6.579524642479540830e+00
1.199483507827737583e+01
1.058513485680245481e+01
4.513516668382050234e+00
1.286550196516137312e+01
8.136857890256438353e+00
9.836981518731869656e+00
1.058513485680245481e+01
6.180387232371033157e+00
8.444016491289504600e+00
7.225151993843566878e+00
9.574614729634383536e+00
1.058513485680245481e+01
1.466892917224166482e+01
1.111324596323282954e+01
1.381976597885341995e+01
8.956231982162769611e+00
6.863662517577697741e+00
9.965574970333758387e+00
9.304852983362556174e+00
8.136857890256438353e+00
1.034176589165282145e+01
9.965574970333758387e+00
3.568248232305542444e+00
8.136857890256438353e+00
1.276615297284584649e+01
7.898654169668588132e+00
1.286550196516137312e+01
7.399277020331918919e+00
8.740387444736633427e+00
9.373021315815206478e+00
1.117038385124011413e+01
9.574614729634383536e+00
