1.028002345391383443e+01
1.172646028567007725e+01
9.440697438826296306e+00
1.161737456321036532e+01
9.097283682934460103e+00
6.675581178124545545e+00
1.210051848659980855e+01
8.740387444736633427e+00
1.046415791390898242e+01
9.304852983362556174e+00
5.753627391751591880e+00
1.058513485680245481e+01
1.117038385124011413e+01
4.370193722368316713e+00
9.836981518731869656e+00
6.863662517577697741e+00
9.965574970333758387e+00
8.136857890256438353e+00
9.965574970333758387e+00
1.156244577056221523e+01
5.046265044040320724e+00
1.150725478350318376e+01
1.354055000514615159e+01
8.884866446580955923e+00
8.740387444736633427e+00
1.058513485680245481e+01
1.028002345391383443e+01
7.817640190446718762e+00
1.117038385124011413e+01
7.817640190446718762e+00
1.296408962885714899e+01
9.373021315815206478e+00
9.373021315815206478e+00
1.058513485680245481e+01
6.383076486422923246e+00
1.281592373849173683e+01
1.058513485680245481e+01
6.180387232371033157e+00
4.222008245644752300e+00
9.836981518731869656e+00
3.568248232305542444e+00
1.422831991532699902e+01
4.918490759365934828e+00
1.325545386523797831e+01
6.863662517577697741e+00
1.220528683538465842e+01
1.117038385124011413e+01
1.161737456321036532e+01
7.569397566060480642e+00
1.070474469691662733e+01
8.884866446580955923e+00
1.178062436274634450e+01
9.027033336764100468e+00
6.076507779746498805e+00
8.740387444736633427e+00
8.136857890256438353e+00
1.117038385124011413e+01
6.076507779746498805e+00
1.088169461344923583e+01
1.281592373849173683e+01
1.215301555949299761e+01
1.105581278308273596e+01
8.740387444736633427e+00
1.034176589165282145e+01
6.282549314314217703e+00
7.569397566060480642e+00
9.640875829802336483e+00
5.753627391751591880e+00
6.383076486422923246e+00
1.236077446474206631e+01
1.058513485680245481e+01
8.058239062071395509e+00
7.569397566060480642e+00
8.740387444736633427e+00
1.178062436274634450e+01
9.507891862878782518e+00
1.320733953636073110e+01
9.027033336764100468e+00
1.178062436274634450e+01
7.569397566060480642e+00
1.064510777218481152e+01
1.291488987023529766e+01
7.569397566060480642e+00
1.021790793990058255e+01
9.304852983362556174e+00
1.271618740744904485e+01
1.117038385124011413e+01
8.740387444736633427e+00
6.482044814428574497e+00
9.373021315815206478e+00
6.076507779746498805e+00
1.117038385124011413e+01
9.965574970333758387e+00
1.286550196516137312e+01
9.772050238058398008e+00
8.291859587312051971e+00
8.519075891779829490e+00
9.507891862878782518e+00
5.046265044040320724e+00
9.836981518731869656e+00
9.965574970333758387e+00
1.111324596323282954e+01
9.574614729634383536e+00
1.058513485680245481e+01
9.373021315815206478e+00
9.373021315815206478e+00
1.111324596323282954e+01
6.579524642479540830e+00
8.740387444736633427e+00
1.167204486311898926e+01
9.965574970333758387e+00
1.220528683538465842e+01
1.496964127403822076e+01
7.312732791431452384e+00
7.484820637019110379e+00
9.166995688475081394e+00
9.373021315815206478e+00
1.178062436274634450e+01
7.225151993843566878e+00
8.884866446580955923e+00
4.068428945128219176e+00
1.188821220645068522e+01
1.230916348999737586e+01
7.569397566060480642e+00
1.178062436274634450e+01
6.482044814428574497e+00
9.965574970333758387e+00
1.117038385124011413e+01
1.246335526484300615e+01
4.787307364817191768e+00
8.740387444736633427e+00
8.740387444736633427e+00
6.770275002573075795e+00
1.046415791390898242e+01
8.740387444736633427e+00
6.675581178124545545e+00
7.817640190446718762e+00
9.097283682934460103e+00
1.058513485680245481e+01
1.315904928495908166e+01
1.076405121554611632e+01
4.222008245644752300e+00
1.320733953636073110e+01
8.956231982162769611e+00
8.136857890256438353e+00
9.965574970333758387e+00
9.027033336764100468e+00
1.236077446474206631e+01
8.667244841319218907e+00
1.028002345391383443e+01
6.955796338302048021e+00
9.965574970333758387e+00
8.136857890256438353e+00
8.136857890256438353e+00
1.225733520300188317e+01
8.740387444736633427e+00
1.230916348999737586e+01
8.740387444736633427e+00
9.373021315815206478e+00
1.111324596323282954e+01
9.304852983362556174e+00
