1.058513485680245481e+01
1.271618740744904485e+01
9.373021315815206478e+00
1.246335526484300615e+01
8.740387444736633427e+00
1.281592373849173683e+01
5.170882945826410726e+00
8.136857890256438353e+00
1.088169461344923583e+01
8.740387444736633427e+00
1.064510777218481152e+01
1.178062436274634450e+01
1.117038385124011413e+01
1.021790793990058255e+01
6.282549314314217703e+00
1.281592373849173683e+01
1.058513485680245481e+01
1.230916348999737586e+01
1.466892917224166482e+01
8.136857890256438353e+00
8.368283871884004910e+00
1.230916348999737586e+01
1.099807968464679142e+01
5.753627391751591880e+00
1.178062436274634450e+01
1.509668435477122017e+01
6.282549314314217703e+00
9.373021315815206478e+00
9.373021315815206478e+00
1.058513485680245481e+01
1.409345127989185542e+01
1.058513485680245481e+01
9.965574970333758387e+00
1.575695754970980111e+01
1.445030398768713376e+01
1.276615297284584649e+01
1.145179781116143225e+01
1.344618962205996482e+01
6.863662517577697741e+00
1.134007028277388685e+01
9.965574970333758387e+00
1.281592373849173683e+01
9.373021315815206478e+00
8.740387444736633427e+00
6.180387232371033157e+00
1.172646028567007725e+01
1.150725478350318376e+01
1.422831991532699902e+01
1.276615297284584649e+01
1.178062436274634450e+01
8.956231982162769611e+00
1.117038385124011413e+01
1.058513485680245481e+01
6.863662517577697741e+00
8.740387444736633427e+00
1.276615297284584649e+01
1.058513485680245481e+01
7.046725639945927711e+00
8.444016491289504600e+00
1.330339418036568588e+01
1.381976597885341995e+01
9.373021315815206478e+00
1.354055000514615159e+01
8.593479713983121826e+00
6.383076486422923246e+00
1.117038385124011413e+01
1.400281721259029588e+01
6.180387232371033157e+00
1.058513485680245481e+01
1.034176589165282145e+01
1.404820733880128181e+01
1.291488987023529766e+01
7.978845608028653835e+00
9.373021315815206478e+00
1.178062436274634450e+01
9.965574970333758387e+00
1.339876023397903637e+01
9.965574970333758387e+00
7.312732791431452384e+00
8.740387444736633427e+00
9.373021315815206478e+00
1.040314189572019821e+01
1.015541250385961369e+01
1.117038385124011413e+01
9.373021315815206478e+00
1.058513485680245481e+01
9.373021315815206478e+00
9.373021315815206478e+00
1.122723095552866468e+01
1.453814859003845150e+01
8.136857890256438353e+00
9.965574970333758387e+00
1.325545386523797831e+01
1.642944866646030988e+01
5.641895835477562571e+00
9.373021315815206478e+00
5.046265044040320724e+00
1.040314189572019821e+01
1.178062436274634450e+01
8.667244841319218907e+00
1.291488987023529766e+01
1.325545386523797831e+01
1.339876023397903637e+01
5.170882945826410726e+00
1.296408962885714899e+01
1.058513485680245481e+01
1.296408962885714899e+01
7.898654169668588132e+00
1.058513485680245481e+01
1.076405121554611632e+01
1.595769121605730811e+00
8.136857890256438353e+00
9.965574970333758387e+00
6.383076486422923246e+00
1.509668435477122017e+01
1.058513485680245481e+01
1.117038385124011413e+01
1.440618081907316395e+01
8.884866446580955923e+00
1.002925341359354938e+01
5.292567428401227403e+00
9.373021315815206478e+00
7.978845608028653835e+00
1.058513485680245481e+01
9.965574970333758387e+00
8.136857890256438353e+00
1.311058116710494836e+01
6.863662517577697741e+00
1.325545386523797831e+01
6.675581178124545545e+00
8.593479713983121826e+00
9.373021315815206478e+00
9.965574970333758387e+00
1.117038385124011413e+01
