1.058513485680245481e+01
9.373021315815206478e+00
1.266602473693425601e+01
1.534761596392107741e+01
1.046415791390898242e+01
1.251433034574463399e+01
1.505445578434700415e+01
1.122723095552866468e+01
8.444016491289504600e+00
1.276615297284584649e+01
1.339876023397903637e+01
1.559451034962034477e+01
1.599753570059363028e+01
1.330339418036568588e+01
1.082303275961201905e+01
1.236077446474206631e+01
1.860970596672511235e+01
8.593479713983121826e+00
8.740387444736633427e+00
5.046265044040320724e+00
1.436192209445157708e+01
1.117038385124011413e+01
1.058513485680245481e+01
1.718695942796624365e+01
1.769793569896924623e+01
1.296408962885714899e+01
1.161737456321036532e+01
1.462546558286290477e+01
1.156244577056221523e+01
1.002925341359354938e+01
1.354055000514615159e+01
9.236181543108379799e+00
1.178062436274634450e+01
1.225733520300188317e+01
1.276615297284584649e+01
1.156244577056221523e+01
9.166995688475081394e+00
1.194164264288369282e+01
1.591774699517169012e+01
1.344618962205996482e+01
1.028002345391383443e+01
6.675581178124545545e+00
1.587770228520368221e+01
1.530607971465162365e+01
1.603728119216292924e+01
1.225733520300188317e+01
1.496964127403822076e+01
1.658371917462410394e+01
1.178062436274634450e+01
1.583755632390385770e+01
1.058513485680245481e+01
1.422831991532699902e+01
8.136857890256438353e+00
9.574614729634383536e+00
1.587770228520368221e+01
9.097283682934460103e+00
1.058513485680245481e+01
1.034176589165282145e+01
1.088169461344923583e+01
1.646815177937675045e+01
1.167204486311898926e+01
8.444016491289504600e+00
8.812923024107547576e+00
1.167204486311898926e+01
1.543035303761632804e+01
1.921560480373171131e+01
8.956231982162769611e+00
8.291859587312051971e+00
9.836981518731869656e+00
1.344618962205996482e+01
1.296408962885714899e+01
1.646815177937675045e+01
1.391159267660409604e+01
1.623454913941802857e+01
1.009253008808064145e+01
1.256509862862843541e+01
1.210051848659980855e+01
1.088169461344923583e+01
1.210051848659980855e+01
1.711271735549580697e+01
1.099807968464679142e+01
1.762584604821509515e+01
1.117038385124011413e+01
7.978845608028653835e+00
1.002925341359354938e+01
9.772050238058398008e+00
1.028002345391383443e+01
8.444016491289504600e+00
1.488434347843123184e+01
1.501210842680413826e+01
1.117038385124011413e+01
1.241217083805063837e+01
8.444016491289504600e+00
