1.058513485680245481e+01
9.373021315815206478e+00
1.266602473693425601e+01
1.530607971465162365e+01
1.052482020710848865e+01
1.251433034574463399e+01
1.496964127403822076e+01
1.122723095552866468e+01
8.812923024107547576e+00
1.271618740744904485e+01
1.335116235624909109e+01
1.547155565579009817e+01
1.599753570059363028e+01
1.330339418036568588e+01
1.082303275961201905e+01
1.236077446474206631e+01
1.854116169711310036e+01
8.667244841319218907e+00
8.812923024107547576e+00
5.753627391751591880e+00
1.436192209445157708e+01
1.117038385124011413e+01
1.058513485680245481e+01
1.718695942796624365e+01
1.755346033766304004e+01
1.296408962885714899e+01
1.161737456321036532e+01
1.462546558286290477e+01
1.156244577056221523e+01
1.002925341359354938e+01
1.349345229721172146e+01
9.236181543108379799e+00
1.178062436274634450e+01
1.225733520300188317e+01
1.281592373849173683e+01
1.156244577056221523e+01
9.373021315815206478e+00
1.194164264288369282e+01
1.571650316319191809e+01
1.344618962205996482e+01
1.034176589165282145e+01
7.225151993843566878e+00
1.587770228520368221e+01
1.513879513212096128e+01
1.603728119216292924e+01
1.215301555949299761e+01
1.492705330360461602e+01
1.658371917462410394e+01
1.178062436274634450e+01
1.583755632390385770e+01
1.058513485680245481e+01
1.422831991532699902e+01
8.136857890256438353e+00
9.574614729634383536e+00
1.587770228520368221e+01
9.236181543108379799e+00
1.058513485680245481e+01
1.070474469691662733e+01
1.088169461344923583e+01
1.646815177937675045e+01
1.167204486311898926e+01
8.740387444736633427e+00
8.812923024107547576e+00
1.167204486311898926e+01
1.534761596392107741e+01
1.908262324195121096e+01
9.027033336764100468e+00
8.444016491289504600e+00
9.901487006738307173e+00
1.339876023397903637e+01
1.296408962885714899e+01
1.642944866646030988e+01
1.381976597885341995e+01
1.607692842495848140e+01
1.009253008808064145e+01
1.256509862862843541e+01
1.210051848659980855e+01
1.088169461344923583e+01
1.215301555949299761e+01
1.703815178355965898e+01
1.099807968464679142e+01
1.755346033766304004e+01
1.117038385124011413e+01
8.136857890256438353e+00
1.009253008808064145e+01
9.836981518731869656e+00
1.028002345391383443e+01
8.593479713983121826e+00
1.475547227809780537e+01
1.501210842680413826e+01
1.111324596323282954e+01
1.241217083805063837e+01
8.444016491289504600e+00
