1.058513485680245481e+01
1.271618740744904485e+01
9.373021315815206478e+00
1.246335526484300615e+01
8.740387444736633427e+00
1.286550196516137312e+01
4.918490759365934828e+00
7.978845608028653835e+00
1.088169461344923583e+01
8.740387444736633427e+00
1.070474469691662733e+01
1.178062436274634450e+01
1.128379167095512514e+01
1.021790793990058255e+01
5.970821321441846408e+00
1.315904928495908166e+01
1.058513485680245481e+01
1.236077446474206631e+01
1.471226436021925466e+01
8.136857890256438353e+00
8.214724333230154940e+00
1.256509862862843541e+01
1.099807968464679142e+01
5.753627391751591880e+00
1.178062436274634450e+01
1.538904010394216471e+01
6.180387232371033157e+00
9.373021315815206478e+00
9.373021315815206478e+00
1.058513485680245481e+01
1.409345127989185542e+01
1.058513485680245481e+01
9.965574970333758387e+00
1.579730833933717626e+01
1.449429283826230197e+01
1.271618740744904485e+01
1.150725478350318376e+01
1.354055000514615159e+01
6.863662517577697741e+00
1.134007028277388685e+01
9.965574970333758387e+00
1.286550196516137312e+01
9.373021315815206478e+00
8.740387444736633427e+00
1.178062436274634450e+01
1.445030398768713376e+01
1.156244577056221523e+01
5.753627391751591880e+00
1.276615297284584649e+01
1.178062436274634450e+01
9.027033336764100468e+00
1.117038385124011413e+01
1.058513485680245481e+01
6.863662517577697741e+00
8.740387444736633427e+00
1.276615297284584649e+01
1.046415791390898242e+01
6.955796338302048021e+00
8.444016491289504600e+00
1.330339418036568588e+01
1.381976597885341995e+01
9.373021315815206478e+00
1.354055000514615159e+01
8.593479713983121826e+00
6.383076486422923246e+00
1.117038385124011413e+01
1.400281721259029588e+01
5.970821321441846408e+00
1.058513485680245481e+01
1.040314189572019821e+01
1.404820733880128181e+01
1.296408962885714899e+01
7.898654169668588132e+00
9.373021315815206478e+00
1.178062436274634450e+01
9.965574970333758387e+00
1.344618962205996482e+01
9.965574970333758387e+00
7.225151993843566878e+00
8.740387444736633427e+00
9.373021315815206478e+00
1.058513485680245481e+01
1.021790793990058255e+01
1.117038385124011413e+01
9.373021315815206478e+00
1.058513485680245481e+01
9.373021315815206478e+00
9.373021315815206478e+00
1.122723095552866468e+01
1.458187244392064308e+01
8.136857890256438353e+00
9.965574970333758387e+00
1.330339418036568588e+01
1.658371917462410394e+01
5.046265044040320724e+00
9.373021315815206478e+00
4.513516668382050234e+00
1.040314189572019821e+01
1.178062436274634450e+01
8.519075891779829490e+00
1.291488987023529766e+01
1.330339418036568588e+01
1.339876023397903637e+01
5.170882945826410726e+00
1.349345229721172146e+01
1.058513485680245481e+01
1.296408962885714899e+01
7.898654169668588132e+00
1.070474469691662733e+01
1.076405121554611632e+01
8.136857890256438353e+00
9.965574970333758387e+00
1.513879513212096128e+01
1.058513485680245481e+01
5.753627391751591880e+00
1.117038385124011413e+01
1.453814859003845150e+01
8.884866446580955923e+00
1.009253008808064145e+01
4.652426491681278087e+00
9.373021315815206478e+00
7.978845608028653835e+00
1.058513485680245481e+01
9.965574970333758387e+00
8.136857890256438353e+00
1.354055000514615159e+01
1.311058116710494836e+01
6.383076486422923246e+00
6.579524642479540830e+00
8.593479713983121826e+00
9.373021315815206478e+00
9.965574970333758387e+00
1.117038385124011413e+01
