1.427299292922216978e+01
1.058513485680245481e+01
9.373021315815206478e+00
1.276615297284584649e+01
6.180387232371033157e+00
1.413855043925722121e+01
1.076405121554611632e+01
1.167204486311898926e+01
1.422831991532699902e+01
4.787307364817191768e+00
1.156244577056221523e+01
9.836981518731869656e+00
1.215301555949299761e+01
1.335116235624909109e+01
1.427299292922216978e+01
1.538904010394216471e+01
1.325545386523797831e+01
1.111324596323282954e+01
4.787307364817191768e+00
1.236077446474206631e+01
1.740778594902202769e+01
9.166995688475081394e+00
8.740387444736633427e+00
1.002925341359354938e+01
1.431752655671925822e+01
1.070474469691662733e+01
1.009253008808064145e+01
1.677456227108388731e+01
1.611647812414279102e+01
1.296408962885714899e+01
1.156244577056221523e+01
1.436192209445157708e+01
1.156244577056221523e+01
4.918490759365934828e+00
1.058513485680245481e+01
1.315904928495908166e+01
9.507891862878782518e+00
1.635176762293251684e+01
1.178062436274634450e+01
5.753627391751591880e+00
1.215301555949299761e+01
1.296408962885714899e+01
1.178062436274634450e+01
9.373021315815206478e+00
1.156244577056221523e+01
1.167204486311898926e+01
1.315904928495908166e+01
8.812923024107547576e+00
1.034176589165282145e+01
1.547155565579009817e+01
5.753627391751591880e+00
1.453814859003845150e+01
9.373021315815206478e+00
1.518078909665319287e+01
5.411516379806009525e+00
1.128379167095512514e+01
1.436192209445157708e+01
1.172646028567007725e+01
1.547155565579009817e+01
1.471226436021925466e+01
1.058513485680245481e+01
8.812923024107547576e+00
1.330339418036568588e+01
9.965574970333758387e+00
1.458187244392064308e+01
9.965574970333758387e+00
6.770275002573075795e+00
1.058513485680245481e+01
7.817640190446718762e+00
1.058513485680245481e+01
1.117038385124011413e+01
7.399277020331918919e+00
1.583755632390385770e+01
1.094004191971426110e+01
8.956231982162769611e+00
9.373021315815206478e+00
1.172646028567007725e+01
6.076507779746498805e+00
1.445030398768713376e+01
9.574614729634383536e+00
1.791246396432553922e+01
9.373021315815206478e+00
1.052482020710848865e+01
1.296408962885714899e+01
1.301310337505149661e+01
1.595769121605730767e+01
1.372732503515539548e+01
1.538904010394216471e+01
1.028002345391383443e+01
1.276615297284584649e+01
1.220528683538465842e+01
1.094004191971426110e+01
4.513516668382050234e+00
1.161737456321036532e+01
1.669848676668040710e+01
1.064510777218481152e+01
1.688803298257900920e+01
1.117038385124011413e+01
8.593479713983121826e+00
1.058513485680245481e+01
9.373021315815206478e+00
1.046415791390898242e+01
9.373021315815206478e+00
7.136496464611084889e+00
1.453814859003845150e+01
1.404820733880128181e+01
6.863662517577697741e+00
9.640875829802336483e+00
1.210051848659980855e+01
9.373021315815206478e+00
