1.530607971465162365e+01
1.058513485680245481e+01
9.373021315815206478e+00
1.266602473693425601e+01
1.505445578434700415e+01
1.058513485680245481e+01
1.241217083805063837e+01
1.492705330360461602e+01
1.122723095552866468e+01
9.304852983362556174e+00
1.266602473693425601e+01
1.335116235624909109e+01
1.513879513212096128e+01
1.591774699517169012e+01
1.325545386523797831e+01
1.111324596323282954e+01
1.236077446474206631e+01
1.822952333923949553e+01
9.097283682934460103e+00
9.304852983362556174e+00
7.046725639945927711e+00
1.436192209445157708e+01
1.117038385124011413e+01
1.058513485680245481e+01
1.703815178355965898e+01
1.733448968263843781e+01
1.296408962885714899e+01
1.156244577056221523e+01
1.436192209445157708e+01
1.156244577056221523e+01
1.009253008808064145e+01
1.344618962205996482e+01
9.640875829802336483e+00
1.178062436274634450e+01
1.225733520300188317e+01
1.296408962885714899e+01
1.178062436274634450e+01
9.373021315815206478e+00
1.194164264288369282e+01
1.579730833933717626e+01
1.344618962205996482e+01
1.046415791390898242e+01
7.735777827895049086e+00
1.583755632390385770e+01
1.492705330360461602e+01
1.587770228520368221e+01
1.204779266504070279e+01
1.479855404066383784e+01
1.635176762293251684e+01
1.178062436274634450e+01
1.567594437773643001e+01
1.058513485680245481e+01
1.427299292922216978e+01
8.444016491289504600e+00
9.772050238058398008e+00
1.551264883747923129e+01
9.236181543108379799e+00
1.058513485680245481e+01
4.513516668382050234e+00
1.088169461344923583e+01
1.088169461344923583e+01
1.623454913941802857e+01
1.156244577056221523e+01
9.027033336764100468e+00
9.373021315815206478e+00
1.167204486311898926e+01
1.522266721510391640e+01
9.373021315815206478e+00
1.857546544836034741e+01
9.097283682934460103e+00
1.021790793990058255e+01
1.330339418036568588e+01
1.301310337505149661e+01
1.642944866646030988e+01
1.377362305878664728e+01
1.603728119216292924e+01
1.009253008808064145e+01
1.256509862862843541e+01
1.215301555949299761e+01
1.088169461344923583e+01
1.225733520300188317e+01
1.696325844612841038e+01
1.105581278308273596e+01
1.722396045987370883e+01
1.117038385124011413e+01
8.291859587312051971e+00
1.034176589165282145e+01
9.836981518731869656e+00
1.034176589165282145e+01
8.812923024107547576e+00
1.466892917224166482e+01
1.492705330360461602e+01
1.111324596323282954e+01
1.236077446474206631e+01
8.740387444736633427e+00
