1.052482020710848865e+01
1.178062436274634450e+01
9.574614729634383536e+00
1.210051848659980855e+01
8.884866446580955923e+00
6.955796338302048021e+00
1.230916348999737586e+01
8.740387444736633427e+00
1.088169461344923583e+01
9.236181543108379799e+00
4.068428945128219176e+00
1.058513485680245481e+01
1.117038385124011413e+01
1.070474469691662733e+01
6.955796338302048021e+00
9.965574970333758387e+00
8.136857890256438353e+00
9.965574970333758387e+00
1.178062436274634450e+01
1.178062436274634450e+01
1.386575534383213970e+01
8.740387444736633427e+00
8.740387444736633427e+00
1.088169461344923583e+01
1.082303275961201905e+01
7.569397566060480642e+00
1.128379167095512514e+01
7.735777827895049086e+00
1.339876023397903637e+01
9.373021315815206478e+00
9.373021315815206478e+00
1.058513485680245481e+01
6.579524642479540830e+00
1.349345229721172146e+01
1.058513485680245481e+01
5.970821321441846408e+00
9.965574970333758387e+00
1.466892917224166482e+01
1.363425735166143049e+01
1.251433034574463399e+01
6.282549314314217703e+00
1.117038385124011413e+01
1.220528683538465842e+01
7.817640190446718762e+00
1.094004191971426110e+01
8.956231982162769611e+00
1.215301555949299761e+01
9.304852983362556174e+00
4.513516668382050234e+00
8.740387444736633427e+00
7.898654169668588132e+00
1.117038385124011413e+01
4.787307364817191768e+00
1.094004191971426110e+01
1.320733953636073110e+01
1.241217083805063837e+01
1.150725478350318376e+01
8.884866446580955923e+00
1.070474469691662733e+01
9.901487006738307173e+00
5.527906391541367981e+00
7.484820637019110379e+00
3.908820095223359381e+00
4.787307364817191768e+00
1.236077446474206631e+01
1.058513485680245481e+01
8.444016491289504600e+00
7.484820637019110379e+00
8.812923024107547576e+00
1.199483507827737583e+01
9.574614729634383536e+00
1.335116235624909109e+01
8.740387444736633427e+00
1.225733520300188317e+01
7.569397566060480642e+00
1.076405121554611632e+01
1.311058116710494836e+01
7.484820637019110379e+00
1.046415791390898242e+01
9.574614729634383536e+00
1.311058116710494836e+01
1.161737456321036532e+01
8.740387444736633427e+00
5.527906391541367981e+00
9.373021315815206478e+00
1.117038385124011413e+01
4.513516668382050234e+00
9.965574970333758387e+00
1.296408962885714899e+01
9.836981518731869656e+00
8.136857890256438353e+00
8.593479713983121826e+00
9.507891862878782518e+00
1.009253008808064145e+01
9.965574970333758387e+00
1.117038385124011413e+01
9.373021315815206478e+00
1.058513485680245481e+01
9.373021315815206478e+00
9.373021315815206478e+00
1.117038385124011413e+01
1.368087033328175828e+01
8.740387444736633427e+00
9.965574970333758387e+00
1.281592373849173683e+01
1.526443044094783019e+01
7.484820637019110379e+00
7.225151993843566878e+00
9.166995688475081394e+00
9.507891862878782518e+00
1.178062436274634450e+01
6.383076486422923246e+00
8.812923024107547576e+00
1.215301555949299761e+01
1.266602473693425601e+01
7.225151993843566878e+00
1.210051848659980855e+01
6.180387232371033157e+00
1.058513485680245481e+01
1.117038385124011413e+01
1.261566261010080048e+01
8.593479713983121826e+00
9.373021315815206478e+00
6.770275002573075795e+00
1.052482020710848865e+01
8.740387444736633427e+00
5.292567428401227403e+00
7.817640190446718762e+00
9.373021315815206478e+00
1.058513485680245481e+01
1.368087033328175828e+01
1.099807968464679142e+01
1.354055000514615159e+01
9.027033336764100468e+00
7.653039857325811823e+00
9.965574970333758387e+00
9.166995688475081394e+00
1.271618740744904485e+01
8.444016491289504600e+00
1.028002345391383443e+01
5.970821321441846408e+00
9.965574970333758387e+00
8.136857890256438353e+00
7.978845608028653835e+00
1.256509862862843541e+01
8.444016491289504600e+00
1.256509862862843541e+01
8.740387444736633427e+00
9.373021315815206478e+00
1.117038385124011413e+01
9.507891862878782518e+00
