1.058513485680245481e+01
1.344618962205996482e+01
9.507891862878782518e+00
1.261566261010080048e+01
7.978845608028653835e+00
1.358748446131948917e+01
1.088169461344923583e+01
5.292567428401227403e+00
6.955796338302048021e+00
1.306193320280393344e+01
1.117038385124011413e+01
1.167204486311898926e+01
1.040314189572019821e+01
1.178062436274634450e+01
1.325545386523797831e+01
1.344618962205996482e+01
1.505445578434700415e+01
1.320733953636073110e+01
5.753627391751591880e+00
7.046725639945927711e+00
1.111324596323282954e+01
1.215301555949299761e+01
1.692568750643268771e+01
9.304852983362556174e+00
9.166995688475081394e+00
1.028002345391383443e+01
1.427299292922216978e+01
1.058513485680245481e+01
9.965574970333758387e+00
1.650676414605009157e+01
1.543035303761632804e+01
1.296408962885714899e+01
1.156244577056221523e+01
1.427299292922216978e+01
1.156244577056221523e+01
1.058513485680245481e+01
1.320733953636073110e+01
9.373021315815206478e+00
7.225151993843566878e+00
1.178062436274634450e+01
1.575695754970980111e+01
1.215301555949299761e+01
1.296408962885714899e+01
1.178062436274634450e+01
9.373021315815206478e+00
1.145179781116143225e+01
1.099807968464679142e+01
9.373021315815206478e+00
1.296408962885714899e+01
1.040314189572019821e+01
7.653039857325811823e+00
1.522266721510391640e+01
5.641895835477562571e+00
1.427299292922216978e+01
9.440697438826296306e+00
1.445030398768713376e+01
7.225151993843566878e+00
1.117038385124011413e+01
1.422831991532699902e+01
1.117038385124011413e+01
1.505445578434700415e+01
1.058513485680245481e+01
1.395727947504383337e+01
4.513516668382050234e+00
8.956231982162769611e+00
1.236077446474206631e+01
9.965574970333758387e+00
1.400281721259029588e+01
9.965574970333758387e+00
4.652426491681278087e+00
7.817640190446718762e+00
8.667244841319218907e+00
1.058513485680245481e+01
1.058513485680245481e+01
1.117038385124011413e+01
8.740387444736633427e+00
1.058513485680245481e+01
9.373021315815206478e+00
9.373021315815206478e+00
1.538904010394216471e+01
1.156244577056221523e+01
7.484820637019110379e+00
1.422831991532699902e+01
9.836981518731869656e+00
1.722396045987370883e+01
9.373021315815206478e+00
1.046415791390898242e+01
1.276615297284584649e+01
6.076507779746498805e+00
1.301310337505149661e+01
1.453814859003845150e+01
1.368087033328175828e+01
1.522266721510391640e+01
1.058513485680245481e+01
1.276615297284584649e+01
1.210051848659980855e+01
1.088169461344923583e+01
7.136496464611084889e+00
1.082303275961201905e+01
1.591774699517169012e+01
1.058513485680245481e+01
1.627371578051287671e+01
1.117038385124011413e+01
8.740387444736633427e+00
1.058513485680245481e+01
9.373021315815206478e+00
1.058513485680245481e+01
5.527906391541367981e+00
9.574614729634383536e+00
7.484820637019110379e+00
1.431752655671925822e+01
1.381976597885341995e+01
7.898654169668588132e+00
9.507891862878782518e+00
9.640875829802336483e+00
1.167204486311898926e+01
