9.507891862878782518e+00
6.482044814428574497e+00
1.591774699517169012e+01
1.587770228520368221e+01
9.373021315815206478e+00
1.117038385124011413e+01
1.306193320280393344e+01
1.261566261010080048e+01
8.444016491289504600e+00
7.735777827895049086e+00
2.985410660720923204e+00
8.956231982162769611e+00
1.377362305878664728e+01
1.607692842495848140e+01
7.898654169668588132e+00
1.034176589165282145e+01
1.551264883747923129e+01
1.635176762293251684e+01
1.134007028277388685e+01
1.156244577056221523e+01
5.641895835477562571e+00
9.965574970333758387e+00
1.513879513212096128e+01
1.046415791390898242e+01
1.422831991532699902e+01
1.199483507827737583e+01
9.027033336764100468e+00
9.027033336764100468e+00
1.178062436274634450e+01
1.156244577056221523e+01
1.178062436274634450e+01
1.431752655671925822e+01
5.863230142835038627e+00
1.236077446474206631e+01
1.082303275961201905e+01
1.599753570059363028e+01
1.117038385124011413e+01
1.344618962205996482e+01
1.236077446474206631e+01
1.178062436274634450e+01
1.445030398768713376e+01
1.595769121605730767e+01
1.117038385124011413e+01
1.427299292922216978e+01
1.178062436274634450e+01
8.812923024107547576e+00
1.082303275961201905e+01
1.673656774376800982e+01
1.276615297284584649e+01
1.400281721259029588e+01
5.753627391751591880e+00
1.178062436274634450e+01
1.271618740744904485e+01
1.150725478350318376e+01
1.358748446131948917e+01
1.496964127403822076e+01
1.111324596323282954e+01
1.296408962885714899e+01
1.650676414605009157e+01
6.955796338302048021e+00
9.965574970333758387e+00
8.740387444736633427e+00
1.496964127403822076e+01
7.653039857325811823e+00
1.395727947504383337e+01
1.058513485680245481e+01
1.538904010394216471e+01
9.373021315815206478e+00
9.640875829802336483e+00
1.391159267660409604e+01
9.097283682934460103e+00
1.436192209445157708e+01
1.619528777809902209e+01
1.627371578051287671e+01
1.330339418036568588e+01
1.445030398768713376e+01
9.965574970333758387e+00
8.740387444736633427e+00
1.225733520300188317e+01
1.748077488947326685e+01
1.058513485680245481e+01
1.117038385124011413e+01
1.349345229721172146e+01
3.908820095223359381e+00
7.484820637019110379e+00
1.703815178355965898e+01
1.563528038089343752e+01
1.220528683538465842e+01
1.427299292922216978e+01
1.696325844612841038e+01
1.156244577056221523e+01
1.236077446474206631e+01
1.058513485680245481e+01
1.028002345391383443e+01
1.236077446474206631e+01
1.311058116710494836e+01
1.256509862862843541e+01
1.591774699517169012e+01
1.117038385124011413e+01
7.225151993843566878e+00
9.574614729634383536e+00
