9.507891862878782518e+00
5.970821321441846408e+00
1.619528777809902209e+01
1.587770228520368221e+01
9.373021315815206478e+00
1.134007028277388685e+01
1.311058116710494836e+01
1.256509862862843541e+01
8.444016491289504600e+00
7.399277020331918919e+00
8.812923024107547576e+00
1.381976597885341995e+01
1.615593100600235843e+01
7.735777827895049086e+00
1.034176589165282145e+01
1.559451034962034477e+01
1.650676414605009157e+01
1.134007028277388685e+01
1.156244577056221523e+01
9.901487006738307173e+00
1.530607971465162365e+01
4.370193722368316713e+00
1.046415791390898242e+01
1.436192209445157708e+01
1.204779266504070279e+01
8.812923024107547576e+00
8.884866446580955923e+00
1.178062436274634450e+01
1.178062436274634450e+01
1.178062436274634450e+01
1.436192209445157708e+01
5.046265044040320724e+00
1.236077446474206631e+01
1.082303275961201905e+01
1.599753570059363028e+01
1.117038385124011413e+01
1.349345229721172146e+01
1.236077446474206631e+01
1.178062436274634450e+01
1.445030398768713376e+01
1.599753570059363028e+01
1.117038385124011413e+01
1.427299292922216978e+01
1.178062436274634450e+01
8.593479713983121826e+00
1.076405121554611632e+01
1.685029431422315938e+01
1.276615297284584649e+01
1.400281721259029588e+01
5.527906391541367981e+00
1.178062436274634450e+01
1.286550196516137312e+01
1.161737456321036532e+01
1.358748446131948917e+01
1.509668435477122017e+01
1.111324596323282954e+01
1.296408962885714899e+01
1.650676414605009157e+01
6.675581178124545545e+00
9.965574970333758387e+00
8.740387444736633427e+00
1.501210842680413826e+01
7.312732791431452384e+00
1.400281721259029588e+01
1.058513485680245481e+01
1.543035303761632804e+01
9.166995688475081394e+00
9.574614729634383536e+00
1.404820733880128181e+01
9.027033336764100468e+00
1.436192209445157708e+01
1.646815177937675045e+01
1.635176762293251684e+01
1.311058116710494836e+01
1.449429283826230197e+01
9.965574970333758387e+00
8.667244841319218907e+00
1.220528683538465842e+01
1.762584604821509515e+01
1.058513485680245481e+01
1.117038385124011413e+01
1.358748446131948917e+01
1.737117647432762624e+01
6.955796338302048021e+00
1.571650316319191809e+01
1.199483507827737583e+01
1.427299292922216978e+01
1.703815178355965898e+01
1.134007028277388685e+01
1.236077446474206631e+01
1.058513485680245481e+01
1.028002345391383443e+01
1.236077446474206631e+01
1.315904928495908166e+01
1.256509862862843541e+01
1.599753570059363028e+01
1.117038385124011413e+01
7.225151993843566878e+00
9.373021315815206478e+00
