1.040314189572019821e+01
1.642944866646030988e+01
1.595769121605730767e+01
8.593479713983121826e+00
1.117038385124011413e+01
1.344618962205996482e+01
1.311058116710494836e+01
8.812923024107547576e+00
5.292567428401227403e+00
8.136857890256438353e+00
1.696325844612841038e+01
1.453814859003845150e+01
5.970821321441846408e+00
9.965574970333758387e+00
1.627371578051287671e+01
1.703815178355965898e+01
1.134007028277388685e+01
1.156244577056221523e+01
1.607692842495848140e+01
9.507891862878782518e+00
1.015541250385961369e+01
1.513879513212096128e+01
1.210051848659980855e+01
8.444016491289504600e+00
7.817640190446718762e+00
1.172646028567007725e+01
1.178062436274634450e+01
1.178062436274634450e+01
1.475547227809780537e+01
1.236077446474206631e+01
1.082303275961201905e+01
1.603728119216292924e+01
1.117038385124011413e+01
1.358748446131948917e+01
1.236077446474206631e+01
1.178062436274634450e+01
1.501210842680413826e+01
1.635176762293251684e+01
1.117038385124011413e+01
1.431752655671925822e+01
1.225733520300188317e+01
1.070474469691662733e+01
7.569397566060480642e+00
1.744431859350498826e+01
1.276615297284584649e+01
1.409345127989185542e+01
1.167204486311898926e+01
1.354055000514615159e+01
1.215301555949299761e+01
1.368087033328175828e+01
1.538904010394216471e+01
1.111324596323282954e+01
1.276615297284584649e+01
1.662206308517478703e+01
9.965574970333758387e+00
7.817640190446718762e+00
1.538904010394216471e+01
6.955796338302048021e+00
1.413855043925722121e+01
1.615593100600235843e+01
1.040314189572019821e+01
8.667244841319218907e+00
9.236181543108379799e+00
1.440618081907316395e+01
8.368283871884004910e+00
1.436192209445157708e+01
1.669848676668040710e+01
1.669848676668040710e+01
1.325545386523797831e+01
1.475547227809780537e+01
9.640875829802336483e+00
1.204779266504070279e+01
7.046725639945927711e+00
1.794796937867891984e+01
1.064510777218481152e+01
1.105581278308273596e+01
1.358748446131948917e+01
1.805406667352820094e+01
4.513516668382050234e+00
1.607692842495848140e+01
1.194164264288369282e+01
1.436192209445157708e+01
1.748077488947326685e+01
1.134007028277388685e+01
1.225733520300188317e+01
1.058513485680245481e+01
1.028002345391383443e+01
1.225733520300188317e+01
1.320733953636073110e+01
1.256509862862843541e+01
1.599753570059363028e+01
1.122723095552866468e+01
4.513516668382050234e+00
9.373021315815206478e+00
