1.256509862862843541e+01
7.225151993843566878e+00
3.908820095223359381e+00
9.373021315815206478e+00
6.076507779746498805e+00
8.444016491289504600e+00
1.335116235624909109e+01
6.955796338302048021e+00
8.136857890256438353e+00
9.836981518731869656e+00
1.058513485680245481e+01
1.052482020710848865e+01
1.325545386523797831e+01
8.740387444736633427e+00
9.304852983362556174e+00
1.150725478350318376e+01
9.304852983362556174e+00
5.046265044040320724e+00
8.884866446580955923e+00
7.484820637019110379e+00
1.479855404066383784e+01
9.027033336764100468e+00
1.220528683538465842e+01
1.058513485680245481e+01
1.368087033328175828e+01
6.076507779746498805e+00
1.471226436021925466e+01
5.170882945826410726e+00
1.099807968464679142e+01
9.236181543108379799e+00
1.105581278308273596e+01
8.956231982162769611e+00
1.306193320280393344e+01
1.058513485680245481e+01
1.117038385124011413e+01
1.296408962885714899e+01
7.484820637019110379e+00
9.507891862878782518e+00
9.236181543108379799e+00
1.134007028277388685e+01
1.178062436274634450e+01
9.373021315815206478e+00
1.315904928495908166e+01
1.015541250385961369e+01
8.444016491289504600e+00
4.222008245644752300e+00
1.105581278308273596e+01
1.099807968464679142e+01
1.261566261010080048e+01
1.105581278308273596e+01
1.139607097042601680e+01
1.178062436274634450e+01
1.150725478350318376e+01
1.377362305878664728e+01
6.863662517577697741e+00
1.518078909665319287e+01
4.222008245644752300e+00
7.817640190446718762e+00
1.094004191971426110e+01
1.363425735166143049e+01
6.383076486422923246e+00
8.136857890256438353e+00
1.117038385124011413e+01
1.099807968464679142e+01
8.444016491289504600e+00
1.261566261010080048e+01
1.354055000514615159e+01
1.210051848659980855e+01
9.027033336764100468e+00
5.046265044040320724e+00
1.150725478350318376e+01
1.161737456321036532e+01
1.266602473693425601e+01
1.058513485680245481e+01
6.383076486422923246e+00
1.427299292922216978e+01
1.099807968464679142e+01
4.513516668382050234e+00
1.256509862862843541e+01
8.519075891779829490e+00
1.551264883747923129e+01
9.965574970333758387e+00
7.898654169668588132e+00
9.373021315815206478e+00
1.395727947504383337e+01
8.444016491289504600e+00
1.363425735166143049e+01
1.058513485680245481e+01
2.763953195770683990e+00
9.772050238058398008e+00
1.404820733880128181e+01
9.965574970333758387e+00
1.236077446474206631e+01
8.444016491289504600e+00
9.772050238058398008e+00
1.386575534383213970e+01
1.449429283826230197e+01
1.236077446474206631e+01
1.236077446474206631e+01
1.479855404066383784e+01
9.507891862878782518e+00
9.373021315815206478e+00
1.225733520300188317e+01
1.530607971465162365e+01
5.411516379806009525e+00
1.058513485680245481e+01
8.667244841319218907e+00
1.058513485680245481e+01
1.215301555949299761e+01
8.136857890256438353e+00
7.817640190446718762e+00
7.046725639945927711e+00
6.863662517577697741e+00
6.579524642479540830e+00
5.292567428401227403e+00
9.507891862878782518e+00
7.046725639945927711e+00
1.445030398768713376e+01
1.178062436274634450e+01
1.256509862862843541e+01
7.225151993843566878e+00
1.145179781116143225e+01
1.479855404066383784e+01
1.178062436274634450e+01
1.215301555949299761e+01
1.058513485680245481e+01
1.058513485680245481e+01
1.204779266504070279e+01
1.236077446474206631e+01
1.261566261010080048e+01
1.445030398768713376e+01
1.117038385124011413e+01
9.373021315815206478e+00
9.965574970333758387e+00
