1.220528683538465842e+01
5.970821321441846408e+00
9.373021315815206478e+00
4.787307364817191768e+00
6.863662517577697741e+00
8.667244841319218907e+00
1.325545386523797831e+01
7.136496464611084889e+00
8.058239062071395509e+00
9.640875829802336483e+00
1.058513485680245481e+01
1.256509862862843541e+01
8.740387444736633427e+00
1.021790793990058255e+01
9.373021315815206478e+00
1.070474469691662733e+01
9.304852983362556174e+00
6.282549314314217703e+00
8.956231982162769611e+00
7.569397566060480642e+00
3.568248232305542444e+00
8.956231982162769611e+00
1.427299292922216978e+01
1.058513485680245481e+01
1.156244577056221523e+01
7.046725639945927711e+00
1.344618962205996482e+01
6.482044814428574497e+00
1.418350619798065715e+01
1.046415791390898242e+01
9.236181543108379799e+00
1.058513485680245481e+01
8.884866446580955923e+00
1.236077446474206631e+01
1.058513485680245481e+01
4.222008245644752300e+00
1.117038385124011413e+01
1.296408962885714899e+01
7.817640190446718762e+00
4.652426491681278087e+00
9.373021315815206478e+00
9.166995688475081394e+00
1.178062436274634450e+01
1.088169461344923583e+01
9.373021315815206478e+00
1.286550196516137312e+01
1.021790793990058255e+01
8.740387444736633427e+00
5.863230142835038627e+00
1.009253008808064145e+01
1.105581278308273596e+01
1.178062436274634450e+01
1.058513485680245481e+01
1.117038385124011413e+01
1.178062436274634450e+01
1.117038385124011413e+01
1.368087033328175828e+01
7.225151993843566878e+00
5.753627391751591880e+00
1.496964127403822076e+01
8.136857890256438353e+00
4.513516668382050234e+00
9.965574970333758387e+00
5.753627391751591880e+00
1.344618962205996482e+01
6.770275002573075795e+00
1.117038385124011413e+01
8.136857890256438353e+00
1.094004191971426110e+01
8.593479713983121826e+00
1.246335526484300615e+01
1.315904928495908166e+01
1.117038385124011413e+01
9.027033336764100468e+00
6.282549314314217703e+00
1.122723095552866468e+01
1.122723095552866468e+01
1.246335526484300615e+01
1.058513485680245481e+01
6.955796338302048021e+00
1.422831991532699902e+01
6.282549314314217703e+00
1.070474469691662733e+01
1.225733520300188317e+01
8.291859587312051971e+00
1.538904010394216471e+01
9.965574970333758387e+00
8.368283871884004910e+00
9.373021315815206478e+00
1.344618962205996482e+01
8.136857890256438353e+00
1.344618962205996482e+01
5.863230142835038627e+00
1.040314189572019821e+01
9.772050238058398008e+00
1.381976597885341995e+01
9.965574970333758387e+00
1.188821220645068522e+01
5.411516379806009525e+00
8.740387444736633427e+00
9.901487006738307173e+00
1.436192209445157708e+01
1.330339418036568588e+01
1.236077446474206631e+01
1.156244577056221523e+01
1.436192209445157708e+01
9.507891862878782518e+00
9.507891862878782518e+00
1.220528683538465842e+01
1.505445578434700415e+01
6.282549314314217703e+00
1.058513485680245481e+01
8.884866446580955923e+00
1.058513485680245481e+01
1.194164264288369282e+01
8.291859587312051971e+00
7.312732791431452384e+00
7.225151993843566878e+00
7.225151993843566878e+00
6.383076486422923246e+00
9.027033336764100468e+00
7.225151993843566878e+00
4.370193722368316713e+00
1.404820733880128181e+01
1.178062436274634450e+01
7.569397566060480642e+00
1.194164264288369282e+01
1.117038385124011413e+01
1.458187244392064308e+01
1.178062436274634450e+01
1.215301555949299761e+01
1.058513485680245481e+01
1.058513485680245481e+01
1.199483507827737583e+01
1.225733520300188317e+01
1.230916348999737586e+01
1.418350619798065715e+01
1.117038385124011413e+01
9.373021315815206478e+00
9.836981518731869656e+00
