1.117038385124011413e+01
6.482044814428574497e+00
9.373021315815206478e+00
6.383076486422923246e+00
5.170882945826410726e+00
6.863662517577697741e+00
8.740387444736633427e+00
1.291488987023529766e+01
7.569397566060480642e+00
7.817640190446718762e+00
8.740387444736633427e+00
1.034176589165282145e+01
1.178062436274634450e+01
5.170882945826410726e+00
8.740387444736633427e+00
9.901487006738307173e+00
9.373021315815206478e+00
1.015541250385961369e+01
9.304852983362556174e+00
4.513516668382050234e+00
6.482044814428574497e+00
8.593479713983121826e+00
7.898654169668588132e+00
5.527906391541367981e+00
5.292567428401227403e+00
8.956231982162769611e+00
1.395727947504383337e+01
1.058513485680245481e+01
1.117038385124011413e+01
7.312732791431452384e+00
1.320733953636073110e+01
6.863662517577697741e+00
1.377362305878664728e+01
1.009253008808064145e+01
9.236181543108379799e+00
1.058513485680245481e+01
8.740387444736633427e+00
1.204779266504070279e+01
5.970821321441846408e+00
1.058513485680245481e+01
1.117038385124011413e+01
1.276615297284584649e+01
3.568248232305542444e+00
7.898654169668588132e+00
5.970821321441846408e+00
9.373021315815206478e+00
8.593479713983121826e+00
1.178062436274634450e+01
1.040314189572019821e+01
9.507891862878782518e+00
1.251433034574463399e+01
1.009253008808064145e+01
8.740387444736633427e+00
6.482044814428574497e+00
9.640875829802336483e+00
1.111324596323282954e+01
1.178062436274634450e+01
1.034176589165282145e+01
1.117038385124011413e+01
1.178062436274634450e+01
1.088169461344923583e+01
1.335116235624909109e+01
3.568248232305542444e+00
7.225151993843566878e+00
6.955796338302048021e+00
1.462546558286290477e+01
8.136857890256438353e+00
5.753627391751591880e+00
9.901487006738307173e+00
6.863662517577697741e+00
1.306193320280393344e+01
6.863662517577697741e+00
1.117038385124011413e+01
8.136857890256438353e+00
1.082303275961201905e+01
8.740387444736633427e+00
1.236077446474206631e+01
1.271618740744904485e+01
1.117038385124011413e+01
9.166995688475081394e+00
6.863662517577697741e+00
5.046265044040320724e+00
1.117038385124011413e+01
1.117038385124011413e+01
1.241217083805063837e+01
1.046415791390898242e+01
7.484820637019110379e+00
1.404820733880128181e+01
6.675581178124545545e+00
1.070474469691662733e+01
1.225733520300188317e+01
8.291859587312051971e+00
1.513879513212096128e+01
9.965574970333758387e+00
8.740387444736633427e+00
9.373021315815206478e+00
1.291488987023529766e+01
8.136857890256438353e+00
1.339876023397903637e+01
6.482044814428574497e+00
1.034176589165282145e+01
9.901487006738307173e+00
1.358748446131948917e+01
9.507891862878782518e+00
1.178062436274634450e+01
6.579524642479540830e+00
8.812923024107547576e+00
9.965574970333758387e+00
1.301310337505149661e+01
1.395727947504383337e+01
1.204779266504070279e+01
1.117038385124011413e+01
1.418350619798065715e+01
9.507891862878782518e+00
9.507891862878782518e+00
1.210051848659980855e+01
1.471226436021925466e+01
6.863662517577697741e+00
1.058513485680245481e+01
8.884866446580955923e+00
1.064510777218481152e+01
1.178062436274634450e+01
8.368283871884004910e+00
7.653039857325811823e+00
7.569397566060480642e+00
7.399277020331918919e+00
6.863662517577697741e+00
9.027033336764100468e+00
7.225151993843566878e+00
6.076507779746498805e+00
1.358748446131948917e+01
1.178062436274634450e+01
7.978845608028653835e+00
1.161737456321036532e+01
1.117038385124011413e+01
1.427299292922216978e+01
1.178062436274634450e+01
1.199483507827737583e+01
1.058513485680245481e+01
1.058513485680245481e+01
1.194164264288369282e+01
1.204779266504070279e+01
1.215301555949299761e+01
1.404820733880128181e+01
1.117038385124011413e+01
9.373021315815206478e+00
9.836981518731869656e+00
