1.046415791390898242e+01
1.646815177937675045e+01
1.595769121605730767e+01
8.519075891779829490e+00
1.117038385124011413e+01
1.349345229721172146e+01
1.325545386523797831e+01
8.740387444736633427e+00
4.787307364817191768e+00
8.136857890256438353e+00
1.696325844612841038e+01
1.453814859003845150e+01
9.901487006738307173e+00
5.411516379806009525e+00
1.627371578051287671e+01
1.703815178355965898e+01
1.128379167095512514e+01
1.156244577056221523e+01
1.607692842495848140e+01
9.440697438826296306e+00
1.015541250385961369e+01
1.513879513212096128e+01
1.210051848659980855e+01
8.214724333230154940e+00
7.817640190446718762e+00
1.172646028567007725e+01
1.178062436274634450e+01
1.178062436274634450e+01
1.475547227809780537e+01
1.236077446474206631e+01
1.082303275961201905e+01
1.607692842495848140e+01
1.117038385124011413e+01
1.363425735166143049e+01
1.236077446474206631e+01
1.178062436274634450e+01
1.501210842680413826e+01
1.642944866646030988e+01
1.117038385124011413e+01
1.431752655671925822e+01
1.225733520300188317e+01
1.070474469691662733e+01
7.399277020331918919e+00
1.751715531361111644e+01
1.276615297284584649e+01
1.409345127989185542e+01
1.167204486311898926e+01
1.358748446131948917e+01
1.220528683538465842e+01
1.368087033328175828e+01
1.547155565579009817e+01
1.111324596323282954e+01
1.276615297284584649e+01
1.662206308517478703e+01
9.965574970333758387e+00
7.569397566060480642e+00
1.547155565579009817e+01
6.955796338302048021e+00
1.422831991532699902e+01
1.615593100600235843e+01
1.040314189572019821e+01
8.593479713983121826e+00
9.166995688475081394e+00
1.440618081907316395e+01
8.058239062071395509e+00
1.436192209445157708e+01
1.677456227108388731e+01
1.688803298257900920e+01
1.325545386523797831e+01
1.479855404066383784e+01
9.640875829802336483e+00
1.204779266504070279e+01
6.955796338302048021e+00
1.798340469329240676e+01
1.070474469691662733e+01
1.099807968464679142e+01
1.363425735166143049e+01
1.805406667352820094e+01
3.908820095223359381e+00
1.619528777809902209e+01
1.194164264288369282e+01
1.436192209445157708e+01
1.755346033766304004e+01
1.134007028277388685e+01
1.225733520300188317e+01
1.058513485680245481e+01
1.028002345391383443e+01
1.225733520300188317e+01
1.320733953636073110e+01
1.256509862862843541e+01
1.599753570059363028e+01
1.134007028277388685e+01
3.908820095223359381e+00
9.373021315815206478e+00
