1.246335526484300615e+01
4.787307364817191768e+00
9.373021315815206478e+00
3.191538243211461623e+00
6.282549314314217703e+00
8.444016491289504600e+00
1.335116235624909109e+01
7.136496464611084889e+00
8.136857890256438353e+00
9.836981518731869656e+00
1.058513485680245481e+01
1.301310337505149661e+01
8.740387444736633427e+00
1.021790793990058255e+01
9.373021315815206478e+00
1.111324596323282954e+01
9.304852983362556174e+00
5.753627391751591880e+00
9.027033336764100468e+00
7.569397566060480642e+00
9.097283682934460103e+00
1.199483507827737583e+01
1.458187244392064308e+01
1.058513485680245481e+01
6.482044814428574497e+00
1.354055000514615159e+01
5.641895835477562571e+00
1.458187244392064308e+01
1.088169461344923583e+01
9.304852983362556174e+00
1.094004191971426110e+01
8.812923024107547576e+00
1.281592373849173683e+01
1.058513485680245481e+01
1.117038385124011413e+01
1.296408962885714899e+01
7.817640190446718762e+00
9.574614729634383536e+00
9.236181543108379799e+00
1.128379167095512514e+01
1.178062436274634450e+01
9.373021315815206478e+00
1.301310337505149661e+01
1.021790793990058255e+01
8.593479713983121826e+00
5.170882945826410726e+00
1.076405121554611632e+01
1.099807968464679142e+01
1.236077446474206631e+01
1.094004191971426110e+01
1.128379167095512514e+01
1.178062436274634450e+01
1.122723095552866468e+01
1.368087033328175828e+01
7.046725639945927711e+00
5.292567428401227403e+00
1.505445578434700415e+01
7.978845608028653835e+00
1.058513485680245481e+01
4.513516668382050234e+00
1.358748446131948917e+01
6.383076486422923246e+00
8.136857890256438353e+00
1.117038385124011413e+01
1.099807968464679142e+01
8.519075891779829490e+00
1.256509862862843541e+01
1.344618962205996482e+01
1.178062436274634450e+01
9.027033336764100468e+00
5.753627391751591880e+00
1.139607097042601680e+01
1.150725478350318376e+01
1.256509862862843541e+01
1.058513485680245481e+01
6.383076486422923246e+00
1.422831991532699902e+01
1.105581278308273596e+01
5.641895835477562571e+00
1.251433034574463399e+01
8.444016491289504600e+00
1.543035303761632804e+01
9.965574970333758387e+00
8.136857890256438353e+00
9.373021315815206478e+00
1.377362305878664728e+01
8.444016491289504600e+00
1.363425735166143049e+01
1.058513485680245481e+01
4.513516668382050234e+00
9.706684619910241452e+00
1.391159267660409604e+01
1.002925341359354938e+01
1.215301555949299761e+01
3.908820095223359381e+00
8.593479713983121826e+00
9.836981518731869656e+00
1.381976597885341995e+01
1.445030398768713376e+01
1.236077446474206631e+01
1.204779266504070279e+01
1.462546558286290477e+01
9.507891862878782518e+00
9.440697438826296306e+00
1.225733520300188317e+01
1.526443044094783019e+01
5.970821321441846408e+00
1.058513485680245481e+01
8.667244841319218907e+00
1.058513485680245481e+01
1.210051848659980855e+01
8.136857890256438353e+00
8.058239062071395509e+00
7.312732791431452384e+00
7.046725639945927711e+00
6.863662517577697741e+00
5.753627391751591880e+00
9.574614729634383536e+00
7.136496464611084889e+00
1.427299292922216978e+01
1.178062436274634450e+01
1.215301555949299761e+01
7.399277020331918919e+00
1.128379167095512514e+01
1.471226436021925466e+01
1.178062436274634450e+01
1.215301555949299761e+01
1.064510777218481152e+01
1.058513485680245481e+01
1.199483507827737583e+01
1.225733520300188317e+01
1.251433034574463399e+01
1.431752655671925822e+01
1.117038385124011413e+01
9.373021315815206478e+00
9.965574970333758387e+00
