1.117038385124011413e+01
6.675581178124545545e+00
9.373021315815206478e+00
6.383076486422923246e+00
5.292567428401227403e+00
6.955796338302048021e+00
8.740387444736633427e+00
1.281592373849173683e+01
7.569397566060480642e+00
7.817640190446718762e+00
8.740387444736633427e+00
1.034176589165282145e+01
1.178062436274634450e+01
5.292567428401227403e+00
8.740387444736633427e+00
9.901487006738307173e+00
9.373021315815206478e+00
1.009253008808064145e+01
9.304852983362556174e+00
5.046265044040320724e+00
6.675581178124545545e+00
8.593479713983121826e+00
7.898654169668588132e+00
5.527906391541367981e+00
5.753627391751591880e+00
8.956231982162769611e+00
1.381976597885341995e+01
1.058513485680245481e+01
1.117038385124011413e+01
7.312732791431452384e+00
1.311058116710494836e+01
6.863662517577697741e+00
1.377362305878664728e+01
1.009253008808064145e+01
9.236181543108379799e+00
1.058513485680245481e+01
8.740387444736633427e+00
1.188821220645068522e+01
6.076507779746498805e+00
1.058513485680245481e+01
1.117038385124011413e+01
1.271618740744904485e+01
4.222008245644752300e+00
7.978845608028653835e+00
6.180387232371033157e+00
9.373021315815206478e+00
8.593479713983121826e+00
1.178062436274634450e+01
1.040314189572019821e+01
9.507891862878782518e+00
1.230916348999737586e+01
1.009253008808064145e+01
8.740387444736633427e+00
6.383076486422923246e+00
9.640875829802336483e+00
1.117038385124011413e+01
1.178062436274634450e+01
1.021790793990058255e+01
1.117038385124011413e+01
1.178062436274634450e+01
1.046415791390898242e+01
4.370193722368316713e+00
1.335116235624909109e+01
7.225151993843566878e+00
6.955796338302048021e+00
1.453814859003845150e+01
3.191538243211461623e+00
8.368283871884004910e+00
5.863230142835038627e+00
6.863662517577697741e+00
9.640875829802336483e+00
1.296408962885714899e+01
6.863662517577697741e+00
1.117038385124011413e+01
8.291859587312051971e+00
1.082303275961201905e+01
8.740387444736633427e+00
1.236077446474206631e+01
1.271618740744904485e+01
1.117038385124011413e+01
9.166995688475081394e+00
7.136496464611084889e+00
5.527906391541367981e+00
1.117038385124011413e+01
1.117038385124011413e+01
1.230916348999737586e+01
1.040314189572019821e+01
7.653039857325811823e+00
1.404820733880128181e+01
6.675581178124545545e+00
1.064510777218481152e+01
1.225733520300188317e+01
8.291859587312051971e+00
1.513879513212096128e+01
9.965574970333758387e+00
8.740387444736633427e+00
9.373021315815206478e+00
1.281592373849173683e+01
8.136857890256438353e+00
1.339876023397903637e+01
6.863662517577697741e+00
1.015541250385961369e+01
9.901487006738307173e+00
1.358748446131948917e+01
9.507891862878782518e+00
1.178062436274634450e+01
6.863662517577697741e+00
8.884866446580955923e+00
9.965574970333758387e+00
1.296408962885714899e+01
1.395727947504383337e+01
1.204779266504070279e+01
1.117038385124011413e+01
3.908820095223359381e+00
1.409345127989185542e+01
9.373021315815206478e+00
9.507891862878782518e+00
1.210051848659980855e+01
1.453814859003845150e+01
6.863662517577697741e+00
1.058513485680245481e+01
8.884866446580955923e+00
1.064510777218481152e+01
1.178062436274634450e+01
8.291859587312051971e+00
7.653039857325811823e+00
7.569397566060480642e+00
7.653039857325811823e+00
7.046725639945927711e+00
9.027033336764100468e+00
7.312732791431452384e+00
6.180387232371033157e+00
1.339876023397903637e+01
1.178062436274634450e+01
7.978845608028653835e+00
1.117038385124011413e+01
1.117038385124011413e+01
1.422831991532699902e+01
1.178062436274634450e+01
1.178062436274634450e+01
1.954410047611679691e+00
1.058513485680245481e+01
1.058513485680245481e+01
1.194164264288369282e+01
1.188821220645068522e+01
1.215301555949299761e+01
1.400281721259029588e+01
1.117038385124011413e+01
9.373021315815206478e+00
9.772050238058398008e+00
