1.236077446474206631e+01
5.292567428401227403e+00
9.373021315815206478e+00
4.787307364817191768e+00
6.675581178124545545e+00
8.593479713983121826e+00
1.325545386523797831e+01
7.136496464611084889e+00
8.136857890256438353e+00
9.772050238058398008e+00
1.058513485680245481e+01
1.271618740744904485e+01
8.740387444736633427e+00
1.021790793990058255e+01
9.373021315815206478e+00
1.082303275961201905e+01
9.304852983362556174e+00
6.180387232371033157e+00
8.956231982162769611e+00
7.569397566060480642e+00
9.097283682934460103e+00
1.436192209445157708e+01
1.058513485680245481e+01
1.595769121605730811e+00
1.167204486311898926e+01
6.863662517577697741e+00
1.349345229721172146e+01
6.282549314314217703e+00
1.440618081907316395e+01
1.064510777218481152e+01
9.373021315815206478e+00
1.064510777218481152e+01
8.812923024107547576e+00
1.236077446474206631e+01
1.058513485680245481e+01
3.385137501286537898e+00
1.117038385124011413e+01
1.296408962885714899e+01
7.817640190446718762e+00
9.507891862878782518e+00
3.568248232305542444e+00
9.166995688475081394e+00
1.178062436274634450e+01
1.105581278308273596e+01
9.373021315815206478e+00
1.291488987023529766e+01
1.021790793990058255e+01
8.740387444736633427e+00
5.411516379806009525e+00
1.021790793990058255e+01
1.105581278308273596e+01
1.194164264288369282e+01
1.070474469691662733e+01
1.117038385124011413e+01
1.178062436274634450e+01
1.117038385124011413e+01
1.372732503515539548e+01
7.225151993843566878e+00
5.753627391751591880e+00
1.496964127403822076e+01
8.136857890256438353e+00
4.222008245644752300e+00
1.009253008808064145e+01
5.527906391541367981e+00
1.349345229721172146e+01
6.675581178124545545e+00
1.117038385124011413e+01
8.136857890256438353e+00
1.099807968464679142e+01
8.593479713983121826e+00
1.246335526484300615e+01
1.330339418036568588e+01
1.128379167095512514e+01
9.027033336764100468e+00
6.076507779746498805e+00
1.134007028277388685e+01
1.134007028277388685e+01
1.251433034574463399e+01
1.058513485680245481e+01
6.863662517577697741e+00
1.422831991532699902e+01
1.105581278308273596e+01
6.076507779746498805e+00
1.241217083805063837e+01
8.291859587312051971e+00
1.538904010394216471e+01
9.965574970333758387e+00
8.291859587312051971e+00
9.373021315815206478e+00
1.349345229721172146e+01
8.291859587312051971e+00
1.358748446131948917e+01
5.527906391541367981e+00
1.058513485680245481e+01
9.706684619910241452e+00
1.386575534383213970e+01
9.965574970333758387e+00
1.194164264288369282e+01
4.068428945128219176e+00
5.046265044040320724e+00
8.740387444736633427e+00
9.901487006738307173e+00
1.349345229721172146e+01
1.436192209445157708e+01
1.236077446474206631e+01
1.161737456321036532e+01
1.436192209445157708e+01
9.507891862878782518e+00
9.507891862878782518e+00
1.220528683538465842e+01
1.513879513212096128e+01
6.180387232371033157e+00
1.058513485680245481e+01
8.884866446580955923e+00
1.058513485680245481e+01
1.204779266504070279e+01
8.214724333230154940e+00
8.291859587312051971e+00
7.312732791431452384e+00
7.136496464611084889e+00
7.225151993843566878e+00
6.282549314314217703e+00
9.236181543108379799e+00
7.136496464611084889e+00
1.409345127989185542e+01
3.568248232305542444e+00
1.178062436274634450e+01
7.399277020331918919e+00
1.199483507827737583e+01
1.117038385124011413e+01
1.466892917224166482e+01
1.178062436274634450e+01
1.215301555949299761e+01
1.058513485680245481e+01
1.058513485680245481e+01
1.199483507827737583e+01
1.225733520300188317e+01
1.241217083805063837e+01
1.418350619798065715e+01
1.117038385124011413e+01
9.373021315815206478e+00
9.901487006738307173e+00
