1.145179781116143225e+01
6.383076486422923246e+00
9.373021315815206478e+00
6.180387232371033157e+00
4.652426491681278087e+00
6.863662517577697741e+00
8.740387444736633427e+00
1.296408962885714899e+01
7.569397566060480642e+00
7.817640190446718762e+00
8.884866446580955923e+00
1.046415791390898242e+01
1.183454054540639433e+01
4.918490759365934828e+00
8.740387444736633427e+00
9.965574970333758387e+00
9.373021315815206478e+00
1.021790793990058255e+01
9.304852983362556174e+00
4.222008245644752300e+00
6.383076486422923246e+00
8.740387444736633427e+00
7.817640190446718762e+00
5.292567428401227403e+00
4.918490759365934828e+00
8.884866446580955923e+00
1.400281721259029588e+01
1.058513485680245481e+01
1.117038385124011413e+01
7.312732791431452384e+00
1.330339418036568588e+01
6.863662517577697741e+00
1.386575534383213970e+01
1.009253008808064145e+01
9.236181543108379799e+00
1.058513485680245481e+01
8.812923024107547576e+00
1.210051848659980855e+01
1.058513485680245481e+01
5.753627391751591880e+00
1.117038385124011413e+01
1.276615297284584649e+01
7.898654169668588132e+00
5.641895835477562571e+00
9.373021315815206478e+00
8.956231982162769611e+00
1.178062436274634450e+01
1.046415791390898242e+01
9.507891862878782518e+00
1.261566261010080048e+01
1.015541250385961369e+01
8.740387444736633427e+00
6.383076486422923246e+00
9.836981518731869656e+00
1.111324596323282954e+01
1.178062436274634450e+01
1.046415791390898242e+01
1.117038385124011413e+01
1.178062436274634450e+01
1.099807968464679142e+01
1.339876023397903637e+01
7.225151993843566878e+00
6.955796338302048021e+00
1.128379167095512559e+00
1.466892917224166482e+01
8.136857890256438353e+00
5.753627391751591880e+00
9.965574970333758387e+00
6.579524642479540830e+00
1.311058116710494836e+01
6.770275002573075795e+00
1.117038385124011413e+01
8.136857890256438353e+00
1.082303275961201905e+01
8.593479713983121826e+00
1.241217083805063837e+01
1.281592373849173683e+01
1.117038385124011413e+01
9.166995688475081394e+00
6.863662517577697741e+00
4.513516668382050234e+00
1.117038385124011413e+01
1.117038385124011413e+01
1.241217083805063837e+01
1.046415791390898242e+01
7.484820637019110379e+00
1.404820733880128181e+01
6.383076486422923246e+00
1.070474469691662733e+01
1.225733520300188317e+01
8.291859587312051971e+00
1.518078909665319287e+01
9.965574970333758387e+00
8.740387444736633427e+00
9.373021315815206478e+00
1.301310337505149661e+01
8.136857890256438353e+00
1.339876023397903637e+01
6.282549314314217703e+00
1.034176589165282145e+01
9.901487006738307173e+00
1.368087033328175828e+01
9.706684619910241452e+00
1.178062436274634450e+01
6.282549314314217703e+00
8.740387444736633427e+00
9.965574970333758387e+00
1.325545386523797831e+01
1.395727947504383337e+01
1.204779266504070279e+01
1.117038385124011413e+01
1.422831991532699902e+01
9.507891862878782518e+00
9.440697438826296306e+00
1.210051848659980855e+01
1.496964127403822076e+01
6.770275002573075795e+00
1.058513485680245481e+01
8.884866446580955923e+00
1.064510777218481152e+01
1.178062436274634450e+01
8.291859587312051971e+00
7.569397566060480642e+00
7.569397566060480642e+00
7.399277020331918919e+00
6.770275002573075795e+00
9.027033336764100468e+00
7.225151993843566878e+00
5.641895835477562571e+00
1.368087033328175828e+01
1.178062436274634450e+01
7.898654169668588132e+00
1.178062436274634450e+01
1.117038385124011413e+01
1.436192209445157708e+01
1.178062436274634450e+01
1.210051848659980855e+01
1.058513485680245481e+01
1.058513485680245481e+01
1.199483507827737583e+01
1.215301555949299761e+01
1.220528683538465842e+01
1.409345127989185542e+01
1.117038385124011413e+01
9.373021315815206478e+00
9.836981518731869656e+00
