9.373021315815206478e+00
7.312732791431452384e+00
1.534761596392107741e+01
1.579730833933717626e+01
9.772050238058398008e+00
1.117038385124011413e+01
1.296408962885714899e+01
1.236077446474206631e+01
8.593479713983121826e+00
8.519075891779829490e+00
6.863662517577697741e+00
9.373021315815206478e+00
1.358748446131948917e+01
1.599753570059363028e+01
8.667244841319218907e+00
1.058513485680245481e+01
1.530607971465162365e+01
1.595769121605730767e+01
1.150725478350318376e+01
7.484820637019110379e+00
1.139607097042601680e+01
9.965574970333758387e+00
1.471226436021925466e+01
1.046415791390898242e+01
1.167204486311898926e+01
1.372732503515539548e+01
9.373021315815206478e+00
9.236181543108379799e+00
1.183454054540639433e+01
1.150725478350318376e+01
1.178062436274634450e+01
1.418350619798065715e+01
7.312732791431452384e+00
4.222008245644752300e+00
1.236077446474206631e+01
1.082303275961201905e+01
1.575695754970980111e+01
1.117038385124011413e+01
1.291488987023529766e+01
1.230916348999737586e+01
1.178062436274634450e+01
1.427299292922216978e+01
1.579730833933717626e+01
1.117038385124011413e+01
1.422831991532699902e+01
1.178062436274634450e+01
9.373021315815206478e+00
1.094004191971426110e+01
1.650676414605009157e+01
1.276615297284584649e+01
1.377362305878664728e+01
7.225151993843566878e+00
1.178062436274634450e+01
1.236077446474206631e+01
1.339876023397903637e+01
1.105581278308273596e+01
1.488434347843123184e+01
1.111324596323282954e+01
1.296408962885714899e+01
7.817640190446718762e+00
1.635176762293251684e+01
9.965574970333758387e+00
9.166995688475081394e+00
1.479855404066383784e+01
8.136857890256438353e+00
1.386575534383213970e+01
1.058513485680245481e+01
1.526443044094783019e+01
9.373021315815206478e+00
9.901487006738307173e+00
1.372732503515539548e+01
4.513516668382050234e+00
9.373021315815206478e+00
1.436192209445157708e+01
1.563528038089343752e+01
1.286550196516137312e+01
1.395727947504383337e+01
1.587770228520368221e+01
9.965574970333758387e+00
8.884866446580955923e+00
1.236077446474206631e+01
1.688803298257900920e+01
1.058513485680245481e+01
6.675581178124545545e+00
1.105581278308273596e+01
1.315904928495908166e+01
5.641895835477562571e+00
8.291859587312051971e+00
1.635176762293251684e+01
5.170882945826410726e+00
1.215301555949299761e+01
1.471226436021925466e+01
1.413855043925722121e+01
1.658371917462410394e+01
1.178062436274634450e+01
1.236077446474206631e+01
1.058513485680245481e+01
1.040314189572019821e+01
1.236077446474206631e+01
1.306193320280393344e+01
1.286550196516137312e+01
1.579730833933717626e+01
1.117038385124011413e+01
8.368283871884004910e+00
9.836981518731869656e+00
