1.339876023397903637e+01
9.373021315815206478e+00
8.058239062071395509e+00
1.484151074652385738e+01
1.488434347843123184e+01
9.965574970333758387e+00
1.094004191971426110e+01
1.256509862862843541e+01
5.527906391541367981e+00
1.215301555949299761e+01
8.740387444736633427e+00
8.740387444736633427e+00
7.978845608028653835e+00
9.373021315815206478e+00
4.370193722368316713e+00
1.320733953636073110e+01
1.567594437773643001e+01
8.740387444736633427e+00
1.058513485680245481e+01
1.492705330360461602e+01
1.579730833933717626e+01
1.117038385124011413e+01
8.667244841319218907e+00
1.139607097042601680e+01
9.574614729634383536e+00
1.422831991532699902e+01
1.058513485680245481e+01
1.156244577056221523e+01
1.330339418036568588e+01
5.170882945826410726e+00
9.373021315815206478e+00
9.166995688475081394e+00
1.172646028567007725e+01
1.178062436274634450e+01
1.368087033328175828e+01
1.070474469691662733e+01
8.291859587312051971e+00
6.863662517577697741e+00
1.225733520300188317e+01
1.082303275961201905e+01
1.479855404066383784e+01
1.117038385124011413e+01
1.236077446474206631e+01
1.215301555949299761e+01
1.178062436274634450e+01
1.413855043925722121e+01
1.563528038089343752e+01
4.513516668382050234e+00
1.117038385124011413e+01
1.409345127989185542e+01
1.161737456321036532e+01
9.166995688475081394e+00
5.753627391751591880e+00
1.099807968464679142e+01
1.281592373849173683e+01
1.354055000514615159e+01
1.547155565579009817e+01
8.136857890256438353e+00
1.178062436274634450e+01
1.225733520300188317e+01
1.276615297284584649e+01
1.058513485680245481e+01
1.471226436021925466e+01
1.117038385124011413e+01
1.296408962885714899e+01
8.593479713983121826e+00
1.599753570059363028e+01
9.965574970333758387e+00
9.373021315815206478e+00
5.753627391751591880e+00
1.479855404066383784e+01
8.136857890256438353e+00
1.386575534383213970e+01
1.058513485680245481e+01
1.462546558286290477e+01
9.373021315815206478e+00
9.965574970333758387e+00
1.325545386523797831e+01
6.955796338302048021e+00
9.373021315815206478e+00
1.422831991532699902e+01
1.543035303761632804e+01
1.266602473693425601e+01
1.368087033328175828e+01
1.538904010394216471e+01
9.304852983362556174e+00
9.640875829802336483e+00
1.230916348999737586e+01
1.623454913941802857e+01
1.058513485680245481e+01
8.058239062071395509e+00
1.070474469691662733e+01
1.241217083805063837e+01
7.225151993843566878e+00
5.753627391751591880e+00
5.170882945826410726e+00
2.985410660720923204e+00
8.740387444736633427e+00
6.383076486422923246e+00
1.571650316319191809e+01
1.178062436274634450e+01
1.395727947504383337e+01
1.301310337505149661e+01
4.918490759365934828e+00
1.583755632390385770e+01
1.178062436274634450e+01
1.236077446474206631e+01
1.058513485680245481e+01
1.058513485680245481e+01
1.236077446474206631e+01
1.286550196516137312e+01
1.286550196516137312e+01
1.555363345008750464e+01
1.117038385124011413e+01
8.812923024107547576e+00
9.965574970333758387e+00
