1.330339418036568588e+01
4.222008245644752300e+00
9.373021315815206478e+00
8.136857890256438353e+00
1.462546558286290477e+01
1.440618081907316395e+01
9.965574970333758387e+00
1.076405121554611632e+01
1.210051848659980855e+01
6.579524642479540830e+00
1.204779266504070279e+01
8.740387444736633427e+00
8.593479713983121826e+00
8.812923024107547576e+00
9.373021315815206478e+00
5.753627391751591880e+00
1.306193320280393344e+01
1.551264883747923129e+01
8.884866446580955923e+00
1.058513485680245481e+01
1.475547227809780537e+01
1.567594437773643001e+01
1.117038385124011413e+01
9.027033336764100468e+00
1.134007028277388685e+01
9.373021315815206478e+00
1.395727947504383337e+01
1.058513485680245481e+01
1.150725478350318376e+01
1.315904928495908166e+01
6.076507779746498805e+00
9.373021315815206478e+00
9.236181543108379799e+00
1.167204486311898926e+01
1.178062436274634450e+01
8.812923024107547576e+00
1.354055000514615159e+01
1.058513485680245481e+01
7.225151993843566878e+00
1.225733520300188317e+01
1.082303275961201905e+01
1.409345127989185542e+01
1.117038385124011413e+01
1.225733520300188317e+01
1.215301555949299761e+01
1.178062436274634450e+01
1.400281721259029588e+01
1.547155565579009817e+01
3.742410318509555189e+00
6.383076486422923246e+00
1.117038385124011413e+01
1.400281721259029588e+01
1.156244577056221523e+01
2.985410660720923204e+00
6.770275002573075795e+00
1.105581278308273596e+01
8.593479713983121826e+00
1.281592373849173683e+01
1.522266721510391640e+01
1.311058116710494836e+01
8.444016491289504600e+00
1.178062436274634450e+01
1.210051848659980855e+01
1.276615297284584649e+01
1.058513485680245481e+01
1.453814859003845150e+01
1.117038385124011413e+01
1.296408962885714899e+01
8.593479713983121826e+00
1.591774699517169012e+01
9.965574970333758387e+00
9.373021315815206478e+00
6.770275002573075795e+00
1.471226436021925466e+01
8.291859587312051971e+00
1.381976597885341995e+01
1.052482020710848865e+01
9.373021315815206478e+00
1.449429283826230197e+01
9.965574970333758387e+00
1.301310337505149661e+01
7.046725639945927711e+00
9.373021315815206478e+00
1.418350619798065715e+01
1.534761596392107741e+01
1.256509862862843541e+01
1.368087033328175828e+01
1.513879513212096128e+01
9.373021315815206478e+00
9.574614729634383536e+00
1.225733520300188317e+01
1.591774699517169012e+01
1.058513485680245481e+01
8.058239062071395509e+00
1.070474469691662733e+01
1.236077446474206631e+01
7.569397566060480642e+00
6.383076486422923246e+00
5.527906391541367981e+00
5.046265044040320724e+00
8.740387444736633427e+00
6.579524642479540830e+00
1.547155565579009817e+01
1.178062436274634450e+01
1.377362305878664728e+01
1.261566261010080048e+01
5.863230142835038627e+00
1.551264883747923129e+01
1.178062436274634450e+01
1.236077446474206631e+01
1.058513485680245481e+01
1.058513485680245481e+01
1.236077446474206631e+01
1.281592373849173683e+01
1.286550196516137312e+01
1.522266721510391640e+01
1.117038385124011413e+01
8.812923024107547576e+00
9.965574970333758387e+00
