1.291488987023529766e+01
6.770275002573075795e+00
9.373021315815206478e+00
4.787307364817191768e+00
8.136857890256438353e+00
1.368087033328175828e+01
6.180387232371033157e+00
7.484820637019110379e+00
9.965574970333758387e+00
1.058513485680245481e+01
1.094004191971426110e+01
1.354055000514615159e+01
1.172646028567007725e+01
8.740387444736633427e+00
9.097283682934460103e+00
9.236181543108379799e+00
8.884866446580955923e+00
6.955796338302048021e+00
1.271618740744904485e+01
1.509668435477122017e+01
9.027033336764100468e+00
1.058513485680245481e+01
1.413855043925722121e+01
4.652426491681278087e+00
1.526443044094783019e+01
1.117038385124011413e+01
9.166995688475081394e+00
1.117038385124011413e+01
9.027033336764100468e+00
1.349345229721172146e+01
1.058513485680245481e+01
1.117038385124011413e+01
1.296408962885714899e+01
7.225151993843566878e+00
9.507891862878782518e+00
9.373021315815206478e+00
1.167204486311898926e+01
1.178062436274634450e+01
9.373021315815206478e+00
1.325545386523797831e+01
1.034176589165282145e+01
7.978845608028653835e+00
1.215301555949299761e+01
1.088169461344923583e+01
1.286550196516137312e+01
1.117038385124011413e+01
1.178062436274634450e+01
1.194164264288369282e+01
1.178062436274634450e+01
1.386575534383213970e+01
6.076507779746498805e+00
1.530607971465162365e+01
7.484820637019110379e+00
1.099807968464679142e+01
1.391159267660409604e+01
6.076507779746498805e+00
7.735777827895049086e+00
1.145179781116143225e+01
1.099807968464679142e+01
8.444016491289504600e+00
1.281592373849173683e+01
1.431752655671925822e+01
1.256509862862843541e+01
8.740387444736633427e+00
1.167204486311898926e+01
1.178062436274634450e+01
1.276615297284584649e+01
1.058513485680245481e+01
4.370193722368316713e+00
1.440618081907316395e+01
1.122723095552866468e+01
1.286550196516137312e+01
8.593479713983121826e+00
1.571650316319191809e+01
9.965574970333758387e+00
7.569397566060480642e+00
9.373021315815206478e+00
1.458187244392064308e+01
8.444016491289504600e+00
1.368087033328175828e+01
1.058513485680245481e+01
9.440697438826296306e+00
1.440618081907316395e+01
9.965574970333758387e+00
1.256509862862843541e+01
8.136857890256438353e+00
9.772050238058398008e+00
1.391159267660409604e+01
1.501210842680413826e+01
1.236077446474206631e+01
1.306193320280393344e+01
1.488434347843123184e+01
9.507891862878782518e+00
9.373021315815206478e+00
1.225733520300188317e+01
1.543035303761632804e+01
1.058513485680245481e+01
4.222008245644752300e+00
8.291859587312051971e+00
1.058513485680245481e+01
1.236077446474206631e+01
7.978845608028653835e+00
7.484820637019110379e+00
6.675581178124545545e+00
6.282549314314217703e+00
6.282549314314217703e+00
9.027033336764100468e+00
6.955796338302048021e+00
1.479855404066383784e+01
1.178062436274634450e+01
1.315904928495908166e+01
7.046725639945927711e+00
1.194164264288369282e+01
1.492705330360461602e+01
1.178062436274634450e+01
1.230916348999737586e+01
1.058513485680245481e+01
1.058513485680245481e+01
1.230916348999737586e+01
1.271618740744904485e+01
1.271618740744904485e+01
1.462546558286290477e+01
1.117038385124011413e+01
9.373021315815206478e+00
9.965574970333758387e+00
