1.344618962205996482e+01
9.373021315815206478e+00
7.978845608028653835e+00
1.492705330360461602e+01
1.505445578434700415e+01
9.965574970333758387e+00
1.094004191971426110e+01
1.266602473693425601e+01
1.220528683538465842e+01
8.740387444736633427e+00
4.787307364817191768e+00
8.740387444736633427e+00
7.817640190446718762e+00
9.373021315815206478e+00
3.385137501286537898e+00
1.325545386523797831e+01
1.575695754970980111e+01
8.740387444736633427e+00
1.058513485680245481e+01
1.496964127403822076e+01
1.579730833933717626e+01
1.117038385124011413e+01
8.667244841319218907e+00
1.145179781116143225e+01
9.574614729634383536e+00
1.422831991532699902e+01
1.058513485680245481e+01
1.156244577056221523e+01
1.339876023397903637e+01
4.513516668382050234e+00
9.373021315815206478e+00
9.166995688475081394e+00
1.172646028567007725e+01
1.076405121554611632e+01
1.178062436274634450e+01
1.377362305878664728e+01
8.136857890256438353e+00
6.579524642479540830e+00
1.225733520300188317e+01
1.082303275961201905e+01
1.501210842680413826e+01
1.117038385124011413e+01
1.236077446474206631e+01
1.215301555949299761e+01
1.178062436274634450e+01
1.413855043925722121e+01
1.571650316319191809e+01
3.742410318509555189e+00
1.117038385124011413e+01
1.409345127989185542e+01
1.172646028567007725e+01
9.236181543108379799e+00
5.641895835477562571e+00
1.099807968464679142e+01
1.281592373849173683e+01
1.363425735166143049e+01
1.559451034962034477e+01
8.136857890256438353e+00
1.178062436274634450e+01
1.230916348999737586e+01
1.281592373849173683e+01
1.058513485680245481e+01
1.471226436021925466e+01
1.117038385124011413e+01
1.296408962885714899e+01
8.444016491289504600e+00
1.607692842495848140e+01
9.965574970333758387e+00
9.304852983362556174e+00
5.753627391751591880e+00
1.479855404066383784e+01
8.136857890256438353e+00
1.386575534383213970e+01
1.058513485680245481e+01
1.475547227809780537e+01
9.373021315815206478e+00
9.965574970333758387e+00
1.325545386523797831e+01
6.770275002573075795e+00
9.373021315815206478e+00
1.427299292922216978e+01
1.543035303761632804e+01
1.271618740744904485e+01
1.372732503515539548e+01
1.538904010394216471e+01
9.304852983362556174e+00
9.640875829802336483e+00
1.230916348999737586e+01
1.631278838364701755e+01
1.058513485680245481e+01
7.898654169668588132e+00
1.070474469691662733e+01
1.251433034574463399e+01
7.225151993843566878e+00
5.292567428401227403e+00
5.046265044040320724e+00
8.740387444736633427e+00
6.383076486422923246e+00
1.583755632390385770e+01
1.178062436274634450e+01
1.409345127989185542e+01
1.344618962205996482e+01
4.370193722368316713e+00
1.591774699517169012e+01
1.178062436274634450e+01
1.236077446474206631e+01
1.058513485680245481e+01
1.058513485680245481e+01
1.236077446474206631e+01
1.286550196516137312e+01
1.296408962885714899e+01
1.555363345008750464e+01
1.117038385124011413e+01
8.812923024107547576e+00
9.965574970333758387e+00
