9.373021315815206478e+00
6.863662517577697741e+00
1.551264883747923129e+01
1.587770228520368221e+01
9.440697438826296306e+00
1.117038385124011413e+01
1.296408962885714899e+01
1.246335526484300615e+01
8.593479713983121826e+00
8.214724333230154940e+00
5.292567428401227403e+00
9.166995688475081394e+00
1.377362305878664728e+01
1.603728119216292924e+01
8.214724333230154940e+00
1.034176589165282145e+01
1.547155565579009817e+01
1.611647812414279102e+01
1.150725478350318376e+01
1.150725478350318376e+01
6.770275002573075795e+00
9.965574970333758387e+00
1.492705330360461602e+01
1.046415791390898242e+01
1.404820733880128181e+01
1.204779266504070279e+01
9.166995688475081394e+00
9.166995688475081394e+00
1.183454054540639433e+01
1.156244577056221523e+01
1.178062436274634450e+01
1.422831991532699902e+01
6.383076486422923246e+00
1.236077446474206631e+01
1.082303275961201905e+01
1.591774699517169012e+01
1.117038385124011413e+01
1.335116235624909109e+01
1.236077446474206631e+01
1.178062436274634450e+01
1.431752655671925822e+01
1.583755632390385770e+01
1.117038385124011413e+01
1.427299292922216978e+01
1.178062436274634450e+01
9.097283682934460103e+00
1.082303275961201905e+01
1.666031874701878124e+01
1.276615297284584649e+01
1.395727947504383337e+01
6.863662517577697741e+00
1.178062436274634450e+01
1.261566261010080048e+01
1.354055000514615159e+01
1.128379167095512514e+01
1.492705330360461602e+01
1.111324596323282954e+01
1.296408962885714899e+01
7.312732791431452384e+00
1.642944866646030988e+01
9.965574970333758387e+00
9.097283682934460103e+00
1.488434347843123184e+01
7.898654169668588132e+00
1.391159267660409604e+01
1.058513485680245481e+01
1.530607971465162365e+01
9.507891862878782518e+00
9.772050238058398008e+00
1.391159267660409604e+01
9.166995688475081394e+00
1.436192209445157708e+01
1.599753570059363028e+01
1.320733953636073110e+01
1.422831991532699902e+01
1.607692842495848140e+01
9.965574970333758387e+00
8.740387444736633427e+00
1.230916348999737586e+01
1.722396045987370883e+01
1.058513485680245481e+01
5.527906391541367981e+00
1.117038385124011413e+01
1.325545386523797831e+01
2.985410660720923204e+00
7.735777827895049086e+00
1.673656774376800982e+01
1.215301555949299761e+01
1.509668435477122017e+01
1.422831991532699902e+01
1.688803298257900920e+01
1.178062436274634450e+01
1.236077446474206631e+01
1.058513485680245481e+01
1.028002345391383443e+01
1.236077446474206631e+01
1.306193320280393344e+01
1.286550196516137312e+01
1.591774699517169012e+01
1.117038385124011413e+01
7.898654169668588132e+00
9.772050238058398008e+00
