9.373021315815206478e+00
6.955796338302048021e+00
1.538904010394216471e+01
1.579730833933717626e+01
9.772050238058398008e+00
1.117038385124011413e+01
1.296408962885714899e+01
1.236077446474206631e+01
8.519075891779829490e+00
8.368283871884004910e+00
6.482044814428574497e+00
9.373021315815206478e+00
1.358748446131948917e+01
1.599753570059363028e+01
8.667244841319218907e+00
1.052482020710848865e+01
1.530607971465162365e+01
1.595769121605730767e+01
1.150725478350318376e+01
7.312732791431452384e+00
1.139607097042601680e+01
9.965574970333758387e+00
1.475547227809780537e+01
1.046415791390898242e+01
1.172646028567007725e+01
1.381976597885341995e+01
9.373021315815206478e+00
9.236181543108379799e+00
1.183454054540639433e+01
1.150725478350318376e+01
1.178062436274634450e+01
1.418350619798065715e+01
7.136496464611084889e+00
2.256758334191025117e+00
1.236077446474206631e+01
1.082303275961201905e+01
1.575695754970980111e+01
1.117038385124011413e+01
1.311058116710494836e+01
1.236077446474206631e+01
1.178062436274634450e+01
1.431752655671925822e+01
1.583755632390385770e+01
1.117038385124011413e+01
1.422831991532699902e+01
1.178062436274634450e+01
9.373021315815206478e+00
1.094004191971426110e+01
1.654528640181426269e+01
1.276615297284584649e+01
1.377362305878664728e+01
7.225151993843566878e+00
1.178062436274634450e+01
1.246335526484300615e+01
1.344618962205996482e+01
1.111324596323282954e+01
1.488434347843123184e+01
1.111324596323282954e+01
1.296408962885714899e+01
7.653039857325811823e+00
1.635176762293251684e+01
9.965574970333758387e+00
9.097283682934460103e+00
1.488434347843123184e+01
8.136857890256438353e+00
1.386575534383213970e+01
1.058513485680245481e+01
1.530607971465162365e+01
9.373021315815206478e+00
9.901487006738307173e+00
1.381976597885341995e+01
3.908820095223359381e+00
9.373021315815206478e+00
1.436192209445157708e+01
1.571650316319191809e+01
1.286550196516137312e+01
1.409345127989185542e+01
1.587770228520368221e+01
9.965574970333758387e+00
8.740387444736633427e+00
1.236077446474206631e+01
1.696325844612841038e+01
1.058513485680245481e+01
6.482044814428574497e+00
1.105581278308273596e+01
1.320733953636073110e+01
5.170882945826410726e+00
8.214724333230154940e+00
1.639065416446577927e+01
4.652426491681278087e+00
1.215301555949299761e+01
1.488434347843123184e+01
1.413855043925722121e+01
1.666031874701878124e+01
1.178062436274634450e+01
1.236077446474206631e+01
1.058513485680245481e+01
1.034176589165282145e+01
1.236077446474206631e+01
1.311058116710494836e+01
1.286550196516137312e+01
1.579730833933717626e+01
1.117038385124011413e+01
8.214724333230154940e+00
9.772050238058398008e+00
