9.373021315815206478e+00
6.863662517577697741e+00
1.551264883747923129e+01
1.587770228520368221e+01
9.574614729634383536e+00
1.117038385124011413e+01
1.296408962885714899e+01
1.236077446474206631e+01
8.593479713983121826e+00
8.291859587312051971e+00
5.411516379806009525e+00
9.236181543108379799e+00
1.368087033328175828e+01
1.599753570059363028e+01
8.291859587312051971e+00
1.040314189572019821e+01
1.547155565579009817e+01
1.607692842495848140e+01
1.150725478350318376e+01
1.150725478350318376e+01
6.955796338302048021e+00
9.965574970333758387e+00
1.492705330360461602e+01
1.046415791390898242e+01
1.199483507827737583e+01
1.395727947504383337e+01
9.304852983362556174e+00
9.236181543108379799e+00
1.183454054540639433e+01
1.156244577056221523e+01
1.178062436274634450e+01
1.418350619798065715e+01
6.770275002573075795e+00
1.236077446474206631e+01
1.082303275961201905e+01
1.583755632390385770e+01
1.117038385124011413e+01
1.330339418036568588e+01
1.236077446474206631e+01
1.178062436274634450e+01
1.431752655671925822e+01
1.583755632390385770e+01
1.117038385124011413e+01
1.422831991532699902e+01
1.178062436274634450e+01
9.166995688475081394e+00
1.088169461344923583e+01
1.666031874701878124e+01
1.276615297284584649e+01
1.386575534383213970e+01
6.955796338302048021e+00
1.178062436274634450e+01
1.256509862862843541e+01
1.354055000514615159e+01
1.128379167095512514e+01
1.492705330360461602e+01
1.111324596323282954e+01
1.296408962885714899e+01
7.484820637019110379e+00
1.642944866646030988e+01
9.965574970333758387e+00
9.097283682934460103e+00
1.488434347843123184e+01
8.136857890256438353e+00
1.391159267660409604e+01
1.058513485680245481e+01
1.530607971465162365e+01
9.373021315815206478e+00
9.772050238058398008e+00
1.381976597885341995e+01
9.236181543108379799e+00
1.436192209445157708e+01
1.591774699517169012e+01
1.315904928495908166e+01
1.422831991532699902e+01
1.599753570059363028e+01
9.965574970333758387e+00
8.740387444736633427e+00
1.236077446474206631e+01
1.718695942796624365e+01
1.058513485680245481e+01
6.180387232371033157e+00
1.117038385124011413e+01
1.335116235624909109e+01
4.222008245644752300e+00
7.817640190446718762e+00
1.666031874701878124e+01
2.523132522020160362e+00
1.215301555949299761e+01
1.501210842680413826e+01
1.418350619798065715e+01
1.673656774376800982e+01
1.178062436274634450e+01
1.236077446474206631e+01
1.058513485680245481e+01
1.028002345391383443e+01
1.236077446474206631e+01
1.306193320280393344e+01
1.286550196516137312e+01
1.591774699517169012e+01
1.117038385124011413e+01
7.898654169668588132e+00
9.772050238058398008e+00
