1.330339418036568588e+01
4.787307364817191768e+00
9.373021315815206478e+00
8.136857890256438353e+00
1.436192209445157708e+01
1.422831991532699902e+01
1.009253008808064145e+01
1.082303275961201905e+01
1.178062436274634450e+01
3.191538243211461623e+00
6.770275002573075795e+00
1.204779266504070279e+01
8.740387444736633427e+00
8.667244841319218907e+00
8.884866446580955923e+00
9.373021315815206478e+00
5.753627391751591880e+00
1.301310337505149661e+01
1.543035303761632804e+01
8.884866446580955923e+00
1.058513485680245481e+01
1.471226436021925466e+01
1.559451034962034477e+01
1.117038385124011413e+01
9.097283682934460103e+00
1.134007028277388685e+01
9.373021315815206478e+00
1.386575534383213970e+01
1.058513485680245481e+01
1.150725478350318376e+01
1.315904928495908166e+01
6.282549314314217703e+00
9.373021315815206478e+00
9.236181543108379799e+00
1.167204486311898926e+01
1.178062436274634450e+01
8.812923024107547576e+00
1.344618962205996482e+01
1.058513485680245481e+01
7.399277020331918919e+00
1.225733520300188317e+01
1.082303275961201905e+01
1.386575534383213970e+01
1.117038385124011413e+01
1.220528683538465842e+01
1.204779266504070279e+01
1.178062436274634450e+01
1.395727947504383337e+01
1.538904010394216471e+01
4.222008245644752300e+00
6.383076486422923246e+00
1.117038385124011413e+01
1.400281721259029588e+01
1.156244577056221523e+01
3.908820095223359381e+00
6.955796338302048021e+00
1.105581278308273596e+01
8.593479713983121826e+00
1.281592373849173683e+01
1.518078909665319287e+01
1.301310337505149661e+01
8.444016491289504600e+00
1.172646028567007725e+01
1.210051848659980855e+01
1.276615297284584649e+01
1.058513485680245481e+01
1.445030398768713376e+01
1.122723095552866468e+01
1.296408962885714899e+01
8.740387444736633427e+00
1.587770228520368221e+01
9.965574970333758387e+00
9.373021315815206478e+00
6.955796338302048021e+00
1.471226436021925466e+01
8.368283871884004910e+00
1.381976597885341995e+01
1.052482020710848865e+01
9.373021315815206478e+00
1.449429283826230197e+01
9.965574970333758387e+00
1.296408962885714899e+01
7.312732791431452384e+00
9.373021315815206478e+00
1.404820733880128181e+01
1.534761596392107741e+01
1.256509862862843541e+01
1.363425735166143049e+01
1.513879513212096128e+01
9.507891862878782518e+00
9.440697438826296306e+00
1.225733520300188317e+01
1.591774699517169012e+01
1.058513485680245481e+01
8.214724333230154940e+00
1.070474469691662733e+01
1.236077446474206631e+01
7.653039857325811823e+00
6.579524642479540830e+00
5.753627391751591880e+00
5.170882945826410726e+00
3.568248232305542444e+00
8.740387444736633427e+00
6.863662517577697741e+00
1.534761596392107741e+01
1.178062436274634450e+01
1.377362305878664728e+01
1.241217083805063837e+01
6.383076486422923246e+00
1.547155565579009817e+01
1.178062436274634450e+01
1.236077446474206631e+01
1.058513485680245481e+01
1.058513485680245481e+01
1.236077446474206631e+01
1.286550196516137312e+01
1.276615297284584649e+01
1.513879513212096128e+01
1.117038385124011413e+01
8.812923024107547576e+00
9.965574970333758387e+00
