1.099807968464679142e+01
6.579524642479540830e+00
6.675581178124545545e+00
9.373021315815206478e+00
6.076507779746498805e+00
6.863662517577697741e+00
8.740387444736633427e+00
1.261566261010080048e+01
7.569397566060480642e+00
7.817640190446718762e+00
6.076507779746498805e+00
8.740387444736633427e+00
1.021790793990058255e+01
1.167204486311898926e+01
8.740387444736633427e+00
9.901487006738307173e+00
9.373021315815206478e+00
9.965574970333758387e+00
9.304852983362556174e+00
5.527906391541367981e+00
6.955796338302048021e+00
8.444016491289504600e+00
7.898654169668588132e+00
6.482044814428574497e+00
5.863230142835038627e+00
8.956231982162769611e+00
1.335116235624909109e+01
1.058513485680245481e+01
1.099807968464679142e+01
7.653039857325811823e+00
1.296408962885714899e+01
7.312732791431452384e+00
1.358748446131948917e+01
9.901487006738307173e+00
9.097283682934460103e+00
1.040314189572019821e+01
8.740387444736633427e+00
1.178062436274634450e+01
6.383076486422923246e+00
1.052482020710848865e+01
1.117038385124011413e+01
1.266602473693425601e+01
4.918490759365934828e+00
7.978845608028653835e+00
3.908820095223359381e+00
6.482044814428574497e+00
9.373021315815206478e+00
8.519075891779829490e+00
1.178062436274634450e+01
1.015541250385961369e+01
9.507891862878782518e+00
1.167204486311898926e+01
1.002925341359354938e+01
8.740387444736633427e+00
6.863662517577697741e+00
9.507891862878782518e+00
1.117038385124011413e+01
1.178062436274634450e+01
9.836981518731869656e+00
1.117038385124011413e+01
1.178062436274634450e+01
1.040314189572019821e+01
5.292567428401227403e+00
1.335116235624909109e+01
7.225151993843566878e+00
7.225151993843566878e+00
4.918490759365934828e+00
1.427299292922216978e+01
8.444016491289504600e+00
6.579524642479540830e+00
7.225151993843566878e+00
9.507891862878782518e+00
1.286550196516137312e+01
6.863662517577697741e+00
1.117038385124011413e+01
8.136857890256438353e+00
1.076405121554611632e+01
8.740387444736633427e+00
1.230916348999737586e+01
1.256509862862843541e+01
1.094004191971426110e+01
9.236181543108379799e+00
7.225151993843566878e+00
5.970821321441846408e+00
1.117038385124011413e+01
1.117038385124011413e+01
1.241217083805063837e+01
1.034176589165282145e+01
7.817640190446718762e+00
1.400281721259029588e+01
6.955796338302048021e+00
1.058513485680245481e+01
1.220528683538465842e+01
8.291859587312051971e+00
1.509668435477122017e+01
9.965574970333758387e+00
8.740387444736633427e+00
9.507891862878782518e+00
1.251433034574463399e+01
8.136857890256438353e+00
1.339876023397903637e+01
7.046725639945927711e+00
1.021790793990058255e+01
9.901487006738307173e+00
1.339876023397903637e+01
9.507891862878782518e+00
1.167204486311898926e+01
7.046725639945927711e+00
9.027033336764100468e+00
9.965574970333758387e+00
1.281592373849173683e+01
1.386575534383213970e+01
1.188821220645068522e+01
1.105581278308273596e+01
5.046265044040320724e+00
1.400281721259029588e+01
9.373021315815206478e+00
9.097283682934460103e+00
1.204779266504070279e+01
1.413855043925722121e+01
7.046725639945927711e+00
1.046415791390898242e+01
9.027033336764100468e+00
1.058513485680245481e+01
1.167204486311898926e+01
8.291859587312051971e+00
7.569397566060480642e+00
2.256758334191025117e+00
7.569397566060480642e+00
7.653039857325811823e+00
7.136496464611084889e+00
9.027033336764100468e+00
7.046725639945927711e+00
6.579524642479540830e+00
1.335116235624909109e+01
1.178062436274634450e+01
7.978845608028653835e+00
1.117038385124011413e+01
1.117038385124011413e+01
1.413855043925722121e+01
1.178062436274634450e+01
4.513516668382050234e+00
1.178062436274634450e+01
1.058513485680245481e+01
1.058513485680245481e+01
1.188821220645068522e+01
1.150725478350318376e+01
1.188821220645068522e+01
1.372732503515539548e+01
1.117038385124011413e+01
9.373021315815206478e+00
9.507891862878782518e+00
