1.271618740744904485e+01
7.046725639945927711e+00
9.373021315815206478e+00
5.170882945826410726e+00
8.136857890256438353e+00
1.358748446131948917e+01
6.579524642479540830e+00
7.653039857325811823e+00
9.965574970333758387e+00
1.058513485680245481e+01
1.076405121554611632e+01
1.349345229721172146e+01
8.740387444736633427e+00
9.166995688475081394e+00
1.167204486311898926e+01
9.304852983362556174e+00
1.954410047611679691e+00
8.884866446580955923e+00
7.046725639945927711e+00
1.256509862862843541e+01
1.505445578434700415e+01
9.027033336764100468e+00
1.058513485680245481e+01
1.400281721259029588e+01
5.170882945826410726e+00
1.496964127403822076e+01
1.105581278308273596e+01
3.191538243211461623e+00
9.166995688475081394e+00
1.111324596323282954e+01
9.027033336764100468e+00
1.339876023397903637e+01
1.058513485680245481e+01
1.117038385124011413e+01
1.296408962885714899e+01
7.225151993843566878e+00
9.507891862878782518e+00
9.373021315815206478e+00
1.161737456321036532e+01
1.178062436274634450e+01
9.373021315815206478e+00
1.325545386523797831e+01
1.021790793990058255e+01
8.136857890256438353e+00
1.210051848659980855e+01
1.094004191971426110e+01
1.276615297284584649e+01
1.117038385124011413e+01
1.167204486311898926e+01
1.183454054540639433e+01
1.178062436274634450e+01
1.386575534383213970e+01
6.180387232371033157e+00
1.530607971465162365e+01
7.484820637019110379e+00
1.099807968464679142e+01
1.386575534383213970e+01
6.076507779746498805e+00
7.898654169668588132e+00
1.139607097042601680e+01
1.111324596323282954e+01
8.444016491289504600e+00
1.281592373849173683e+01
1.413855043925722121e+01
1.246335526484300615e+01
8.740387444736633427e+00
1.161737456321036532e+01
1.954410047611679691e+00
1.178062436274634450e+01
1.271618740744904485e+01
1.058513485680245481e+01
4.787307364817191768e+00
1.431752655671925822e+01
1.111324596323282954e+01
1.281592373849173683e+01
8.593479713983121826e+00
1.571650316319191809e+01
9.965574970333758387e+00
7.735777827895049086e+00
9.373021315815206478e+00
1.445030398768713376e+01
8.444016491289504600e+00
1.368087033328175828e+01
1.058513485680245481e+01
9.507891862878782518e+00
1.440618081907316395e+01
9.965574970333758387e+00
1.246335526484300615e+01
8.136857890256438353e+00
9.772050238058398008e+00
1.391159267660409604e+01
1.496964127403822076e+01
1.236077446474206631e+01
1.291488987023529766e+01
1.479855404066383784e+01
9.507891862878782518e+00
9.373021315815206478e+00
1.225733520300188317e+01
1.543035303761632804e+01
1.058513485680245481e+01
4.652426491681278087e+00
8.444016491289504600e+00
1.058513485680245481e+01
1.236077446474206631e+01
8.058239062071395509e+00
7.484820637019110379e+00
6.675581178124545545e+00
6.579524642479540830e+00
6.383076486422923246e+00
3.908820095223359381e+00
9.236181543108379799e+00
6.955796338302048021e+00
1.479855404066383784e+01
1.178062436274634450e+01
1.286550196516137312e+01
7.046725639945927711e+00
1.183454054540639433e+01
1.492705330360461602e+01
1.178062436274634450e+01
1.225733520300188317e+01
1.058513485680245481e+01
1.058513485680245481e+01
1.220528683538465842e+01
1.271618740744904485e+01
1.271618740744904485e+01
1.453814859003845150e+01
1.117038385124011413e+01
9.373021315815206478e+00
9.965574970333758387e+00
