1.301310337505149661e+01
6.579524642479540830e+00
9.373021315815206478e+00
4.068428945128219176e+00
8.136857890256438353e+00
1.372732503515539548e+01
5.970821321441846408e+00
7.484820637019110379e+00
9.965574970333758387e+00
1.058513485680245481e+01
1.099807968464679142e+01
1.354055000514615159e+01
1.178062436274634450e+01
8.740387444736633427e+00
9.027033336764100468e+00
9.166995688475081394e+00
8.956231982162769611e+00
6.955796338302048021e+00
1.276615297284584649e+01
1.513879513212096128e+01
9.027033336764100468e+00
1.058513485680245481e+01
1.422831991532699902e+01
4.222008245644752300e+00
1.534761596392107741e+01
1.117038385124011413e+01
9.166995688475081394e+00
1.117038385124011413e+01
9.027033336764100468e+00
1.349345229721172146e+01
1.058513485680245481e+01
1.122723095552866468e+01
1.296408962885714899e+01
7.225151993843566878e+00
9.440697438826296306e+00
9.373021315815206478e+00
1.167204486311898926e+01
1.178062436274634450e+01
9.304852983362556174e+00
1.325545386523797831e+01
1.040314189572019821e+01
7.978845608028653835e+00
1.220528683538465842e+01
1.088169461344923583e+01
1.286550196516137312e+01
1.117038385124011413e+01
1.183454054540639433e+01
1.194164264288369282e+01
1.178062436274634450e+01
1.386575534383213970e+01
5.970821321441846408e+00
1.530607971465162365e+01
7.312732791431452384e+00
1.099807968464679142e+01
1.391159267660409604e+01
5.970821321441846408e+00
7.653039857325811823e+00
1.145179781116143225e+01
1.105581278308273596e+01
8.444016491289504600e+00
1.281592373849173683e+01
1.453814859003845150e+01
1.271618740744904485e+01
8.667244841319218907e+00
1.167204486311898926e+01
1.178062436274634450e+01
1.276615297284584649e+01
1.058513485680245481e+01
3.385137501286537898e+00
1.445030398768713376e+01
1.122723095552866468e+01
1.286550196516137312e+01
8.593479713983121826e+00
1.575695754970980111e+01
9.965574970333758387e+00
7.484820637019110379e+00
9.373021315815206478e+00
1.458187244392064308e+01
8.519075891779829490e+00
1.368087033328175828e+01
1.058513485680245481e+01
9.373021315815206478e+00
1.445030398768713376e+01
9.965574970333758387e+00
1.256509862862843541e+01
7.735777827895049086e+00
9.640875829802336483e+00
1.395727947504383337e+01
1.509668435477122017e+01
1.236077446474206631e+01
1.320733953636073110e+01
1.488434347843123184e+01
9.507891862878782518e+00
9.373021315815206478e+00
1.225733520300188317e+01
1.547155565579009817e+01
1.058513485680245481e+01
4.068428945128219176e+00
8.291859587312051971e+00
1.064510777218481152e+01
1.236077446474206631e+01
8.058239062071395509e+00
7.225151993843566878e+00
6.579524642479540830e+00
5.970821321441846408e+00
5.527906391541367981e+00
9.027033336764100468e+00
6.955796338302048021e+00
1.496964127403822076e+01
1.178062436274634450e+01
1.344618962205996482e+01
6.770275002573075795e+00
1.204779266504070279e+01
1.505445578434700415e+01
1.178062436274634450e+01
1.236077446474206631e+01
1.058513485680245481e+01
1.058513485680245481e+01
1.230916348999737586e+01
1.271618740744904485e+01
1.271618740744904485e+01
1.471226436021925466e+01
1.117038385124011413e+01
9.373021315815206478e+00
9.965574970333758387e+00
