9.507891862878782518e+00
6.180387232371033157e+00
1.595769121605730767e+01
1.587770228520368221e+01
9.373021315815206478e+00
1.122723095552866468e+01
1.311058116710494836e+01
1.256509862862843541e+01
8.444016491289504600e+00
7.569397566060480642e+00
8.956231982162769611e+00
1.377362305878664728e+01
1.615593100600235843e+01
7.898654169668588132e+00
1.034176589165282145e+01
1.555363345008750464e+01
1.650676414605009157e+01
1.134007028277388685e+01
1.156244577056221523e+01
4.918490759365934828e+00
9.965574970333758387e+00
1.530607971465162365e+01
1.046415791390898242e+01
1.436192209445157708e+01
1.199483507827737583e+01
8.956231982162769611e+00
9.027033336764100468e+00
1.178062436274634450e+01
1.172646028567007725e+01
1.178062436274634450e+01
1.436192209445157708e+01
5.170882945826410726e+00
1.236077446474206631e+01
1.082303275961201905e+01
1.599753570059363028e+01
1.117038385124011413e+01
1.344618962205996482e+01
1.236077446474206631e+01
1.178062436274634450e+01
1.445030398768713376e+01
1.599753570059363028e+01
1.117038385124011413e+01
1.427299292922216978e+01
1.178062436274634450e+01
8.812923024107547576e+00
1.076405121554611632e+01
1.681247093473193388e+01
1.276615297284584649e+01
1.400281721259029588e+01
5.753627391751591880e+00
1.178062436274634450e+01
1.271618740744904485e+01
1.161737456321036532e+01
1.358748446131948917e+01
1.505445578434700415e+01
1.111324596323282954e+01
1.296408962885714899e+01
1.650676414605009157e+01
6.863662517577697741e+00
9.965574970333758387e+00
8.740387444736633427e+00
1.496964127403822076e+01
7.312732791431452384e+00
1.395727947504383337e+01
1.058513485680245481e+01
1.543035303761632804e+01
9.304852983362556174e+00
9.574614729634383536e+00
1.395727947504383337e+01
9.027033336764100468e+00
1.436192209445157708e+01
1.639065416446577927e+01
1.631278838364701755e+01
1.315904928495908166e+01
1.449429283826230197e+01
9.965574970333758387e+00
8.667244841319218907e+00
1.220528683538465842e+01
1.755346033766304004e+01
1.058513485680245481e+01
1.117038385124011413e+01
1.358748446131948917e+01
7.312732791431452384e+00
1.718695942796624365e+01
1.571650316319191809e+01
1.210051848659980855e+01
1.427299292922216978e+01
1.696325844612841038e+01
1.134007028277388685e+01
1.236077446474206631e+01
1.058513485680245481e+01
1.028002345391383443e+01
1.236077446474206631e+01
1.311058116710494836e+01
1.256509862862843541e+01
1.591774699517169012e+01
1.117038385124011413e+01
7.225151993843566878e+00
9.440697438826296306e+00
