1.354055000514615159e+01
9.373021315815206478e+00
7.569397566060480642e+00
1.501210842680413826e+01
1.555363345008750464e+01
9.901487006738307173e+00
1.099807968464679142e+01
1.291488987023529766e+01
1.236077446474206631e+01
8.740387444736633427e+00
8.740387444736633427e+00
7.225151993843566878e+00
9.373021315815206478e+00
1.330339418036568588e+01
1.591774699517169012e+01
8.740387444736633427e+00
1.058513485680245481e+01
1.501210842680413826e+01
1.595769121605730767e+01
1.150725478350318376e+01
8.291859587312051971e+00
1.139607097042601680e+01
1.009253008808064145e+01
1.453814859003845150e+01
1.058513485680245481e+01
1.167204486311898926e+01
1.368087033328175828e+01
9.373021315815206478e+00
9.166995688475081394e+00
1.178062436274634450e+01
1.134007028277388685e+01
1.178062436274634450e+01
1.395727947504383337e+01
7.898654169668588132e+00
5.753627391751591880e+00
1.236077446474206631e+01
1.082303275961201905e+01
1.559451034962034477e+01
1.117038385124011413e+01
1.256509862862843541e+01
1.220528683538465842e+01
1.178062436274634450e+01
1.418350619798065715e+01
1.575695754970980111e+01
1.117038385124011413e+01
1.413855043925722121e+01
1.178062436274634450e+01
9.373021315815206478e+00
1.099807968464679142e+01
4.068428945128219176e+00
1.595769121605730767e+01
1.281592373849173683e+01
1.363425735166143049e+01
7.978845608028653835e+00
1.178062436274634450e+01
1.236077446474206631e+01
1.306193320280393344e+01
1.070474469691662733e+01
1.479855404066383784e+01
1.117038385124011413e+01
1.296408962885714899e+01
8.214724333230154940e+00
1.623454913941802857e+01
9.965574970333758387e+00
9.166995688475081394e+00
1.479855404066383784e+01
4.222008245644752300e+00
8.136857890256438353e+00
1.386575534383213970e+01
1.058513485680245481e+01
1.501210842680413826e+01
9.236181543108379799e+00
9.965574970333758387e+00
1.330339418036568588e+01
5.753627391751591880e+00
9.373021315815206478e+00
1.427299292922216978e+01
1.547155565579009817e+01
1.281592373849173683e+01
1.372732503515539548e+01
1.559451034962034477e+01
9.166995688475081394e+00
9.965574970333758387e+00
1.230916348999737586e+01
1.654528640181426269e+01
1.058513485680245481e+01
7.653039857325811823e+00
1.088169461344923583e+01
1.271618740744904485e+01
6.482044814428574497e+00
3.385137501286537898e+00
2.763953195770683990e+00
8.593479713983121826e+00
6.180387232371033157e+00
1.599753570059363028e+01
1.178062436274634450e+01
1.449429283826230197e+01
1.377362305878664728e+01
1.623454913941802857e+01
1.178062436274634450e+01
1.236077446474206631e+01
1.058513485680245481e+01
1.046415791390898242e+01
1.236077446474206631e+01
1.301310337505149661e+01
1.296408962885714899e+01
1.571650316319191809e+01
1.117038385124011413e+01
8.812923024107547576e+00
9.965574970333758387e+00
