1.266602473693425601e+01
7.136496464611084889e+00
9.373021315815206478e+00
5.292567428401227403e+00
8.136857890256438353e+00
1.344618962205996482e+01
6.770275002573075795e+00
7.817640190446718762e+00
9.965574970333758387e+00
1.058513485680245481e+01
1.058513485680245481e+01
1.330339418036568588e+01
8.740387444736633427e+00
9.166995688475081394e+00
1.167204486311898926e+01
9.304852983362556174e+00
3.742410318509555189e+00
8.884866446580955923e+00
7.484820637019110379e+00
1.501210842680413826e+01
9.027033336764100468e+00
1.230916348999737586e+01
1.058513485680245481e+01
1.395727947504383337e+01
5.641895835477562571e+00
1.488434347843123184e+01
4.222008245644752300e+00
1.099807968464679142e+01
9.236181543108379799e+00
1.111324596323282954e+01
9.027033336764100468e+00
1.330339418036568588e+01
1.058513485680245481e+01
1.117038385124011413e+01
1.296408962885714899e+01
7.312732791431452384e+00
9.507891862878782518e+00
9.304852983362556174e+00
1.150725478350318376e+01
1.178062436274634450e+01
9.373021315815206478e+00
1.320733953636073110e+01
1.009253008808064145e+01
8.444016491289504600e+00
1.188821220645068522e+01
1.094004191971426110e+01
1.266602473693425601e+01
1.117038385124011413e+01
1.156244577056221523e+01
1.178062436274634450e+01
1.178062436274634450e+01
1.386575534383213970e+01
6.383076486422923246e+00
1.522266721510391640e+01
7.484820637019110379e+00
1.094004191971426110e+01
1.377362305878664728e+01
6.180387232371033157e+00
8.136857890256438353e+00
1.128379167095512514e+01
1.099807968464679142e+01
8.444016491289504600e+00
1.271618740744904485e+01
1.395727947504383337e+01
1.230916348999737586e+01
8.956231982162769611e+00
3.908820095223359381e+00
1.161737456321036532e+01
1.178062436274634450e+01
1.266602473693425601e+01
1.058513485680245481e+01
5.292567428401227403e+00
1.431752655671925822e+01
1.105581278308273596e+01
1.954410047611679691e+00
1.266602473693425601e+01
8.667244841319218907e+00
1.563528038089343752e+01
9.965574970333758387e+00
7.817640190446718762e+00
9.373021315815206478e+00
1.431752655671925822e+01
8.444016491289504600e+00
1.368087033328175828e+01
1.058513485680245481e+01
9.640875829802336483e+00
1.427299292922216978e+01
9.965574970333758387e+00
1.236077446474206631e+01
8.136857890256438353e+00
9.772050238058398008e+00
1.391159267660409604e+01
1.479855404066383784e+01
1.236077446474206631e+01
1.281592373849173683e+01
1.475547227809780537e+01
9.507891862878782518e+00
9.373021315815206478e+00
1.225733520300188317e+01
1.543035303761632804e+01
5.170882945826410726e+00
1.058513485680245481e+01
8.593479713983121826e+00
1.058513485680245481e+01
1.220528683538465842e+01
8.058239062071395509e+00
7.569397566060480642e+00
6.955796338302048021e+00
6.675581178124545545e+00
6.383076486422923246e+00
4.370193722368316713e+00
9.304852983362556174e+00
6.863662517577697741e+00
1.475547227809780537e+01
1.178062436274634450e+01
1.261566261010080048e+01
7.046725639945927711e+00
1.178062436274634450e+01
1.492705330360461602e+01
1.178062436274634450e+01
1.220528683538465842e+01
1.058513485680245481e+01
1.058513485680245481e+01
1.220528683538465842e+01
1.261566261010080048e+01
1.271618740744904485e+01
1.445030398768713376e+01
1.117038385124011413e+01
9.373021315815206478e+00
9.965574970333758387e+00
