1.325545386523797831e+01
5.292567428401227403e+00
9.373021315815206478e+00
8.136857890256438353e+00
1.431752655671925822e+01
1.404820733880128181e+01
1.009253008808064145e+01
1.070474469691662733e+01
1.178062436274634450e+01
4.222008245644752300e+00
6.955796338302048021e+00
1.204779266504070279e+01
8.740387444736633427e+00
8.667244841319218907e+00
9.027033336764100468e+00
9.373021315815206478e+00
6.076507779746498805e+00
1.301310337505149661e+01
1.530607971465162365e+01
9.027033336764100468e+00
1.058513485680245481e+01
1.462546558286290477e+01
1.559451034962034477e+01
1.117038385124011413e+01
9.097283682934460103e+00
1.128379167095512514e+01
9.373021315815206478e+00
1.386575534383213970e+01
1.058513485680245481e+01
1.145179781116143225e+01
1.306193320280393344e+01
6.383076486422923246e+00
9.373021315815206478e+00
9.373021315815206478e+00
1.167204486311898926e+01
1.178062436274634450e+01
8.812923024107547576e+00
1.344618962205996482e+01
1.058513485680245481e+01
7.653039857325811823e+00
1.225733520300188317e+01
1.082303275961201905e+01
1.377362305878664728e+01
1.117038385124011413e+01
1.204779266504070279e+01
1.204779266504070279e+01
1.178062436274634450e+01
1.391159267660409604e+01
1.538904010394216471e+01
5.170882945826410726e+00
6.383076486422923246e+00
1.117038385124011413e+01
1.395727947504383337e+01
1.150725478350318376e+01
4.513516668382050234e+00
6.955796338302048021e+00
1.105581278308273596e+01
8.593479713983121826e+00
1.281592373849173683e+01
1.505445578434700415e+01
1.296408962885714899e+01
8.593479713983121826e+00
1.167204486311898926e+01
1.210051848659980855e+01
1.276615297284584649e+01
1.058513485680245481e+01
1.445030398768713376e+01
1.122723095552866468e+01
1.286550196516137312e+01
8.667244841319218907e+00
1.583755632390385770e+01
9.965574970333758387e+00
9.373021315815206478e+00
6.955796338302048021e+00
1.466892917224166482e+01
8.519075891779829490e+00
1.377362305878664728e+01
1.052482020710848865e+01
9.373021315815206478e+00
1.449429283826230197e+01
9.965574970333758387e+00
1.296408962885714899e+01
7.484820637019110379e+00
9.373021315815206478e+00
1.400281721259029588e+01
1.518078909665319287e+01
1.246335526484300615e+01
1.358748446131948917e+01
1.509668435477122017e+01
9.507891862878782518e+00
9.373021315815206478e+00
1.225733520300188317e+01
1.587770228520368221e+01
1.058513485680245481e+01
8.291859587312051971e+00
1.070474469691662733e+01
1.236077446474206631e+01
7.735777827895049086e+00
6.863662517577697741e+00
5.863230142835038627e+00
5.170882945826410726e+00
4.222008245644752300e+00
8.740387444736633427e+00
6.955796338302048021e+00
1.522266721510391640e+01
1.178062436274634450e+01
1.372732503515539548e+01
6.383076486422923246e+00
1.225733520300188317e+01
1.543035303761632804e+01
1.178062436274634450e+01
1.236077446474206631e+01
1.058513485680245481e+01
1.058513485680245481e+01
1.236077446474206631e+01
1.286550196516137312e+01
1.276615297284584649e+01
1.505445578434700415e+01
1.117038385124011413e+01
9.166995688475081394e+00
9.965574970333758387e+00
