1.111324596323282954e+01
6.383076486422923246e+00
9.373021315815206478e+00
6.383076486422923246e+00
5.753627391751591880e+00
6.863662517577697741e+00
8.740387444736633427e+00
1.281592373849173683e+01
7.569397566060480642e+00
7.817640190446718762e+00
5.753627391751591880e+00
8.740387444736633427e+00
1.028002345391383443e+01
1.178062436274634450e+01
8.740387444736633427e+00
9.901487006738307173e+00
9.373021315815206478e+00
9.965574970333758387e+00
9.304852983362556174e+00
5.527906391541367981e+00
6.955796338302048021e+00
8.593479713983121826e+00
8.058239062071395509e+00
5.753627391751591880e+00
6.282549314314217703e+00
8.956231982162769611e+00
1.339876023397903637e+01
1.058513485680245481e+01
1.111324596323282954e+01
7.653039857325811823e+00
1.306193320280393344e+01
7.225151993843566878e+00
1.368087033328175828e+01
1.009253008808064145e+01
9.166995688475081394e+00
1.040314189572019821e+01
8.740387444736633427e+00
1.178062436274634450e+01
6.383076486422923246e+00
1.052482020710848865e+01
1.117038385124011413e+01
1.266602473693425601e+01
4.787307364817191768e+00
7.978845608028653835e+00
3.385137501286537898e+00
6.282549314314217703e+00
9.373021315815206478e+00
8.519075891779829490e+00
1.178062436274634450e+01
1.028002345391383443e+01
9.507891862878782518e+00
1.194164264288369282e+01
1.009253008808064145e+01
8.740387444736633427e+00
6.770275002573075795e+00
9.507891862878782518e+00
1.117038385124011413e+01
1.178062436274634450e+01
9.901487006738307173e+00
1.117038385124011413e+01
1.178062436274634450e+01
1.046415791390898242e+01
5.046265044040320724e+00
1.335116235624909109e+01
7.225151993843566878e+00
7.046725639945927711e+00
1.431752655671925822e+01
4.222008245644752300e+00
8.368283871884004910e+00
6.383076486422923246e+00
7.046725639945927711e+00
9.574614729634383536e+00
1.286550196516137312e+01
6.863662517577697741e+00
1.117038385124011413e+01
8.291859587312051971e+00
1.076405121554611632e+01
8.740387444736633427e+00
1.241217083805063837e+01
1.261566261010080048e+01
1.105581278308273596e+01
9.166995688475081394e+00
7.225151993843566878e+00
5.527906391541367981e+00
1.117038385124011413e+01
1.117038385124011413e+01
1.241217083805063837e+01
1.040314189572019821e+01
7.817640190446718762e+00
1.404820733880128181e+01
6.955796338302048021e+00
1.058513485680245481e+01
1.225733520300188317e+01
8.291859587312051971e+00
1.513879513212096128e+01
9.965574970333758387e+00
8.740387444736633427e+00
9.373021315815206478e+00
1.261566261010080048e+01
8.136857890256438353e+00
1.339876023397903637e+01
6.955796338302048021e+00
1.015541250385961369e+01
9.901487006738307173e+00
1.354055000514615159e+01
9.507891862878782518e+00
1.178062436274634450e+01
6.863662517577697741e+00
8.956231982162769611e+00
9.965574970333758387e+00
1.281592373849173683e+01
1.395727947504383337e+01
1.199483507827737583e+01
1.117038385124011413e+01
4.513516668382050234e+00
1.404820733880128181e+01
9.373021315815206478e+00
9.440697438826296306e+00
1.210051848659980855e+01
1.427299292922216978e+01
6.955796338302048021e+00
1.052482020710848865e+01
8.884866446580955923e+00
1.058513485680245481e+01
1.167204486311898926e+01
8.291859587312051971e+00
7.653039857325811823e+00
7.569397566060480642e+00
7.653039857325811823e+00
7.136496464611084889e+00
9.027033336764100468e+00
7.225151993843566878e+00
6.282549314314217703e+00
1.339876023397903637e+01
1.178062436274634450e+01
8.058239062071395509e+00
1.117038385124011413e+01
1.117038385124011413e+01
1.413855043925722121e+01
1.178062436274634450e+01
3.742410318509555189e+00
1.178062436274634450e+01
1.058513485680245481e+01
1.058513485680245481e+01
1.194164264288369282e+01
1.172646028567007725e+01
1.210051848659980855e+01
1.391159267660409604e+01
1.117038385124011413e+01
9.373021315815206478e+00
9.507891862878782518e+00
2.256758334191025117e+00
