1.354055000514615159e+01
9.373021315815206478e+00
7.817640190446718762e+00
1.496964127403822076e+01
1.526443044094783019e+01
9.901487006738307173e+00
1.094004191971426110e+01
1.286550196516137312e+01
1.236077446474206631e+01
8.740387444736633427e+00
3.908820095223359381e+00
8.740387444736633427e+00
7.653039857325811823e+00
9.373021315815206478e+00
1.325545386523797831e+01
1.587770228520368221e+01
8.740387444736633427e+00
1.058513485680245481e+01
1.501210842680413826e+01
1.591774699517169012e+01
1.150725478350318376e+01
8.368283871884004910e+00
1.139607097042601680e+01
9.965574970333758387e+00
1.431752655671925822e+01
1.058513485680245481e+01
1.167204486311898926e+01
1.358748446131948917e+01
9.373021315815206478e+00
9.166995688475081394e+00
1.172646028567007725e+01
1.105581278308273596e+01
1.178062436274634450e+01
1.395727947504383337e+01
8.058239062071395509e+00
6.076507779746498805e+00
1.230916348999737586e+01
1.082303275961201905e+01
1.538904010394216471e+01
1.117038385124011413e+01
1.246335526484300615e+01
1.215301555949299761e+01
1.178062436274634450e+01
1.418350619798065715e+01
1.575695754970980111e+01
1.117038385124011413e+01
1.413855043925722121e+01
1.178062436274634450e+01
9.507891862878782518e+00
1.099807968464679142e+01
4.652426491681278087e+00
1.281592373849173683e+01
1.363425735166143049e+01
1.575695754970980111e+01
7.978845608028653835e+00
1.178062436274634450e+01
1.236077446474206631e+01
1.301310337505149661e+01
1.070474469691662733e+01
1.475547227809780537e+01
1.117038385124011413e+01
1.296408962885714899e+01
8.444016491289504600e+00
1.623454913941802857e+01
9.965574970333758387e+00
9.236181543108379799e+00
1.479855404066383784e+01
4.787307364817191768e+00
8.136857890256438353e+00
1.386575534383213970e+01
1.058513485680245481e+01
1.496964127403822076e+01
9.304852983362556174e+00
9.965574970333758387e+00
1.325545386523797831e+01
5.970821321441846408e+00
9.373021315815206478e+00
1.427299292922216978e+01
1.543035303761632804e+01
1.276615297284584649e+01
1.372732503515539548e+01
1.543035303761632804e+01
9.166995688475081394e+00
9.836981518731869656e+00
1.230916348999737586e+01
1.642944866646030988e+01
1.058513485680245481e+01
7.898654169668588132e+00
1.076405121554611632e+01
1.271618740744904485e+01
6.579524642479540830e+00
4.222008245644752300e+00
4.222008245644752300e+00
8.740387444736633427e+00
6.180387232371033157e+00
1.595769121605730767e+01
1.178062436274634450e+01
1.431752655671925822e+01
1.372732503515539548e+01
2.256758334191025117e+00
1.615593100600235843e+01
1.178062436274634450e+01
1.236077446474206631e+01
1.058513485680245481e+01
1.058513485680245481e+01
1.236077446474206631e+01
1.291488987023529766e+01
1.296408962885714899e+01
1.563528038089343752e+01
1.117038385124011413e+01
8.812923024107547576e+00
9.965574970333758387e+00
