1.261566261010080048e+01
7.225151993843566878e+00
9.373021315815206478e+00
1.595769121605730811e+00
5.863230142835038627e+00
8.291859587312051971e+00
1.335116235624909109e+01
6.955796338302048021e+00
7.978845608028653835e+00
9.836981518731869656e+00
1.058513485680245481e+01
1.058513485680245481e+01
1.325545386523797831e+01
8.740387444736633427e+00
9.236181543108379799e+00
1.156244577056221523e+01
9.304852983362556174e+00
4.513516668382050234e+00
8.884866446580955923e+00
7.484820637019110379e+00
1.479855404066383784e+01
9.027033336764100468e+00
1.225733520300188317e+01
1.058513485680245481e+01
1.386575534383213970e+01
5.970821321441846408e+00
1.479855404066383784e+01
4.787307364817191768e+00
1.099807968464679142e+01
9.236181543108379799e+00
1.105581278308273596e+01
8.956231982162769611e+00
1.311058116710494836e+01
1.058513485680245481e+01
1.117038385124011413e+01
1.296408962885714899e+01
7.484820637019110379e+00
9.507891862878782518e+00
9.236181543108379799e+00
1.145179781116143225e+01
1.178062436274634450e+01
9.373021315815206478e+00
1.315904928495908166e+01
1.009253008808064145e+01
8.444016491289504600e+00
3.191538243211461623e+00
1.128379167095512514e+01
1.094004191971426110e+01
1.266602473693425601e+01
1.111324596323282954e+01
1.145179781116143225e+01
1.178062436274634450e+01
1.172646028567007725e+01
1.381976597885341995e+01
6.675581178124545545e+00
1.518078909665319287e+01
3.568248232305542444e+00
7.653039857325811823e+00
1.105581278308273596e+01
1.372732503515539548e+01
6.383076486422923246e+00
8.136857890256438353e+00
1.117038385124011413e+01
1.099807968464679142e+01
8.444016491289504600e+00
1.266602473693425601e+01
1.377362305878664728e+01
1.220528683538465842e+01
8.956231982162769611e+00
4.513516668382050234e+00
1.150725478350318376e+01
1.178062436274634450e+01
1.266602473693425601e+01
1.058513485680245481e+01
5.753627391751591880e+00
1.431752655671925822e+01
1.105581278308273596e+01
3.908820095223359381e+00
1.266602473693425601e+01
8.593479713983121826e+00
1.551264883747923129e+01
9.965574970333758387e+00
7.817640190446718762e+00
9.373021315815206478e+00
1.413855043925722121e+01
8.444016491289504600e+00
1.363425735166143049e+01
1.058513485680245481e+01
9.772050238058398008e+00
1.422831991532699902e+01
9.965574970333758387e+00
1.236077446474206631e+01
8.136857890256438353e+00
9.772050238058398008e+00
1.391159267660409604e+01
1.462546558286290477e+01
1.236077446474206631e+01
1.251433034574463399e+01
1.479855404066383784e+01
9.507891862878782518e+00
9.373021315815206478e+00
1.225733520300188317e+01
1.543035303761632804e+01
5.170882945826410726e+00
1.058513485680245481e+01
8.593479713983121826e+00
1.058513485680245481e+01
1.215301555949299761e+01
8.136857890256438353e+00
7.735777827895049086e+00
7.046725639945927711e+00
6.675581178124545545e+00
6.282549314314217703e+00
4.787307364817191768e+00
9.373021315815206478e+00
6.955796338302048021e+00
1.458187244392064308e+01
1.178062436274634450e+01
1.256509862862843541e+01
7.136496464611084889e+00
1.161737456321036532e+01
1.492705330360461602e+01
1.178062436274634450e+01
1.220528683538465842e+01
1.058513485680245481e+01
1.058513485680245481e+01
1.215301555949299761e+01
1.246335526484300615e+01
1.261566261010080048e+01
1.445030398768713376e+01
1.117038385124011413e+01
9.373021315815206478e+00
9.965574970333758387e+00
