1.311058116710494836e+01
6.383076486422923246e+00
9.373021315815206478e+00
8.136857890256438353e+00
3.191538243211461623e+00
1.386575534383213970e+01
5.753627391751591880e+00
1.368087033328175828e+01
7.312732791431452384e+00
9.965574970333758387e+00
1.058513485680245481e+01
1.111324596323282954e+01
1.188821220645068522e+01
8.740387444736633427e+00
9.027033336764100468e+00
9.166995688475081394e+00
9.166995688475081394e+00
6.955796338302048021e+00
1.281592373849173683e+01
1.518078909665319287e+01
9.027033336764100468e+00
1.058513485680245481e+01
1.431752655671925822e+01
2.985410660720923204e+00
1.543035303761632804e+01
1.117038385124011413e+01
9.166995688475081394e+00
1.117038385124011413e+01
9.097283682934460103e+00
1.368087033328175828e+01
1.058513485680245481e+01
1.134007028277388685e+01
1.296408962885714899e+01
7.046725639945927711e+00
9.373021315815206478e+00
9.373021315815206478e+00
1.167204486311898926e+01
1.178062436274634450e+01
9.097283682934460103e+00
1.330339418036568588e+01
1.046415791390898242e+01
7.978845608028653835e+00
1.220528683538465842e+01
1.088169461344923583e+01
1.315904928495908166e+01
1.117038385124011413e+01
1.188821220645068522e+01
1.194164264288369282e+01
1.178062436274634450e+01
1.386575534383213970e+01
5.527906391541367981e+00
1.530607971465162365e+01
7.136496464611084889e+00
1.105581278308273596e+01
1.391159267660409604e+01
7.399277020331918919e+00
1.150725478350318376e+01
5.292567428401227403e+00
1.105581278308273596e+01
8.444016491289504600e+00
1.281592373849173683e+01
1.462546558286290477e+01
1.276615297284584649e+01
8.667244841319218907e+00
1.167204486311898926e+01
1.178062436274634450e+01
1.276615297284584649e+01
1.058513485680245481e+01
1.445030398768713376e+01
1.122723095552866468e+01
1.286550196516137312e+01
8.519075891779829490e+00
1.575695754970980111e+01
9.965574970333758387e+00
7.484820637019110379e+00
9.373021315815206478e+00
1.453814859003845150e+01
8.593479713983121826e+00
1.368087033328175828e+01
1.052482020710848865e+01
9.373021315815206478e+00
1.445030398768713376e+01
9.965574970333758387e+00
1.266602473693425601e+01
7.484820637019110379e+00
9.574614729634383536e+00
1.395727947504383337e+01
1.509668435477122017e+01
1.236077446474206631e+01
1.325545386523797831e+01
1.488434347843123184e+01
9.507891862878782518e+00
9.373021315815206478e+00
1.225733520300188317e+01
1.559451034962034477e+01
1.058513485680245481e+01
8.291859587312051971e+00
2.985410660720923204e+00
1.064510777218481152e+01
1.236077446474206631e+01
8.058239062071395509e+00
7.225151993843566878e+00
6.482044814428574497e+00
5.753627391751591880e+00
5.527906391541367981e+00
9.027033336764100468e+00
6.955796338302048021e+00
1.496964127403822076e+01
1.178062436274634450e+01
1.339876023397903637e+01
6.579524642479540830e+00
1.210051848659980855e+01
1.513879513212096128e+01
1.178062436274634450e+01
1.236077446474206631e+01
1.058513485680245481e+01
1.058513485680245481e+01
1.230916348999737586e+01
1.276615297284584649e+01
1.271618740744904485e+01
1.484151074652385738e+01
1.117038385124011413e+01
9.373021315815206478e+00
9.965574970333758387e+00
