9.373021315815206478e+00
6.863662517577697741e+00
1.538904010394216471e+01
1.579730833933717626e+01
9.706684619910241452e+00
1.117038385124011413e+01
1.296408962885714899e+01
1.236077446474206631e+01
8.593479713983121826e+00
8.368283871884004910e+00
5.863230142835038627e+00
9.304852983362556174e+00
1.363425735166143049e+01
1.599753570059363028e+01
8.519075891779829490e+00
1.040314189572019821e+01
1.534761596392107741e+01
1.599753570059363028e+01
1.156244577056221523e+01
1.145179781116143225e+01
6.955796338302048021e+00
9.965574970333758387e+00
1.479855404066383784e+01
1.046415791390898242e+01
1.194164264288369282e+01
1.386575534383213970e+01
9.373021315815206478e+00
9.236181543108379799e+00
1.183454054540639433e+01
1.156244577056221523e+01
1.178062436274634450e+01
1.418350619798065715e+01
7.046725639945927711e+00
1.236077446474206631e+01
1.082303275961201905e+01
1.583755632390385770e+01
1.117038385124011413e+01
1.330339418036568588e+01
1.236077446474206631e+01
1.178062436274634450e+01
1.431752655671925822e+01
1.583755632390385770e+01
1.117038385124011413e+01
1.422831991532699902e+01
1.178062436274634450e+01
9.236181543108379799e+00
1.088169461344923583e+01
1.654528640181426269e+01
1.276615297284584649e+01
1.381976597885341995e+01
7.136496464611084889e+00
1.178062436274634450e+01
1.251433034574463399e+01
1.349345229721172146e+01
1.122723095552866468e+01
1.492705330360461602e+01
1.111324596323282954e+01
1.296408962885714899e+01
7.484820637019110379e+00
1.642944866646030988e+01
9.965574970333758387e+00
9.097283682934460103e+00
1.488434347843123184e+01
8.136857890256438353e+00
1.391159267660409604e+01
1.058513485680245481e+01
1.530607971465162365e+01
9.373021315815206478e+00
9.836981518731869656e+00
1.381976597885341995e+01
2.763953195770683990e+00
9.373021315815206478e+00
1.436192209445157708e+01
1.579730833933717626e+01
1.301310337505149661e+01
1.413855043925722121e+01
1.595769121605730767e+01
9.965574970333758387e+00
8.740387444736633427e+00
1.236077446474206631e+01
1.711271735549580697e+01
1.058513485680245481e+01
6.383076486422923246e+00
1.117038385124011413e+01
1.339876023397903637e+01
4.652426491681278087e+00
7.817640190446718762e+00
1.650676414605009157e+01
3.568248232305542444e+00
1.215301555949299761e+01
1.488434347843123184e+01
1.418350619798065715e+01
1.666031874701878124e+01
1.178062436274634450e+01
1.236077446474206631e+01
1.058513485680245481e+01
1.028002345391383443e+01
1.236077446474206631e+01
1.311058116710494836e+01
1.286550196516137312e+01
1.587770228520368221e+01
1.117038385124011413e+01
8.058239062071395509e+00
9.772050238058398008e+00
