9.640875829802336483e+00
5.411516379806009525e+00
1.635176762293251684e+01
1.595769121605730767e+01
9.373021315815206478e+00
1.117038385124011413e+01
1.311058116710494836e+01
1.271618740744904485e+01
8.444016491289504600e+00
7.225151993843566878e+00
8.740387444736633427e+00
1.646815177937675045e+01
1.445030398768713376e+01
7.312732791431452384e+00
1.021790793990058255e+01
1.595769121605730767e+01
1.666031874701878124e+01
1.134007028277388685e+01
1.156244577056221523e+01
1.559451034962034477e+01
9.772050238058398008e+00
1.046415791390898242e+01
1.488434347843123184e+01
1.210051848659980855e+01
8.812923024107547576e+00
8.667244841319218907e+00
1.178062436274634450e+01
1.178062436274634450e+01
1.178062436274634450e+01
1.462546558286290477e+01
1.236077446474206631e+01
1.088169461344923583e+01
1.599753570059363028e+01
1.117038385124011413e+01
1.358748446131948917e+01
1.236077446474206631e+01
1.178062436274634450e+01
1.449429283826230197e+01
1.623454913941802857e+01
1.117038385124011413e+01
1.427299292922216978e+01
1.210051848659980855e+01
1.076405121554611632e+01
8.291859587312051971e+00
1.707547527140466670e+01
1.276615297284584649e+01
1.400281721259029588e+01
2.985410660720923204e+00
1.178062436274634450e+01
1.286550196516137312e+01
1.210051848659980855e+01
1.368087033328175828e+01
1.522266721510391640e+01
1.111324596323282954e+01
1.286550196516137312e+01
1.658371917462410394e+01
6.076507779746498805e+00
9.965574970333758387e+00
8.740387444736633427e+00
1.509668435477122017e+01
7.225151993843566878e+00
1.404820733880128181e+01
1.046415791390898242e+01
1.551264883747923129e+01
9.166995688475081394e+00
9.304852983362556174e+00
1.418350619798065715e+01
8.812923024107547576e+00
1.436192209445157708e+01
1.654528640181426269e+01
1.650676414605009157e+01
1.315904928495908166e+01
1.466892917224166482e+01
9.965574970333758387e+00
8.214724333230154940e+00
1.215301555949299761e+01
1.762584604821509515e+01
1.058513485680245481e+01
1.117038385124011413e+01
1.358748446131948917e+01
1.755346033766304004e+01
6.955796338302048021e+00
1.579730833933717626e+01
1.194164264288369282e+01
1.427299292922216978e+01
1.711271735549580697e+01
1.134007028277388685e+01
1.236077446474206631e+01
1.058513485680245481e+01
1.028002345391383443e+01
1.230916348999737586e+01
1.315904928495908166e+01
1.256509862862843541e+01
1.599753570059363028e+01
1.117038385124011413e+01
6.579524642479540830e+00
9.373021315815206478e+00
