1.058513485680245481e+01
1.650676414605009157e+01
1.603728119216292924e+01
8.291859587312051971e+00
1.117038385124011413e+01
1.349345229721172146e+01
1.349345229721172146e+01
8.740387444736633427e+00
3.385137501286537898e+00
8.136857890256438353e+00
1.703815178355965898e+01
1.453814859003845150e+01
9.836981518731869656e+00
4.787307364817191768e+00
1.642944866646030988e+01
1.703815178355965898e+01
1.128379167095512514e+01
1.156244577056221523e+01
1.627371578051287671e+01
9.373021315815206478e+00
1.015541250385961369e+01
1.513879513212096128e+01
1.210051848659980855e+01
8.136857890256438353e+00
7.569397566060480642e+00
1.172646028567007725e+01
1.178062436274634450e+01
1.178062436274634450e+01
1.475547227809780537e+01
1.251433034574463399e+01
1.076405121554611632e+01
1.619528777809902209e+01
1.117038385124011413e+01
1.363425735166143049e+01
1.236077446474206631e+01
1.178062436274634450e+01
1.505445578434700415e+01
1.642944866646030988e+01
1.117038385124011413e+01
1.431752655671925822e+01
1.215301555949299761e+01
1.070474469691662733e+01
6.955796338302048021e+00
1.755346033766304004e+01
1.276615297284584649e+01
1.409345127989185542e+01
1.167204486311898926e+01
1.372732503515539548e+01
1.225733520300188317e+01
1.368087033328175828e+01
1.547155565579009817e+01
1.111324596323282954e+01
1.261566261010080048e+01
1.662206308517478703e+01
9.965574970333758387e+00
7.484820637019110379e+00
1.547155565579009817e+01
6.383076486422923246e+00
1.431752655671925822e+01
1.627371578051287671e+01
1.040314189572019821e+01
8.444016491289504600e+00
9.097283682934460103e+00
1.440618081907316395e+01
7.817640190446718762e+00
1.436192209445157708e+01
1.685029431422315938e+01
1.707547527140466670e+01
1.335116235624909109e+01
1.492705330360461602e+01
9.640875829802336483e+00
1.204779266504070279e+01
6.383076486422923246e+00
1.801877032173578996e+01
1.070474469691662733e+01
1.099807968464679142e+01
1.368087033328175828e+01
1.822952333923949553e+01
1.619528777809902209e+01
1.194164264288369282e+01
1.436192209445157708e+01
1.769793569896924623e+01
1.134007028277388685e+01
1.225733520300188317e+01
1.058513485680245481e+01
1.052482020710848865e+01
1.220528683538465842e+01
1.320733953636073110e+01
1.256509862862843541e+01
1.599753570059363028e+01
1.150725478350318376e+01
9.373021315815206478e+00
