1.330339418036568588e+01
3.191538243211461623e+00
9.373021315815206478e+00
8.136857890256438353e+00
1.462546558286290477e+01
1.462546558286290477e+01
9.965574970333758387e+00
1.076405121554611632e+01
1.225733520300188317e+01
6.282549314314217703e+00
1.215301555949299761e+01
8.740387444736633427e+00
8.291859587312051971e+00
8.740387444736633427e+00
9.373021315815206478e+00
5.411516379806009525e+00
1.306193320280393344e+01
1.555363345008750464e+01
8.812923024107547576e+00
1.058513485680245481e+01
1.475547227809780537e+01
1.579730833933717626e+01
1.117038385124011413e+01
8.812923024107547576e+00
1.139607097042601680e+01
9.373021315815206478e+00
1.409345127989185542e+01
1.058513485680245481e+01
1.150725478350318376e+01
1.320733953636073110e+01
5.641895835477562571e+00
9.373021315815206478e+00
9.166995688475081394e+00
1.172646028567007725e+01
1.178062436274634450e+01
8.812923024107547576e+00
1.354055000514615159e+01
1.064510777218481152e+01
7.136496464611084889e+00
1.225733520300188317e+01
1.082303275961201905e+01
1.445030398768713376e+01
1.117038385124011413e+01
1.236077446474206631e+01
1.215301555949299761e+01
1.178062436274634450e+01
1.409345127989185542e+01
1.551264883747923129e+01
1.954410047611679691e+00
5.863230142835038627e+00
1.117038385124011413e+01
1.404820733880128181e+01
1.156244577056221523e+01
6.282549314314217703e+00
1.099807968464679142e+01
8.812923024107547576e+00
1.281592373849173683e+01
1.530607971465162365e+01
1.315904928495908166e+01
8.444016491289504600e+00
1.178062436274634450e+01
1.220528683538465842e+01
1.276615297284584649e+01
1.058513485680245481e+01
1.462546558286290477e+01
1.117038385124011413e+01
1.296408962885714899e+01
8.593479713983121826e+00
1.595769121605730767e+01
9.965574970333758387e+00
9.373021315815206478e+00
6.180387232371033157e+00
1.471226436021925466e+01
8.136857890256438353e+00
1.381976597885341995e+01
1.052482020710848865e+01
9.373021315815206478e+00
1.453814859003845150e+01
9.965574970333758387e+00
1.311058116710494836e+01
6.955796338302048021e+00
9.373021315815206478e+00
1.418350619798065715e+01
1.534761596392107741e+01
1.266602473693425601e+01
1.368087033328175828e+01
1.518078909665319287e+01
9.373021315815206478e+00
9.640875829802336483e+00
1.225733520300188317e+01
1.607692842495848140e+01
1.058513485680245481e+01
8.214724333230154940e+00
1.070474469691662733e+01
1.236077446474206631e+01
7.312732791431452384e+00
6.076507779746498805e+00
5.411516379806009525e+00
4.370193722368316713e+00
8.740387444736633427e+00
6.383076486422923246e+00
1.551264883747923129e+01
1.178062436274634450e+01
1.381976597885341995e+01
1.286550196516137312e+01
5.641895835477562571e+00
1.559451034962034477e+01
1.178062436274634450e+01
1.236077446474206631e+01
1.058513485680245481e+01
1.058513485680245481e+01
1.236077446474206631e+01
1.281592373849173683e+01
1.286550196516137312e+01
1.534761596392107741e+01
1.117038385124011413e+01
8.812923024107547576e+00
9.965574970333758387e+00
