9.901487006738307173e+00
3.568248232305542444e+00
1.642944866646030988e+01
1.595769121605730767e+01
8.956231982162769611e+00
1.117038385124011413e+01
1.325545386523797831e+01
1.276615297284584649e+01
8.519075891779829490e+00
6.675581178124545545e+00
8.368283871884004910e+00
1.666031874701878124e+01
1.453814859003845150e+01
6.770275002573075795e+00
1.002925341359354938e+01
1.627371578051287671e+01
1.681247093473193388e+01
1.134007028277388685e+01
1.156244577056221523e+01
1.587770228520368221e+01
9.772050238058398008e+00
1.034176589165282145e+01
1.505445578434700415e+01
1.210051848659980855e+01
8.444016491289504600e+00
8.368283871884004910e+00
1.178062436274634450e+01
1.178062436274634450e+01
1.178062436274634450e+01
1.475547227809780537e+01
1.236077446474206631e+01
1.088169461344923583e+01
1.599753570059363028e+01
1.117038385124011413e+01
1.358748446131948917e+01
1.236077446474206631e+01
1.178062436274634450e+01
1.484151074652385738e+01
1.627371578051287671e+01
1.117038385124011413e+01
1.427299292922216978e+01
1.225733520300188317e+01
1.070474469691662733e+01
7.978845608028653835e+00
1.707547527140466670e+01
1.276615297284584649e+01
1.404820733880128181e+01
1.178062436274634450e+01
1.296408962885714899e+01
1.210051848659980855e+01
1.368087033328175828e+01
1.530607971465162365e+01
1.111324596323282954e+01
1.286550196516137312e+01
1.658371917462410394e+01
5.046265044040320724e+00
9.965574970333758387e+00
8.291859587312051971e+00
1.530607971465162365e+01
6.863662517577697741e+00
1.404820733880128181e+01
1.040314189572019821e+01
1.559451034962034477e+01
8.956231982162769611e+00
9.236181543108379799e+00
1.436192209445157708e+01
8.593479713983121826e+00
1.436192209445157708e+01
1.658371917462410394e+01
1.654528640181426269e+01
1.325545386523797831e+01
1.471226436021925466e+01
9.836981518731869656e+00
7.735777827895049086e+00
1.204779266504070279e+01
1.766192765414112031e+01
1.058513485680245481e+01
1.117038385124011413e+01
1.358748446131948917e+01
1.776973289316191185e+01
5.753627391751591880e+00
1.591774699517169012e+01
1.194164264288369282e+01
1.431752655671925822e+01
1.718695942796624365e+01
1.134007028277388685e+01
1.230916348999737586e+01
1.058513485680245481e+01
1.028002345391383443e+01
1.225733520300188317e+01
1.320733953636073110e+01
1.256509862862843541e+01
1.599753570059363028e+01
1.117038385124011413e+01
5.753627391751591880e+00
9.373021315815206478e+00
