1.052482020710848865e+01
1.650676414605009157e+01
1.595769121605730767e+01
8.368283871884004910e+00
1.117038385124011413e+01
1.349345229721172146e+01
1.330339418036568588e+01
8.740387444736633427e+00
4.222008245644752300e+00
8.136857890256438353e+00
1.703815178355965898e+01
1.453814859003845150e+01
9.836981518731869656e+00
4.918490759365934828e+00
1.635176762293251684e+01
1.703815178355965898e+01
1.128379167095512514e+01
1.156244577056221523e+01
1.623454913941802857e+01
9.373021315815206478e+00
1.015541250385961369e+01
1.513879513212096128e+01
1.210051848659980855e+01
8.136857890256438353e+00
7.735777827895049086e+00
1.172646028567007725e+01
1.178062436274634450e+01
1.178062436274634450e+01
1.475547227809780537e+01
1.241217083805063837e+01
1.082303275961201905e+01
1.615593100600235843e+01
1.117038385124011413e+01
1.363425735166143049e+01
1.236077446474206631e+01
1.178062436274634450e+01
1.501210842680413826e+01
1.642944866646030988e+01
1.117038385124011413e+01
1.431752655671925822e+01
1.215301555949299761e+01
1.070474469691662733e+01
7.225151993843566878e+00
1.755346033766304004e+01
1.276615297284584649e+01
1.409345127989185542e+01
1.167204486311898926e+01
1.368087033328175828e+01
1.225733520300188317e+01
1.368087033328175828e+01
1.547155565579009817e+01
1.111324596323282954e+01
1.266602473693425601e+01
1.662206308517478703e+01
9.965574970333758387e+00
7.484820637019110379e+00
1.547155565579009817e+01
6.770275002573075795e+00
1.427299292922216978e+01
1.615593100600235843e+01
1.040314189572019821e+01
8.593479713983121826e+00
9.097283682934460103e+00
1.440618081907316395e+01
7.978845608028653835e+00
1.436192209445157708e+01
1.681247093473193388e+01
1.700074635581867355e+01
1.335116235624909109e+01
1.488434347843123184e+01
9.640875829802336483e+00
1.204779266504070279e+01
6.770275002573075795e+00
1.801877032173578996e+01
1.070474469691662733e+01
1.099807968464679142e+01
1.363425735166143049e+01
1.812445316531431061e+01
2.985410660720923204e+00
1.619528777809902209e+01
1.194164264288369282e+01
1.436192209445157708e+01
1.762584604821509515e+01
1.134007028277388685e+01
1.225733520300188317e+01
1.058513485680245481e+01
1.040314189572019821e+01
1.225733520300188317e+01
1.320733953636073110e+01
1.256509862862843541e+01
1.599753570059363028e+01
1.145179781116143225e+01
9.373021315815206478e+00
1.595769121605730811e+00
