9.507891862878782518e+00
5.641895835477562571e+00
1.627371578051287671e+01
1.595769121605730767e+01
9.373021315815206478e+00
1.134007028277388685e+01
1.311058116710494836e+01
1.266602473693425601e+01
8.444016491289504600e+00
7.225151993843566878e+00
8.812923024107547576e+00
1.431752655671925822e+01
1.627371578051287671e+01
7.399277020331918919e+00
1.021790793990058255e+01
1.579730833933717626e+01
1.666031874701878124e+01
1.134007028277388685e+01
1.156244577056221523e+01
9.901487006738307173e+00
1.551264883747923129e+01
1.046415791390898242e+01
1.484151074652385738e+01
1.204779266504070279e+01
8.812923024107547576e+00
8.667244841319218907e+00
1.178062436274634450e+01
1.178062436274634450e+01
1.178062436274634450e+01
1.453814859003845150e+01
3.908820095223359381e+00
1.236077446474206631e+01
1.082303275961201905e+01
1.599753570059363028e+01
1.117038385124011413e+01
1.349345229721172146e+01
1.236077446474206631e+01
1.178062436274634450e+01
1.449429283826230197e+01
1.615593100600235843e+01
1.117038385124011413e+01
1.427299292922216978e+01
1.204779266504070279e+01
1.076405121554611632e+01
8.291859587312051971e+00
1.696325844612841038e+01
1.276615297284584649e+01
1.400281721259029588e+01
4.222008245644752300e+00
1.178062436274634450e+01
1.286550196516137312e+01
1.188821220645068522e+01
1.363425735166143049e+01
1.513879513212096128e+01
1.111324596323282954e+01
1.286550196516137312e+01
1.650676414605009157e+01
6.076507779746498805e+00
9.965574970333758387e+00
8.740387444736633427e+00
1.505445578434700415e+01
7.225151993843566878e+00
1.404820733880128181e+01
1.052482020710848865e+01
1.543035303761632804e+01
9.166995688475081394e+00
9.574614729634383536e+00
1.418350619798065715e+01
8.956231982162769611e+00
1.436192209445157708e+01
1.654528640181426269e+01
1.642944866646030988e+01
1.315904928495908166e+01
1.462546558286290477e+01
9.965574970333758387e+00
8.368283871884004910e+00
1.215301555949299761e+01
1.762584604821509515e+01
1.058513485680245481e+01
1.117038385124011413e+01
1.358748446131948917e+01
1.751715531361111644e+01
6.955796338302048021e+00
1.575695754970980111e+01
1.194164264288369282e+01
1.427299292922216978e+01
1.703815178355965898e+01
1.134007028277388685e+01
1.236077446474206631e+01
1.058513485680245481e+01
1.028002345391383443e+01
1.230916348999737586e+01
1.315904928495908166e+01
1.256509862862843541e+01
1.599753570059363028e+01
1.117038385124011413e+01
6.675581178124545545e+00
9.373021315815206478e+00
