1.368087033328175828e+01
9.373021315815206478e+00
7.399277020331918919e+00
1.530607971465162365e+01
1.571650316319191809e+01
9.901487006738307173e+00
1.105581278308273596e+01
1.296408962885714899e+01
1.236077446474206631e+01
8.593479713983121826e+00
8.667244841319218907e+00
7.225151993843566878e+00
9.373021315815206478e+00
1.349345229721172146e+01
1.599753570059363028e+01
8.740387444736633427e+00
1.058513485680245481e+01
1.518078909665319287e+01
1.595769121605730767e+01
1.150725478350318376e+01
7.817640190446718762e+00
1.139607097042601680e+01
9.965574970333758387e+00
1.462546558286290477e+01
1.052482020710848865e+01
1.167204486311898926e+01
1.363425735166143049e+01
9.373021315815206478e+00
9.166995688475081394e+00
1.183454054540639433e+01
1.139607097042601680e+01
1.178062436274634450e+01
1.413855043925722121e+01
7.569397566060480642e+00
5.046265044040320724e+00
1.236077446474206631e+01
1.082303275961201905e+01
1.571650316319191809e+01
1.117038385124011413e+01
1.266602473693425601e+01
1.225733520300188317e+01
1.178062436274634450e+01
1.427299292922216978e+01
1.575695754970980111e+01
1.117038385124011413e+01
1.413855043925722121e+01
1.178062436274634450e+01
9.373021315815206478e+00
1.099807968464679142e+01
1.623454913941802857e+01
1.276615297284584649e+01
1.368087033328175828e+01
7.653039857325811823e+00
1.178062436274634450e+01
1.236077446474206631e+01
1.325545386523797831e+01
1.088169461344923583e+01
1.479855404066383784e+01
1.111324596323282954e+01
1.296408962885714899e+01
7.978845608028653835e+00
1.631278838364701755e+01
9.965574970333758387e+00
9.166995688475081394e+00
1.479855404066383784e+01
8.136857890256438353e+00
1.386575534383213970e+01
1.058513485680245481e+01
1.505445578434700415e+01
9.304852983362556174e+00
9.901487006738307173e+00
1.358748446131948917e+01
5.641895835477562571e+00
9.373021315815206478e+00
1.436192209445157708e+01
1.555363345008750464e+01
1.286550196516137312e+01
1.381976597885341995e+01
1.571650316319191809e+01
9.097283682934460103e+00
9.965574970333758387e+00
1.236077446474206631e+01
1.654528640181426269e+01
1.058513485680245481e+01
7.225151993843566878e+00
1.099807968464679142e+01
1.291488987023529766e+01
6.076507779746498805e+00
8.368283871884004910e+00
5.527906391541367981e+00
1.615593100600235843e+01
1.210051848659980855e+01
1.466892917224166482e+01
1.404820733880128181e+01
1.635176762293251684e+01
1.178062436274634450e+01
1.236077446474206631e+01
1.058513485680245481e+01
1.040314189572019821e+01
1.236077446474206631e+01
1.306193320280393344e+01
1.296408962885714899e+01
1.575695754970980111e+01
1.117038385124011413e+01
8.444016491289504600e+00
9.901487006738307173e+00
