1.335116235624909109e+01
9.373021315815206478e+00
8.136857890256438353e+00
1.479855404066383784e+01
1.479855404066383784e+01
9.965574970333758387e+00
1.076405121554611632e+01
1.230916348999737586e+01
6.076507779746498805e+00
1.215301555949299761e+01
8.740387444736633427e+00
8.291859587312051971e+00
8.740387444736633427e+00
9.373021315815206478e+00
5.046265044040320724e+00
1.311058116710494836e+01
1.563528038089343752e+01
8.740387444736633427e+00
1.058513485680245481e+01
1.488434347843123184e+01
1.579730833933717626e+01
1.117038385124011413e+01
8.667244841319218907e+00
1.139607097042601680e+01
9.507891862878782518e+00
1.418350619798065715e+01
1.058513485680245481e+01
1.156244577056221523e+01
1.330339418036568588e+01
5.292567428401227403e+00
9.373021315815206478e+00
9.166995688475081394e+00
1.172646028567007725e+01
1.178062436274634450e+01
1.354055000514615159e+01
1.070474469691662733e+01
8.519075891779829490e+00
6.955796338302048021e+00
1.225733520300188317e+01
1.082303275961201905e+01
1.466892917224166482e+01
1.117038385124011413e+01
1.236077446474206631e+01
1.215301555949299761e+01
1.178062436274634450e+01
1.409345127989185542e+01
1.555363345008750464e+01
5.292567428401227403e+00
1.117038385124011413e+01
1.409345127989185542e+01
1.161737456321036532e+01
5.970821321441846408e+00
1.099807968464679142e+01
8.956231982162769611e+00
1.281592373849173683e+01
1.534761596392107741e+01
1.335116235624909109e+01
8.136857890256438353e+00
1.178062436274634450e+01
1.220528683538465842e+01
1.276615297284584649e+01
1.058513485680245481e+01
1.462546558286290477e+01
1.117038385124011413e+01
1.296408962885714899e+01
8.593479713983121826e+00
1.595769121605730767e+01
9.965574970333758387e+00
9.373021315815206478e+00
6.076507779746498805e+00
1.479855404066383784e+01
8.136857890256438353e+00
1.381976597885341995e+01
1.058513485680245481e+01
9.373021315815206478e+00
1.453814859003845150e+01
9.965574970333758387e+00
1.320733953636073110e+01
6.955796338302048021e+00
9.373021315815206478e+00
1.422831991532699902e+01
1.538904010394216471e+01
1.266602473693425601e+01
1.368087033328175828e+01
1.526443044094783019e+01
9.373021315815206478e+00
9.640875829802336483e+00
1.225733520300188317e+01
1.615593100600235843e+01
1.058513485680245481e+01
8.214724333230154940e+00
1.070474469691662733e+01
1.236077446474206631e+01
7.225151993843566878e+00
5.753627391751591880e+00
5.170882945826410726e+00
4.068428945128219176e+00
8.740387444736633427e+00
6.282549314314217703e+00
1.559451034962034477e+01
1.178062436274634450e+01
1.386575534383213970e+01
1.286550196516137312e+01
5.170882945826410726e+00
1.571650316319191809e+01
1.178062436274634450e+01
1.236077446474206631e+01
1.058513485680245481e+01
1.058513485680245481e+01
1.236077446474206631e+01
1.286550196516137312e+01
1.286550196516137312e+01
1.543035303761632804e+01
1.117038385124011413e+01
8.812923024107547576e+00
9.965574970333758387e+00
