1.058513485680245481e+01
6.383076486422923246e+00
7.136496464611084889e+00
9.027033336764100468e+00
6.383076486422923246e+00
7.399277020331918919e+00
8.956231982162769611e+00
3.385137501286537898e+00
7.225151993843566878e+00
1.236077446474206631e+01
7.569397566060480642e+00
8.058239062071395509e+00
8.444016491289504600e+00
9.965574970333758387e+00
1.034176589165282145e+01
9.097283682934460103e+00
9.574614729634383536e+00
9.373021315815206478e+00
9.097283682934460103e+00
9.027033336764100468e+00
6.863662517577697741e+00
7.225151993843566878e+00
8.214724333230154940e+00
7.569397566060480642e+00
5.411516379806009525e+00
7.225151993843566878e+00
6.383076486422923246e+00
8.956231982162769611e+00
1.058513485680245481e+01
1.286550196516137312e+01
1.058513485680245481e+01
7.817640190446718762e+00
4.918490759365934828e+00
1.225733520300188317e+01
8.058239062071395509e+00
1.306193320280393344e+01
8.667244841319218907e+00
9.236181543108379799e+00
1.009253008808064145e+01
8.519075891779829490e+00
6.955796338302048021e+00
1.122723095552866468e+01
1.009253008808064145e+01
2.763953195770683990e+00
1.088169461344923583e+01
6.383076486422923246e+00
1.236077446474206631e+01
8.136857890256438353e+00
5.046265044040320724e+00
6.579524642479540830e+00
7.225151993843566878e+00
9.574614729634383536e+00
8.444016491289504600e+00
9.373021315815206478e+00
1.099807968464679142e+01
1.021790793990058255e+01
1.105581278308273596e+01
9.772050238058398008e+00
8.884866446580955923e+00
7.569397566060480642e+00
9.304852983362556174e+00
1.117038385124011413e+01
1.117038385124011413e+01
9.373021315815206478e+00
1.040314189572019821e+01
1.156244577056221523e+01
9.772050238058398008e+00
6.955796338302048021e+00
1.311058116710494836e+01
7.569397566060480642e+00
6.675581178124545545e+00
8.136857890256438353e+00
1.391159267660409604e+01
8.291859587312051971e+00
6.863662517577697741e+00
7.735777827895049086e+00
5.046265044040320724e+00
1.266602473693425601e+01
6.863662517577697741e+00
9.166995688475081394e+00
1.105581278308273596e+01
8.136857890256438353e+00
1.058513485680245481e+01
8.740387444736633427e+00
1.117038385124011413e+01
1.150725478350318376e+01
1.058513485680245481e+01
9.373021315815206478e+00
7.046725639945927711e+00
7.653039857325811823e+00
1.117038385124011413e+01
6.076507779746498805e+00
1.105581278308273596e+01
1.040314189572019821e+01
8.136857890256438353e+00
1.178062436274634450e+01
1.335116235624909109e+01
7.569397566060480642e+00
1.046415791390898242e+01
1.199483507827737583e+01
8.593479713983121826e+00
1.427299292922216978e+01
9.965574970333758387e+00
8.519075891779829490e+00
9.574614729634383536e+00
8.136857890256438353e+00
1.172646028567007725e+01
5.170882945826410726e+00
1.251433034574463399e+01
7.735777827895049086e+00
1.009253008808064145e+01
9.706684619910241452e+00
1.281592373849173683e+01
9.440697438826296306e+00
1.117038385124011413e+01
7.569397566060480642e+00
8.136857890256438353e+00
9.965574970333758387e+00
5.170882945826410726e+00
6.383076486422923246e+00
1.320733953636073110e+01
1.128379167095512514e+01
6.863662517577697741e+00
1.178062436274634450e+01
3.385137501286537898e+00
1.040314189572019821e+01
1.311058116710494836e+01
9.373021315815206478e+00
8.593479713983121826e+00
1.122723095552866468e+01
1.320733953636073110e+01
6.076507779746498805e+00
7.225151993843566878e+00
1.040314189572019821e+01
9.027033336764100468e+00
9.965574970333758387e+00
1.150725478350318376e+01
8.058239062071395509e+00
6.180387232371033157e+00
7.569397566060480642e+00
4.918490759365934828e+00
7.735777827895049086e+00
8.058239062071395509e+00
7.399277020331918919e+00
9.027033336764100468e+00
6.955796338302048021e+00
7.399277020331918919e+00
1.296408962885714899e+01
1.167204486311898926e+01
7.978845608028653835e+00
1.046415791390898242e+01
1.058513485680245481e+01
1.368087033328175828e+01
6.482044814428574497e+00
1.156244577056221523e+01
1.139607097042601680e+01
1.058513485680245481e+01
1.058513485680245481e+01
1.156244577056221523e+01
1.058513485680245481e+01
1.099807968464679142e+01
1.105581278308273596e+01
5.753627391751591880e+00
1.178062436274634450e+01
9.373021315815206478e+00
9.304852983362556174e+00
