1.064510777218481152e+01
1.658371917462410394e+01
1.619528777809902209e+01
8.136857890256438353e+00
1.117038385124011413e+01
1.377362305878664728e+01
1.368087033328175828e+01
8.884866446580955923e+00
7.735777827895049086e+00
1.740778594902202769e+01
1.453814859003845150e+01
1.650676414605009157e+01
9.706684619910241452e+00
1.729772508200899850e+01
1.117038385124011413e+01
1.666031874701878124e+01
1.156244577056221523e+01
9.373021315815206478e+00
1.015541250385961369e+01
1.513879513212096128e+01
1.210051848659980855e+01
7.484820637019110379e+00
7.225151993843566878e+00
1.172646028567007725e+01
1.178062436274634450e+01
1.178062436274634450e+01
1.475547227809780537e+01
1.261566261010080048e+01
1.070474469691662733e+01
1.635176762293251684e+01
1.117038385124011413e+01
1.363425735166143049e+01
1.236077446474206631e+01
1.178062436274634450e+01
1.509668435477122017e+01
1.642944866646030988e+01
1.117038385124011413e+01
1.440618081907316395e+01
1.210051848659980855e+01
1.070474469691662733e+01
6.482044814428574497e+00
1.780552292517845459e+01
1.276615297284584649e+01
1.409345127989185542e+01
1.161737456321036532e+01
1.372732503515539548e+01
1.236077446474206631e+01
1.368087033328175828e+01
1.547155565579009817e+01
1.111324596323282954e+01
1.256509862862843541e+01
1.681247093473193388e+01
1.009253008808064145e+01
7.225151993843566878e+00
1.547155565579009817e+01
5.753627391751591880e+00
1.445030398768713376e+01
1.650676414605009157e+01
1.040314189572019821e+01
7.978845608028653835e+00
8.956231982162769611e+00
1.471226436021925466e+01
7.399277020331918919e+00
1.436192209445157708e+01
1.688803298257900920e+01
1.722396045987370883e+01
1.335116235624909109e+01
1.509668435477122017e+01
9.373021315815206478e+00
1.199483507827737583e+01
5.411516379806009525e+00
1.812445316531431061e+01
1.070474469691662733e+01
1.094004191971426110e+01
1.372732503515539548e+01
1.854116169711310036e+01
1.627371578051287671e+01
1.194164264288369282e+01
1.436192209445157708e+01
1.780552292517845459e+01
1.134007028277388685e+01
1.225733520300188317e+01
1.058513485680245481e+01
1.040314189572019821e+01
1.220528683538465842e+01
1.320733953636073110e+01
1.256509862862843541e+01
1.599753570059363028e+01
1.156244577056221523e+01
9.373021315815206478e+00
