1.377362305878664728e+01
9.373021315815206478e+00
7.399277020331918919e+00
1.522266721510391640e+01
1.571650316319191809e+01
9.772050238058398008e+00
1.111324596323282954e+01
1.296408962885714899e+01
1.236077446474206631e+01
8.593479713983121826e+00
8.593479713983121826e+00
6.863662517577697741e+00
9.373021315815206478e+00
1.349345229721172146e+01
1.599753570059363028e+01
8.740387444736633427e+00
1.058513485680245481e+01
1.522266721510391640e+01
1.595769121605730767e+01
1.150725478350318376e+01
7.653039857325811823e+00
1.139607097042601680e+01
9.965574970333758387e+00
1.471226436021925466e+01
1.046415791390898242e+01
1.167204486311898926e+01
1.368087033328175828e+01
9.373021315815206478e+00
9.166995688475081394e+00
1.183454054540639433e+01
1.150725478350318376e+01
1.178062436274634450e+01
1.413855043925722121e+01
7.399277020331918919e+00
4.513516668382050234e+00
1.236077446474206631e+01
1.082303275961201905e+01
1.575695754970980111e+01
1.117038385124011413e+01
1.276615297284584649e+01
1.230916348999737586e+01
1.178062436274634450e+01
1.427299292922216978e+01
1.575695754970980111e+01
1.122723095552866468e+01
1.413855043925722121e+01
1.178062436274634450e+01
9.373021315815206478e+00
1.094004191971426110e+01
1.642944866646030988e+01
1.276615297284584649e+01
1.377362305878664728e+01
7.399277020331918919e+00
1.178062436274634450e+01
1.236077446474206631e+01
1.325545386523797831e+01
1.105581278308273596e+01
1.484151074652385738e+01
1.111324596323282954e+01
1.296408962885714899e+01
7.978845608028653835e+00
1.635176762293251684e+01
9.965574970333758387e+00
9.166995688475081394e+00
1.479855404066383784e+01
8.136857890256438353e+00
1.386575534383213970e+01
1.058513485680245481e+01
1.513879513212096128e+01
9.373021315815206478e+00
9.901487006738307173e+00
1.363425735166143049e+01
4.918490759365934828e+00
9.373021315815206478e+00
1.436192209445157708e+01
1.563528038089343752e+01
1.286550196516137312e+01
1.386575534383213970e+01
1.575695754970980111e+01
9.097283682934460103e+00
9.965574970333758387e+00
1.236077446474206631e+01
1.658371917462410394e+01
1.058513485680245481e+01
7.046725639945927711e+00
1.105581278308273596e+01
1.291488987023529766e+01
5.753627391751591880e+00
8.291859587312051971e+00
1.627371578051287671e+01
5.292567428401227403e+00
1.210051848659980855e+01
1.466892917224166482e+01
1.404820733880128181e+01
1.642944866646030988e+01
1.178062436274634450e+01
1.236077446474206631e+01
1.058513485680245481e+01
1.040314189572019821e+01
1.236077446474206631e+01
1.301310337505149661e+01
1.291488987023529766e+01
1.575695754970980111e+01
1.117038385124011413e+01
8.444016491289504600e+00
9.836981518731869656e+00
