1.251433034574463399e+01
7.225151993843566878e+00
4.222008245644752300e+00
9.373021315815206478e+00
6.180387232371033157e+00
8.444016491289504600e+00
1.335116235624909109e+01
6.955796338302048021e+00
8.136857890256438353e+00
9.836981518731869656e+00
1.058513485680245481e+01
1.034176589165282145e+01
1.311058116710494836e+01
8.740387444736633427e+00
9.373021315815206478e+00
1.134007028277388685e+01
9.304852983362556174e+00
5.753627391751591880e+00
8.884866446580955923e+00
7.484820637019110379e+00
1.462546558286290477e+01
9.097283682934460103e+00
1.215301555949299761e+01
1.058513485680245481e+01
6.282549314314217703e+00
1.354055000514615159e+01
1.471226436021925466e+01
5.292567428401227403e+00
1.094004191971426110e+01
9.236181543108379799e+00
1.105581278308273596e+01
8.884866446580955923e+00
1.301310337505149661e+01
1.058513485680245481e+01
1.117038385124011413e+01
1.296408962885714899e+01
7.569397566060480642e+00
9.507891862878782518e+00
9.236181543108379799e+00
1.139607097042601680e+01
1.178062436274634450e+01
9.373021315815206478e+00
1.311058116710494836e+01
1.015541250385961369e+01
8.593479713983121826e+00
5.170882945826410726e+00
1.088169461344923583e+01
1.099807968464679142e+01
1.241217083805063837e+01
1.105581278308273596e+01
1.139607097042601680e+01
1.178062436274634450e+01
1.139607097042601680e+01
1.377362305878664728e+01
7.046725639945927711e+00
4.787307364817191768e+00
1.509668435477122017e+01
7.978845608028653835e+00
1.088169461344923583e+01
1.358748446131948917e+01
6.383076486422923246e+00
8.214724333230154940e+00
3.568248232305542444e+00
1.117038385124011413e+01
1.099807968464679142e+01
8.444016491289504600e+00
1.261566261010080048e+01
1.354055000514615159e+01
1.194164264288369282e+01
9.027033336764100468e+00
5.527906391541367981e+00
1.150725478350318376e+01
1.156244577056221523e+01
1.256509862862843541e+01
1.058513485680245481e+01
6.383076486422923246e+00
1.427299292922216978e+01
1.105581278308273596e+01
5.046265044040320724e+00
1.256509862862843541e+01
8.444016491289504600e+00
1.543035303761632804e+01
9.965574970333758387e+00
8.058239062071395509e+00
9.373021315815206478e+00
1.386575534383213970e+01
8.444016491289504600e+00
1.363425735166143049e+01
1.058513485680245481e+01
4.068428945128219176e+00
9.772050238058398008e+00
1.404820733880128181e+01
9.965574970333758387e+00
1.236077446474206631e+01
8.444016491289504600e+00
9.836981518731869656e+00
1.381976597885341995e+01
1.449429283826230197e+01
1.236077446474206631e+01
1.225733520300188317e+01
1.462546558286290477e+01
9.507891862878782518e+00
9.373021315815206478e+00
1.225733520300188317e+01
1.530607971465162365e+01
5.527906391541367981e+00
1.058513485680245481e+01
8.593479713983121826e+00
1.058513485680245481e+01
1.215301555949299761e+01
8.136857890256438353e+00
7.898654169668588132e+00
7.046725639945927711e+00
6.863662517577697741e+00
6.863662517577697741e+00
5.753627391751591880e+00
9.574614729634383536e+00
7.136496464611084889e+00
1.431752655671925822e+01
1.178062436274634450e+01
1.241217083805063837e+01
7.312732791431452384e+00
1.128379167095512514e+01
1.471226436021925466e+01
1.178062436274634450e+01
1.215301555949299761e+01
1.058513485680245481e+01
1.058513485680245481e+01
1.199483507827737583e+01
1.230916348999737586e+01
1.256509862862843541e+01
1.440618081907316395e+01
1.117038385124011413e+01
9.373021315815206478e+00
9.965574970333758387e+00
