1.236077446474206631e+01
4.918490759365934828e+00
9.373021315815206478e+00
4.222008245644752300e+00
6.675581178124545545e+00
8.593479713983121826e+00
1.330339418036568588e+01
7.136496464611084889e+00
8.136857890256438353e+00
9.836981518731869656e+00
1.058513485680245481e+01
1.286550196516137312e+01
8.740387444736633427e+00
1.015541250385961369e+01
9.373021315815206478e+00
1.105581278308273596e+01
9.304852983362556174e+00
6.076507779746498805e+00
9.027033336764100468e+00
7.569397566060480642e+00
9.097283682934460103e+00
1.440618081907316395e+01
1.058513485680245481e+01
1.172646028567007725e+01
6.482044814428574497e+00
1.354055000514615159e+01
6.076507779746498805e+00
1.445030398768713376e+01
1.070474469691662733e+01
9.373021315815206478e+00
1.082303275961201905e+01
8.812923024107547576e+00
1.261566261010080048e+01
1.058513485680245481e+01
1.117038385124011413e+01
1.296408962885714899e+01
7.817640190446718762e+00
9.574614729634383536e+00
1.954410047611679691e+00
9.166995688475081394e+00
1.178062436274634450e+01
1.117038385124011413e+01
9.373021315815206478e+00
1.296408962885714899e+01
1.021790793990058255e+01
8.593479713983121826e+00
5.170882945826410726e+00
1.034176589165282145e+01
1.105581278308273596e+01
1.215301555949299761e+01
1.070474469691662733e+01
1.117038385124011413e+01
1.178062436274634450e+01
1.117038385124011413e+01
1.368087033328175828e+01
7.225151993843566878e+00
5.753627391751591880e+00
1.496964127403822076e+01
8.136857890256438353e+00
3.191538243211461623e+00
1.046415791390898242e+01
5.046265044040320724e+00
1.354055000514615159e+01
6.383076486422923246e+00
1.117038385124011413e+01
8.058239062071395509e+00
1.099807968464679142e+01
8.519075891779829490e+00
1.256509862862843541e+01
1.335116235624909109e+01
1.145179781116143225e+01
9.027033336764100468e+00
5.970821321441846408e+00
1.134007028277388685e+01
1.145179781116143225e+01
1.256509862862843541e+01
1.058513485680245481e+01
6.675581178124545545e+00
1.422831991532699902e+01
1.105581278308273596e+01
5.753627391751591880e+00
1.246335526484300615e+01
8.368283871884004910e+00
1.543035303761632804e+01
9.965574970333758387e+00
8.291859587312051971e+00
9.373021315815206478e+00
1.372732503515539548e+01
8.444016491289504600e+00
1.363425735166143049e+01
1.058513485680245481e+01
4.787307364817191768e+00
9.706684619910241452e+00
1.386575534383213970e+01
1.009253008808064145e+01
1.210051848659980855e+01
2.523132522020160362e+00
4.370193722368316713e+00
8.740387444736633427e+00
9.836981518731869656e+00
1.368087033328175828e+01
1.445030398768713376e+01
1.236077446474206631e+01
1.183454054540639433e+01
1.445030398768713376e+01
9.507891862878782518e+00
9.507891862878782518e+00
1.220528683538465842e+01
1.522266721510391640e+01
6.076507779746498805e+00
1.058513485680245481e+01
8.812923024107547576e+00
1.058513485680245481e+01
1.204779266504070279e+01
8.136857890256438353e+00
8.291859587312051971e+00
7.312732791431452384e+00
7.046725639945927711e+00
6.863662517577697741e+00
5.970821321441846408e+00
9.440697438826296306e+00
7.136496464611084889e+00
1.422831991532699902e+01
1.178062436274634450e+01
7.399277020331918919e+00
1.204779266504070279e+01
1.117038385124011413e+01
1.466892917224166482e+01
1.178062436274634450e+01
1.215301555949299761e+01
1.058513485680245481e+01
1.058513485680245481e+01
1.199483507827737583e+01
1.225733520300188317e+01
1.251433034574463399e+01
1.427299292922216978e+01
1.117038385124011413e+01
9.373021315815206478e+00
9.901487006738307173e+00
