1.002925341359354938e+01
1.642944866646030988e+01
1.595769121605730767e+01
8.956231982162769611e+00
1.117038385124011413e+01
1.335116235624909109e+01
1.296408962885714899e+01
8.812923024107547576e+00
6.383076486422923246e+00
8.368283871884004910e+00
1.673656774376800982e+01
1.453814859003845150e+01
6.482044814428574497e+00
1.002925341359354938e+01
1.627371578051287671e+01
1.688803298257900920e+01
1.134007028277388685e+01
1.156244577056221523e+01
1.591774699517169012e+01
9.706684619910241452e+00
1.034176589165282145e+01
1.505445578434700415e+01
1.210051848659980855e+01
8.444016491289504600e+00
8.291859587312051971e+00
1.178062436274634450e+01
1.178062436274634450e+01
1.178062436274634450e+01
1.475547227809780537e+01
1.236077446474206631e+01
1.088169461344923583e+01
1.603728119216292924e+01
1.117038385124011413e+01
1.358748446131948917e+01
1.236077446474206631e+01
1.178062436274634450e+01
1.496964127403822076e+01
1.631278838364701755e+01
1.117038385124011413e+01
1.427299292922216978e+01
1.225733520300188317e+01
1.070474469691662733e+01
7.978845608028653835e+00
1.711271735549580697e+01
1.276615297284584649e+01
1.404820733880128181e+01
1.167204486311898926e+01
1.296408962885714899e+01
1.210051848659980855e+01
1.368087033328175828e+01
1.530607971465162365e+01
1.111324596323282954e+01
1.286550196516137312e+01
1.658371917462410394e+01
4.370193722368316713e+00
9.965574970333758387e+00
8.291859587312051971e+00
1.530607971465162365e+01
6.863662517577697741e+00
1.404820733880128181e+01
1.040314189572019821e+01
1.559451034962034477e+01
8.812923024107547576e+00
9.236181543108379799e+00
1.436192209445157708e+01
8.667244841319218907e+00
1.436192209445157708e+01
1.662206308517478703e+01
1.654528640181426269e+01
1.325545386523797831e+01
1.471226436021925466e+01
9.772050238058398008e+00
7.484820637019110379e+00
1.204779266504070279e+01
1.769793569896924623e+01
1.058513485680245481e+01
1.117038385124011413e+01
1.358748446131948917e+01
1.784124116152771222e+01
5.753627391751591880e+00
1.595769121605730767e+01
1.194164264288369282e+01
1.431752655671925822e+01
1.737117647432762624e+01
1.134007028277388685e+01
1.225733520300188317e+01
1.058513485680245481e+01
1.021790793990058255e+01
1.225733520300188317e+01
1.320733953636073110e+01
1.256509862862843541e+01
1.599753570059363028e+01
1.117038385124011413e+01
5.753627391751591880e+00
9.373021315815206478e+00
