9.772050238058398008e+00
4.222008245644752300e+00
1.642944866646030988e+01
1.595769121605730767e+01
9.027033336764100468e+00
1.117038385124011413e+01
1.320733953636073110e+01
1.276615297284584649e+01
8.444016491289504600e+00
6.770275002573075795e+00
8.519075891779829490e+00
1.666031874701878124e+01
1.453814859003845150e+01
7.136496464611084889e+00
1.002925341359354938e+01
1.603728119216292924e+01
1.677456227108388731e+01
1.134007028277388685e+01
1.156244577056221523e+01
1.579730833933717626e+01
9.772050238058398008e+00
1.040314189572019821e+01
1.496964127403822076e+01
1.204779266504070279e+01
8.667244841319218907e+00
8.593479713983121826e+00
1.178062436274634450e+01
1.178062436274634450e+01
1.178062436274634450e+01
1.471226436021925466e+01
1.236077446474206631e+01
1.088169461344923583e+01
1.599753570059363028e+01
1.117038385124011413e+01
1.358748446131948917e+01
1.236077446474206631e+01
1.178062436274634450e+01
1.484151074652385738e+01
1.623454913941802857e+01
1.117038385124011413e+01
1.427299292922216978e+01
1.225733520300188317e+01
1.070474469691662733e+01
8.214724333230154940e+00
1.707547527140466670e+01
1.276615297284584649e+01
1.400281721259029588e+01
1.178062436274634450e+01
1.296408962885714899e+01
1.215301555949299761e+01
1.368087033328175828e+01
1.522266721510391640e+01
1.111324596323282954e+01
1.286550196516137312e+01
1.658371917462410394e+01
5.170882945826410726e+00
9.965574970333758387e+00
8.444016491289504600e+00
1.518078909665319287e+01
6.863662517577697741e+00
1.404820733880128181e+01
1.040314189572019821e+01
1.559451034962034477e+01
9.097283682934460103e+00
9.236181543108379799e+00
1.422831991532699902e+01
8.593479713983121826e+00
1.436192209445157708e+01
1.654528640181426269e+01
1.654528640181426269e+01
1.320733953636073110e+01
1.466892917224166482e+01
9.901487006738307173e+00
7.817640190446718762e+00
1.210051848659980855e+01
1.762584604821509515e+01
1.058513485680245481e+01
1.117038385124011413e+01
1.358748446131948917e+01
1.766192765414112031e+01
6.180387232371033157e+00
1.583755632390385770e+01
1.194164264288369282e+01
1.431752655671925822e+01
1.718695942796624365e+01
1.134007028277388685e+01
1.230916348999737586e+01
1.058513485680245481e+01
1.028002345391383443e+01
1.230916348999737586e+01
1.320733953636073110e+01
1.256509862862843541e+01
1.599753570059363028e+01
1.117038385124011413e+01
6.180387232371033157e+00
9.373021315815206478e+00
