1.358748446131948917e+01
9.373021315815206478e+00
7.399277020331918919e+00
1.509668435477122017e+01
1.571650316319191809e+01
9.901487006738307173e+00
1.099807968464679142e+01
1.296408962885714899e+01
1.236077446474206631e+01
8.740387444736633427e+00
8.740387444736633427e+00
7.225151993843566878e+00
9.373021315815206478e+00
1.339876023397903637e+01
1.591774699517169012e+01
8.740387444736633427e+00
1.058513485680245481e+01
1.509668435477122017e+01
1.595769121605730767e+01
1.150725478350318376e+01
7.978845608028653835e+00
1.139607097042601680e+01
1.009253008808064145e+01
1.458187244392064308e+01
1.052482020710848865e+01
1.167204486311898926e+01
1.358748446131948917e+01
9.373021315815206478e+00
9.166995688475081394e+00
1.178062436274634450e+01
1.139607097042601680e+01
1.178062436274634450e+01
1.395727947504383337e+01
7.735777827895049086e+00
5.753627391751591880e+00
1.236077446474206631e+01
1.082303275961201905e+01
1.563528038089343752e+01
1.117038385124011413e+01
1.261566261010080048e+01
1.220528683538465842e+01
1.178062436274634450e+01
1.422831991532699902e+01
1.575695754970980111e+01
1.117038385124011413e+01
1.413855043925722121e+01
1.178062436274634450e+01
9.373021315815206478e+00
1.099807968464679142e+01
2.256758334191025117e+00
1.615593100600235843e+01
1.276615297284584649e+01
1.363425735166143049e+01
7.735777827895049086e+00
1.178062436274634450e+01
1.236077446474206631e+01
1.311058116710494836e+01
1.076405121554611632e+01
1.479855404066383784e+01
1.117038385124011413e+01
1.296408962885714899e+01
7.978845608028653835e+00
1.627371578051287671e+01
9.965574970333758387e+00
9.166995688475081394e+00
1.479855404066383784e+01
3.568248232305542444e+00
8.136857890256438353e+00
1.386575534383213970e+01
1.058513485680245481e+01
1.501210842680413826e+01
9.236181543108379799e+00
9.965574970333758387e+00
1.354055000514615159e+01
5.753627391751591880e+00
9.373021315815206478e+00
1.431752655671925822e+01
1.547155565579009817e+01
1.286550196516137312e+01
1.372732503515539548e+01
1.567594437773643001e+01
9.097283682934460103e+00
9.965574970333758387e+00
1.230916348999737586e+01
1.654528640181426269e+01
1.058513485680245481e+01
7.569397566060480642e+00
1.094004191971426110e+01
1.291488987023529766e+01
6.282549314314217703e+00
8.593479713983121826e+00
5.970821321441846408e+00
1.611647812414279102e+01
1.194164264288369282e+01
1.458187244392064308e+01
1.386575534383213970e+01
1.627371578051287671e+01
1.178062436274634450e+01
1.236077446474206631e+01
1.058513485680245481e+01
1.040314189572019821e+01
1.236077446474206631e+01
1.306193320280393344e+01
1.296408962885714899e+01
1.571650316319191809e+01
1.117038385124011413e+01
8.593479713983121826e+00
9.901487006738307173e+00
