1.311058116710494836e+01
6.180387232371033157e+00
9.373021315815206478e+00
8.136857890256438353e+00
1.409345127989185542e+01
5.527906391541367981e+00
1.386575534383213970e+01
1.009253008808064145e+01
1.070474469691662733e+01
1.128379167095512514e+01
7.225151993843566878e+00
1.194164264288369282e+01
8.740387444736633427e+00
9.027033336764100468e+00
9.027033336764100468e+00
9.373021315815206478e+00
6.770275002573075795e+00
1.296408962885714899e+01
1.526443044094783019e+01
9.027033336764100468e+00
1.058513485680245481e+01
1.449429283826230197e+01
1.543035303761632804e+01
1.117038385124011413e+01
9.166995688475081394e+00
1.122723095552866468e+01
9.304852983362556174e+00
1.372732503515539548e+01
1.058513485680245481e+01
1.134007028277388685e+01
1.296408962885714899e+01
6.955796338302048021e+00
9.373021315815206478e+00
9.373021315815206478e+00
1.167204486311898926e+01
1.178062436274634450e+01
8.812923024107547576e+00
1.335116235624909109e+01
1.046415791390898242e+01
7.978845608028653835e+00
1.220528683538465842e+01
1.082303275961201905e+01
1.335116235624909109e+01
1.117038385124011413e+01
1.188821220645068522e+01
1.204779266504070279e+01
1.178062436274634450e+01
1.386575534383213970e+01
1.530607971465162365e+01
5.292567428401227403e+00
6.955796338302048021e+00
1.105581278308273596e+01
1.386575534383213970e+01
1.150725478350318376e+01
5.292567428401227403e+00
7.225151993843566878e+00
1.105581278308273596e+01
8.519075891779829490e+00
1.281592373849173683e+01
1.488434347843123184e+01
1.286550196516137312e+01
8.667244841319218907e+00
1.167204486311898926e+01
1.194164264288369282e+01
1.276615297284584649e+01
1.058513485680245481e+01
1.445030398768713376e+01
1.122723095552866468e+01
1.286550196516137312e+01
8.667244841319218907e+00
1.579730833933717626e+01
9.965574970333758387e+00
7.046725639945927711e+00
9.373021315815206478e+00
1.466892917224166482e+01
8.593479713983121826e+00
1.372732503515539548e+01
1.052482020710848865e+01
9.373021315815206478e+00
1.449429283826230197e+01
9.965574970333758387e+00
1.276615297284584649e+01
7.484820637019110379e+00
9.440697438826296306e+00
1.395727947504383337e+01
1.509668435477122017e+01
1.236077446474206631e+01
1.339876023397903637e+01
1.492705330360461602e+01
9.507891862878782518e+00
9.373021315815206478e+00
1.225733520300188317e+01
1.567594437773643001e+01
1.058513485680245481e+01
8.291859587312051971e+00
1.064510777218481152e+01
1.236077446474206631e+01
7.898654169668588132e+00
7.136496464611084889e+00
6.076507779746498805e+00
5.753627391751591880e+00
4.918490759365934828e+00
9.027033336764100468e+00
6.863662517577697741e+00
1.501210842680413826e+01
1.178062436274634450e+01
1.354055000514615159e+01
6.383076486422923246e+00
1.215301555949299761e+01
1.522266721510391640e+01
1.178062436274634450e+01
1.236077446474206631e+01
1.058513485680245481e+01
1.058513485680245481e+01
1.230916348999737586e+01
1.281592373849173683e+01
1.276615297284584649e+01
1.492705330360461602e+01
1.117038385124011413e+01
9.373021315815206478e+00
9.965574970333758387e+00
