9.373021315815206478e+00
6.863662517577697741e+00
1.559451034962034477e+01
1.587770228520368221e+01
9.373021315815206478e+00
1.117038385124011413e+01
1.296408962885714899e+01
1.256509862862843541e+01
8.740387444736633427e+00
7.978845608028653835e+00
5.170882945826410726e+00
9.166995688475081394e+00
1.377362305878664728e+01
1.603728119216292924e+01
8.214724333230154940e+00
1.034176589165282145e+01
1.547155565579009817e+01
1.619528777809902209e+01
1.145179781116143225e+01
1.150725478350318376e+01
6.180387232371033157e+00
9.965574970333758387e+00
1.492705330360461602e+01
1.046415791390898242e+01
1.409345127989185542e+01
1.199483507827737583e+01
9.166995688475081394e+00
9.097283682934460103e+00
1.183454054540639433e+01
1.156244577056221523e+01
1.178062436274634450e+01
1.422831991532699902e+01
6.180387232371033157e+00
1.236077446474206631e+01
1.082303275961201905e+01
1.595769121605730767e+01
1.117038385124011413e+01
1.339876023397903637e+01
1.236077446474206631e+01
1.178062436274634450e+01
1.436192209445157708e+01
1.587770228520368221e+01
1.117038385124011413e+01
1.427299292922216978e+01
1.178062436274634450e+01
8.956231982162769611e+00
1.082303275961201905e+01
1.669848676668040710e+01
1.276615297284584649e+01
1.400281721259029588e+01
6.482044814428574497e+00
1.178062436274634450e+01
1.266602473693425601e+01
1.354055000514615159e+01
1.128379167095512514e+01
1.492705330360461602e+01
1.111324596323282954e+01
1.296408962885714899e+01
1.646815177937675045e+01
7.136496464611084889e+00
9.965574970333758387e+00
8.956231982162769611e+00
1.492705330360461602e+01
7.817640190446718762e+00
1.391159267660409604e+01
1.058513485680245481e+01
1.530607971465162365e+01
9.373021315815206478e+00
9.706684619910241452e+00
1.391159267660409604e+01
9.166995688475081394e+00
1.436192209445157708e+01
1.611647812414279102e+01
1.325545386523797831e+01
1.427299292922216978e+01
1.611647812414279102e+01
9.965574970333758387e+00
8.740387444736633427e+00
1.230916348999737586e+01
1.733448968263843781e+01
1.058513485680245481e+01
1.117038385124011413e+01
1.330339418036568588e+01
4.787307364817191768e+00
7.484820637019110379e+00
1.681247093473193388e+01
1.538904010394216471e+01
1.220528683538465842e+01
1.427299292922216978e+01
1.696325844612841038e+01
1.178062436274634450e+01
1.236077446474206631e+01
1.058513485680245481e+01
1.028002345391383443e+01
1.236077446474206631e+01
1.306193320280393344e+01
1.286550196516137312e+01
1.591774699517169012e+01
1.117038385124011413e+01
7.653039857325811823e+00
9.772050238058398008e+00
