1.064510777218481152e+01
1.658371917462410394e+01
1.611647812414279102e+01
8.136857890256438353e+00
1.117038385124011413e+01
1.358748446131948917e+01
1.363425735166143049e+01
8.740387444736633427e+00
8.136857890256438353e+00
1.711271735549580697e+01
1.453814859003845150e+01
3.908820095223359381e+00
1.650676414605009157e+01
9.706684619910241452e+00
1.714987856615383066e+01
1.122723095552866468e+01
1.639065416446577927e+01
1.156244577056221523e+01
9.373021315815206478e+00
1.015541250385961369e+01
1.513879513212096128e+01
1.210051848659980855e+01
8.058239062071395509e+00
7.484820637019110379e+00
1.172646028567007725e+01
1.178062436274634450e+01
1.178062436274634450e+01
1.475547227809780537e+01
1.261566261010080048e+01
1.070474469691662733e+01
1.623454913941802857e+01
1.117038385124011413e+01
1.363425735166143049e+01
1.236077446474206631e+01
1.178062436274634450e+01
1.509668435477122017e+01
1.642944866646030988e+01
1.117038385124011413e+01
1.431752655671925822e+01
1.215301555949299761e+01
1.070474469691662733e+01
6.955796338302048021e+00
1.762584604821509515e+01
1.276615297284584649e+01
1.409345127989185542e+01
1.167204486311898926e+01
1.372732503515539548e+01
1.230916348999737586e+01
1.368087033328175828e+01
1.547155565579009817e+01
1.111324596323282954e+01
1.256509862862843541e+01
1.666031874701878124e+01
9.965574970333758387e+00
7.312732791431452384e+00
1.547155565579009817e+01
5.970821321441846408e+00
1.436192209445157708e+01
1.639065416446577927e+01
1.040314189572019821e+01
8.291859587312051971e+00
9.097283682934460103e+00
1.453814859003845150e+01
7.817640190446718762e+00
1.436192209445157708e+01
1.681247093473193388e+01
1.711271735549580697e+01
1.335116235624909109e+01
1.501210842680413826e+01
9.640875829802336483e+00
1.204779266504070279e+01
5.753627391751591880e+00
1.805406667352820094e+01
1.070474469691662733e+01
1.094004191971426110e+01
1.368087033328175828e+01
1.840330728156092377e+01
1.623454913941802857e+01
1.194164264288369282e+01
1.436192209445157708e+01
1.769793569896924623e+01
1.134007028277388685e+01
1.225733520300188317e+01
1.058513485680245481e+01
1.052482020710848865e+01
1.220528683538465842e+01
1.320733953636073110e+01
1.256509862862843541e+01
1.599753570059363028e+01
1.156244577056221523e+01
9.373021315815206478e+00
