1.534761596392107741e+01
1.611647812414279102e+01
9.304852983362556174e+00
1.836868202552426155e+01
1.619528777809902209e+01
1.210051848659980855e+01
1.658371917462410394e+01
9.836981518731869656e+00
1.654528640181426269e+01
1.543035303761632804e+01
9.373021315815206478e+00
7.484820637019110379e+00
1.296408962885714899e+01
1.571650316319191809e+01
9.373021315815206478e+00
1.422831991532699902e+01
1.150725478350318376e+01
9.965574970333758387e+00
1.117038385124011413e+01
1.409345127989185542e+01
1.714987856615383066e+01
1.058513485680245481e+01
1.046415791390898242e+01
1.391159267660409604e+01
1.002925341359354938e+01
1.161737456321036532e+01
1.583755632390385770e+01
1.320733953636073110e+01
1.172646028567007725e+01
1.320733953636073110e+01
1.306193320280393344e+01
9.836981518731869656e+00
1.607692842495848140e+01
1.363425735166143049e+01
1.034176589165282145e+01
1.436192209445157708e+01
1.215301555949299761e+01
2.763953195770683990e+00
1.315904928495908166e+01
1.058513485680245481e+01
1.654528640181426269e+01
1.488434347843123184e+01
6.076507779746498805e+00
1.673656774376800982e+01
1.251433034574463399e+01
1.595769121605730767e+01
1.315904928495908166e+01
1.658371917462410394e+01
1.241217083805063837e+01
1.315904928495908166e+01
1.543035303761632804e+01
1.431752655671925822e+01
1.436192209445157708e+01
1.755346033766304004e+01
1.183454054540639433e+01
1.372732503515539548e+01
7.225151993843566878e+00
7.399277020331918919e+00
1.064510777218481152e+01
9.836981518731869656e+00
1.058513485680245481e+01
1.571650316319191809e+01
1.015541250385961369e+01
8.136857890256438353e+00
1.034176589165282145e+01
1.034176589165282145e+01
9.373021315815206478e+00
1.105581278308273596e+01
1.210051848659980855e+01
1.587770228520368221e+01
1.658371917462410394e+01
1.891508160359295942e+01
7.484820637019110379e+00
1.543035303761632804e+01
1.034176589165282145e+01
1.178062436274634450e+01
1.904923279949933956e+01
9.373021315815206478e+00
9.574614729634383536e+00
1.315904928495908166e+01
1.291488987023529766e+01
1.204779266504070279e+01
1.479855404066383784e+01
1.178062436274634450e+01
1.696325844612841038e+01
1.034176589165282145e+01
6.383076486422923246e+00
