1.028002345391383443e+01
1.058513485680245481e+01
1.139607097042601680e+01
6.863662517577697741e+00
8.291859587312051971e+00
8.593479713983121826e+00
4.652426491681278087e+00
9.373021315815206478e+00
9.640875829802336483e+00
1.145179781116143225e+01
6.383076486422923246e+00
1.178062436274634450e+01
1.040314189572019821e+01
7.312732791431452384e+00
1.052482020710848865e+01
6.180387232371033157e+00
1.286550196516137312e+01
9.507891862878782518e+00
8.740387444736633427e+00
1.291488987023529766e+01
1.236077446474206631e+01
8.136857890256438353e+00
7.569397566060480642e+00
9.965574970333758387e+00
1.178062436274634450e+01
1.150725478350318376e+01
7.735777827895049086e+00
5.527906391541367981e+00
8.740387444736633427e+00
6.863662517577697741e+00
7.312732791431452384e+00
1.117038385124011413e+01
1.117038385124011413e+01
9.965574970333758387e+00
7.399277020331918919e+00
1.117038385124011413e+01
8.740387444736633427e+00
7.399277020331918919e+00
1.040314189572019821e+01
6.076507779746498805e+00
1.058513485680245481e+01
9.373021315815206478e+00
8.593479713983121826e+00
1.117038385124011413e+01
7.735777827895049086e+00
8.136857890256438353e+00
6.955796338302048021e+00
8.740387444736633427e+00
1.058513485680245481e+01
9.373021315815206478e+00
1.021790793990058255e+01
6.383076486422923246e+00
6.863662517577697741e+00
1.117038385124011413e+01
1.034176589165282145e+01
1.145179781116143225e+01
8.291859587312051971e+00
7.312732791431452384e+00
8.444016491289504600e+00
1.058513485680245481e+01
1.046415791390898242e+01
8.136857890256438353e+00
7.225151993843566878e+00
8.136857890256438353e+00
9.373021315815206478e+00
1.161737456321036532e+01
1.145179781116143225e+01
9.965574970333758387e+00
1.363425735166143049e+01
1.139607097042601680e+01
8.136857890256438353e+00
8.136857890256438353e+00
1.178062436274634450e+01
9.373021315815206478e+00
1.058513485680245481e+01
9.965574970333758387e+00
7.817640190446718762e+00
1.150725478350318376e+01
1.241217083805063837e+01
1.236077446474206631e+01
1.230916348999737586e+01
9.772050238058398008e+00
6.383076486422923246e+00
8.136857890256438353e+00
5.411516379806009525e+00
7.136496464611084889e+00
7.898654169668588132e+00
8.136857890256438353e+00
5.046265044040320724e+00
1.178062436274634450e+01
9.965574970333758387e+00
1.296408962885714899e+01
6.482044814428574497e+00
6.383076486422923246e+00
9.772050238058398008e+00
1.070474469691662733e+01
7.399277020331918919e+00
8.136857890256438353e+00
1.088169461344923583e+01
7.484820637019110379e+00
7.225151993843566878e+00
1.117038385124011413e+01
8.740387444736633427e+00
1.256509862862843541e+01
7.225151993843566878e+00
1.251433034574463399e+01
9.373021315815206478e+00
1.009253008808064145e+01
8.291859587312051971e+00
7.225151993843566878e+00
9.772050238058398008e+00
9.373021315815206478e+00
1.058513485680245481e+01
1.117038385124011413e+01
8.136857890256438353e+00
1.009253008808064145e+01
8.740387444736633427e+00
9.373021315815206478e+00
5.170882945826410726e+00
1.139607097042601680e+01
7.817640190446718762e+00
9.772050238058398008e+00
8.291859587312051971e+00
9.507891862878782518e+00
9.373021315815206478e+00
9.965574970333758387e+00
1.070474469691662733e+01
6.863662517577697741e+00
8.444016491289504600e+00
2.985410660720923204e+00
1.046415791390898242e+01
1.301310337505149661e+01
1.413855043925722121e+01
9.373021315815206478e+00
1.315904928495908166e+01
8.136857890256438353e+00
8.214724333230154940e+00
1.320733953636073110e+01
9.965574970333758387e+00
1.082303275961201905e+01
6.180387232371033157e+00
9.965574970333758387e+00
1.296408962885714899e+01
9.373021315815206478e+00
7.817640190446718762e+00
8.667244841319218907e+00
8.956231982162769611e+00
1.188821220645068522e+01
1.070474469691662733e+01
9.373021315815206478e+00
9.373021315815206478e+00
8.136857890256438353e+00
1.117038385124011413e+01
8.058239062071395509e+00
1.070474469691662733e+01
8.444016491289504600e+00
6.955796338302048021e+00
1.246335526484300615e+01
6.863662517577697741e+00
9.027033336764100468e+00
8.740387444736633427e+00
7.569397566060480642e+00
