1.518078909665319287e+01
1.591774699517169012e+01
9.507891862878782518e+00
9.373021315815206478e+00
1.819456736586892021e+01
1.291488987023529766e+01
1.210051848659980855e+01
1.650676414605009157e+01
9.965574970333758387e+00
1.646815177937675045e+01
1.543035303761632804e+01
9.373021315815206478e+00
7.898654169668588132e+00
1.296408962885714899e+01
1.567594437773643001e+01
9.507891862878782518e+00
1.422831991532699902e+01
1.150725478350318376e+01
1.009253008808064145e+01
1.117038385124011413e+01
1.386575534383213970e+01
1.692568750643268771e+01
1.058513485680245481e+01
1.046415791390898242e+01
1.377362305878664728e+01
9.965574970333758387e+00
1.161737456321036532e+01
1.583755632390385770e+01
1.320733953636073110e+01
1.178062436274634450e+01
1.315904928495908166e+01
1.281592373849173683e+01
9.574614729634383536e+00
1.595769121605730767e+01
1.354055000514615159e+01
1.009253008808064145e+01
1.436192209445157708e+01
1.215301555949299761e+01
5.046265044040320724e+00
1.315904928495908166e+01
1.058513485680245481e+01
5.046265044040320724e+00
1.627371578051287671e+01
6.955796338302048021e+00
1.488434347843123184e+01
1.658371917462410394e+01
1.251433034574463399e+01
1.579730833933717626e+01
1.315904928495908166e+01
1.658371917462410394e+01
1.241217083805063837e+01
1.315904928495908166e+01
1.534761596392107741e+01
1.431752655671925822e+01
1.427299292922216978e+01
1.740778594902202769e+01
1.183454054540639433e+01
7.484820637019110379e+00
1.372732503515539548e+01
7.735777827895049086e+00
1.070474469691662733e+01
9.836981518731869656e+00
1.058513485680245481e+01
1.547155565579009817e+01
1.034176589165282145e+01
8.136857890256438353e+00
1.034176589165282145e+01
1.034176589165282145e+01
9.373021315815206478e+00
1.105581278308273596e+01
1.204779266504070279e+01
1.583755632390385770e+01
1.658371917462410394e+01
1.877997214831907158e+01
7.817640190446718762e+00
1.543035303761632804e+01
1.034176589165282145e+01
1.178062436274634450e+01
1.860970596672511235e+01
9.373021315815206478e+00
9.640875829802336483e+00
1.306193320280393344e+01
1.276615297284584649e+01
1.210051848659980855e+01
1.449429283826230197e+01
1.178062436274634450e+01
3.908820095223359381e+00
1.696325844612841038e+01
1.040314189572019821e+01
6.675581178124545545e+00
