1.145179781116143225e+01
1.256509862862843541e+01
1.286550196516137312e+01
4.652426491681278087e+00
8.444016491289504600e+00
8.291859587312051971e+00
9.373021315815206478e+00
1.040314189572019821e+01
1.178062436274634450e+01
1.311058116710494836e+01
1.161737456321036532e+01
4.787307364817191768e+00
1.099807968464679142e+01
1.409345127989185542e+01
9.440697438826296306e+00
8.136857890256438353e+00
1.354055000514615159e+01
1.344618962205996482e+01
8.740387444736633427e+00
7.484820637019110379e+00
9.965574970333758387e+00
1.256509862862843541e+01
1.266602473693425601e+01
3.568248232305542444e+00
8.812923024107547576e+00
6.863662517577697741e+00
1.241217083805063837e+01
1.117038385124011413e+01
9.965574970333758387e+00
6.482044814428574497e+00
1.117038385124011413e+01
8.740387444736633427e+00
7.225151993843566878e+00
1.156244577056221523e+01
1.311058116710494836e+01
1.058513485680245481e+01
1.002925341359354938e+01
8.740387444736633427e+00
7.735777827895049086e+00
8.136857890256438353e+00
8.884866446580955923e+00
1.070474469691662733e+01
9.373021315815206478e+00
1.058513485680245481e+01
5.292567428401227403e+00
1.261566261010080048e+01
1.156244577056221523e+01
1.088169461344923583e+01
8.136857890256438353e+00
1.183454054540639433e+01
4.222008245644752300e+00
8.593479713983121826e+00
1.058513485680245481e+01
6.955796338302048021e+00
7.225151993843566878e+00
4.068428945128219176e+00
9.373021315815206478e+00
1.194164264288369282e+01
1.178062436274634450e+01
9.965574970333758387e+00
1.409345127989185542e+01
1.199483507827737583e+01
8.136857890256438353e+00
7.978845608028653835e+00
1.246335526484300615e+01
9.373021315815206478e+00
1.105581278308273596e+01
9.965574970333758387e+00
1.291488987023529766e+01
1.377362305878664728e+01
6.076507779746498805e+00
1.276615297284584649e+01
1.349345229721172146e+01
1.363425735166143049e+01
1.311058116710494836e+01
8.444016491289504600e+00
5.753627391751591880e+00
1.413855043925722121e+01
1.058513485680245481e+01
1.161737456321036532e+01
6.955796338302048021e+00
1.220528683538465842e+01
7.484820637019110379e+00
1.306193320280393344e+01
3.385137501286537898e+00
7.817640190446718762e+00
1.296408962885714899e+01
1.431752655671925822e+01
6.383076486422923246e+00
9.373021315815206478e+00
1.058513485680245481e+01
8.136857890256438353e+00
4.222008245644752300e+00
9.640875829802336483e+00
9.373021315815206478e+00
1.099807968464679142e+01
1.117038385124011413e+01
6.863662517577697741e+00
9.965574970333758387e+00
8.740387444736633427e+00
9.836981518731869656e+00
1.225733520300188317e+01
6.076507779746498805e+00
1.046415791390898242e+01
8.956231982162769611e+00
1.009253008808064145e+01
9.373021315815206478e+00
9.965574970333758387e+00
1.111324596323282954e+01
8.136857890256438353e+00
1.105581278308273596e+01
1.354055000514615159e+01
1.484151074652385738e+01
1.422831991532699902e+01
9.373021315815206478e+00
8.136857890256438353e+00
1.400281721259029588e+01
8.136857890256438353e+00
1.021790793990058255e+01
1.117038385124011413e+01
1.381976597885341995e+01
9.965574970333758387e+00
9.373021315815206478e+00
6.955796338302048021e+00
8.136857890256438353e+00
8.884866446580955923e+00
1.225733520300188317e+01
1.117038385124011413e+01
9.706684619910241452e+00
9.373021315815206478e+00
7.046725639945927711e+00
1.150725478350318376e+01
1.167204486311898926e+01
7.569397566060480642e+00
8.136857890256438353e+00
1.325545386523797831e+01
4.370193722368316713e+00
9.373021315815206478e+00
8.740387444736633427e+00
6.482044814428574497e+00
7.136496464611084889e+00
