1.418350619798065715e+01
1.479855404066383784e+01
6.863662517577697741e+00
5.753627391751591880e+00
9.440697438826296306e+00
1.021790793990058255e+01
1.266602473693425601e+01
1.599753570059363028e+01
1.172646028567007725e+01
1.094004191971426110e+01
1.583755632390385770e+01
1.488434347843123184e+01
8.058239062071395509e+00
1.484151074652385738e+01
8.740387444736633427e+00
9.836981518731869656e+00
1.286550196516137312e+01
1.436192209445157708e+01
9.965574970333758387e+00
1.404820733880128181e+01
1.117038385124011413e+01
1.009253008808064145e+01
1.117038385124011413e+01
4.513516668382050234e+00
6.770275002573075795e+00
1.339876023397903637e+01
1.513879513212096128e+01
1.058513485680245481e+01
1.058513485680245481e+01
8.136857890256438353e+00
9.373021315815206478e+00
1.161737456321036532e+01
1.167204486311898926e+01
8.740387444736633427e+00
1.513879513212096128e+01
1.276615297284584649e+01
1.167204486311898926e+01
8.136857890256438353e+00
1.306193320280393344e+01
1.183454054540639433e+01
9.373021315815206478e+00
1.522266721510391640e+01
1.306193320280393344e+01
9.965574970333758387e+00
1.436192209445157708e+01
1.215301555949299761e+01
8.444016491289504600e+00
1.311058116710494836e+01
8.593479713983121826e+00
1.082303275961201905e+01
9.373021315815206478e+00
1.534761596392107741e+01
1.431752655671925822e+01
1.575695754970980111e+01
1.256509862862843541e+01
1.543035303761632804e+01
1.335116235624909109e+01
3.568248232305542444e+00
1.627371578051287671e+01
1.220528683538465842e+01
1.315904928495908166e+01
1.445030398768713376e+01
1.391159267660409604e+01
1.386575534383213970e+01
1.627371578051287671e+01
1.225733520300188317e+01
7.399277020331918919e+00
9.097283682934460103e+00
1.236077446474206631e+01
9.373021315815206478e+00
1.117038385124011413e+01
9.965574970333758387e+00
7.653039857325811823e+00
1.058513485680245481e+01
1.466892917224166482e+01
1.105581278308273596e+01
8.740387444736633427e+00
1.040314189572019821e+01
9.507891862878782518e+00
9.965574970333758387e+00
1.111324596323282954e+01
6.383076486422923246e+00
1.117038385124011413e+01
1.453814859003845150e+01
1.599753570059363028e+01
1.658371917462410394e+01
9.166995688475081394e+00
1.488434347843123184e+01
6.076507779746498805e+00
1.052482020710848865e+01
5.292567428401227403e+00
1.117038385124011413e+01
1.599753570059363028e+01
9.772050238058398008e+00
9.236181543108379799e+00
6.482044814428574497e+00
8.136857890256438353e+00
1.236077446474206631e+01
1.266602473693425601e+01
1.161737456321036532e+01
8.667244841319218907e+00
1.291488987023529766e+01
1.178062436274634450e+01
5.753627391751591880e+00
1.547155565579009817e+01
1.058513485680245481e+01
7.978845608028653835e+00
7.484820637019110379e+00
