1.418350619798065715e+01
1.462546558286290477e+01
7.046725639945927711e+00
6.076507779746498805e+00
9.373021315815206478e+00
1.021790793990058255e+01
1.261566261010080048e+01
1.579730833933717626e+01
1.172646028567007725e+01
1.094004191971426110e+01
1.579730833933717626e+01
1.488434347843123184e+01
8.136857890256438353e+00
1.484151074652385738e+01
8.740387444736633427e+00
9.836981518731869656e+00
1.286550196516137312e+01
1.418350619798065715e+01
9.965574970333758387e+00
1.386575534383213970e+01
1.117038385124011413e+01
1.009253008808064145e+01
1.117038385124011413e+01
5.046265044040320724e+00
7.046725639945927711e+00
1.335116235624909109e+01
1.513879513212096128e+01
1.058513485680245481e+01
1.058513485680245481e+01
8.136857890256438353e+00
9.304852983362556174e+00
1.156244577056221523e+01
1.167204486311898926e+01
8.812923024107547576e+00
1.505445578434700415e+01
1.276615297284584649e+01
1.167204486311898926e+01
8.136857890256438353e+00
1.311058116710494836e+01
1.172646028567007725e+01
9.373021315815206478e+00
1.522266721510391640e+01
1.311058116710494836e+01
9.965574970333758387e+00
1.436192209445157708e+01
1.215301555949299761e+01
8.593479713983121826e+00
1.315904928495908166e+01
8.593479713983121826e+00
1.088169461344923583e+01
9.440697438826296306e+00
1.534761596392107741e+01
1.422831991532699902e+01
1.571650316319191809e+01
1.256509862862843541e+01
1.534761596392107741e+01
1.335116235624909109e+01
4.370193722368316713e+00
1.627371578051287671e+01
1.210051848659980855e+01
1.320733953636073110e+01
1.440618081907316395e+01
1.386575534383213970e+01
1.386575534383213970e+01
1.619528777809902209e+01
1.215301555949299761e+01
7.653039857325811823e+00
9.097283682934460103e+00
1.236077446474206631e+01
9.373021315815206478e+00
1.117038385124011413e+01
9.965574970333758387e+00
7.898654169668588132e+00
1.058513485680245481e+01
1.458187244392064308e+01
1.099807968464679142e+01
8.740387444736633427e+00
1.040314189572019821e+01
9.507891862878782518e+00
9.965574970333758387e+00
1.111324596323282954e+01
6.482044814428574497e+00
1.117038385124011413e+01
1.453814859003845150e+01
1.595769121605730767e+01
1.654528640181426269e+01
9.166995688475081394e+00
1.488434347843123184e+01
6.180387232371033157e+00
5.641895835477562571e+00
1.052482020710848865e+01
1.117038385124011413e+01
1.579730833933717626e+01
9.772050238058398008e+00
9.236181543108379799e+00
6.770275002573075795e+00
8.136857890256438353e+00
1.236077446474206631e+01
1.266602473693425601e+01
1.156244577056221523e+01
8.667244841319218907e+00
1.286550196516137312e+01
1.178062436274634450e+01
5.863230142835038627e+00
1.530607971465162365e+01
1.058513485680245481e+01
7.978845608028653835e+00
7.735777827895049086e+00
