1.509668435477122017e+01
1.583755632390385770e+01
9.836981518731869656e+00
9.507891862878782518e+00
1.805406667352820094e+01
1.281592373849173683e+01
1.199483507827737583e+01
1.646815177937675045e+01
1.021790793990058255e+01
1.627371578051287671e+01
1.534761596392107741e+01
9.507891862878782518e+00
8.214724333230154940e+00
1.296408962885714899e+01
1.559451034962034477e+01
9.772050238058398008e+00
1.422831991532699902e+01
1.145179781116143225e+01
1.021790793990058255e+01
1.117038385124011413e+01
1.386575534383213970e+01
1.662206308517478703e+01
1.058513485680245481e+01
1.058513485680245481e+01
1.368087033328175828e+01
9.507891862878782518e+00
1.161737456321036532e+01
1.583755632390385770e+01
4.370193722368316713e+00
1.311058116710494836e+01
1.178062436274634450e+01
1.315904928495908166e+01
4.652426491681278087e+00
1.276615297284584649e+01
9.507891862878782518e+00
1.583755632390385770e+01
1.335116235624909109e+01
9.772050238058398008e+00
1.436192209445157708e+01
1.215301555949299761e+01
5.753627391751591880e+00
1.315904928495908166e+01
1.064510777218481152e+01
6.076507779746498805e+00
1.607692842495848140e+01
7.735777827895049086e+00
1.488434347843123184e+01
1.623454913941802857e+01
1.251433034574463399e+01
1.579730833933717626e+01
1.315904928495908166e+01
1.658371917462410394e+01
1.236077446474206631e+01
1.315904928495908166e+01
1.526443044094783019e+01
1.427299292922216978e+01
1.427299292922216978e+01
1.733448968263843781e+01
1.188821220645068522e+01
7.898654169668588132e+00
1.368087033328175828e+01
8.136857890256438353e+00
1.076405121554611632e+01
9.836981518731869656e+00
1.058513485680245481e+01
1.543035303761632804e+01
1.058513485680245481e+01
8.519075891779829490e+00
1.040314189572019821e+01
1.052482020710848865e+01
9.236181543108379799e+00
1.111324596323282954e+01
1.199483507827737583e+01
1.567594437773643001e+01
1.658371917462410394e+01
1.877997214831907158e+01
8.291859587312051971e+00
1.530607971465162365e+01
1.034176589165282145e+01
1.178062436274634450e+01
1.847236308621675960e+01
9.373021315815206478e+00
9.373021315815206478e+00
2.985410660720923204e+00
1.306193320280393344e+01
1.261566261010080048e+01
1.210051848659980855e+01
5.411516379806009525e+00
1.418350619798065715e+01
1.178062436274634450e+01
1.685029431422315938e+01
1.040314189572019821e+01
6.955796338302048021e+00
