1.449429283826230197e+01
1.547155565579009817e+01
9.965574970333758387e+00
9.836981518731869656e+00
1.276615297284584649e+01
1.744431859350498826e+01
1.172646028567007725e+01
1.046415791390898242e+01
1.607692842495848140e+01
1.551264883747923129e+01
1.518078909665319287e+01
5.753627391751591880e+00
8.740387444736633427e+00
9.836981518731869656e+00
1.291488987023529766e+01
1.505445578434700415e+01
9.901487006738307173e+00
1.413855043925722121e+01
1.117038385124011413e+01
1.040314189572019821e+01
1.117038385124011413e+01
1.377362305878664728e+01
1.591774699517169012e+01
1.058513485680245481e+01
1.058513485680245481e+01
6.675581178124545545e+00
1.256509862862843541e+01
9.373021315815206478e+00
1.161737456321036532e+01
7.136496464611084889e+00
1.547155565579009817e+01
1.306193320280393344e+01
1.161737456321036532e+01
7.046725639945927711e+00
1.315904928495908166e+01
1.236077446474206631e+01
9.373021315815206478e+00
1.543035303761632804e+01
1.315904928495908166e+01
9.706684619910241452e+00
1.436192209445157708e+01
1.215301555949299761e+01
7.569397566060480642e+00
1.315904928495908166e+01
7.898654169668588132e+00
1.070474469691662733e+01
1.591774699517169012e+01
8.812923024107547576e+00
1.471226436021925466e+01
1.599753570059363028e+01
1.256509862862843541e+01
1.563528038089343752e+01
1.315904928495908166e+01
1.650676414605009157e+01
1.246335526484300615e+01
1.311058116710494836e+01
1.505445578434700415e+01
1.418350619798065715e+01
1.400281721259029588e+01
1.685029431422315938e+01
1.210051848659980855e+01
4.222008245644752300e+00
8.740387444736633427e+00
1.296408962885714899e+01
9.097283682934460103e+00
1.117038385124011413e+01
9.836981518731869656e+00
1.058513485680245481e+01
5.527906391541367981e+00
1.513879513212096128e+01
1.070474469691662733e+01
8.740387444736633427e+00
1.040314189572019821e+01
1.028002345391383443e+01
9.772050238058398008e+00
1.105581278308273596e+01
1.183454054540639433e+01
3.191538243211461623e+00
1.513879513212096128e+01
1.631278838364701755e+01
1.829923496393627147e+01
8.740387444736633427e+00
1.492705330360461602e+01
1.052482020710848865e+01
1.161737456321036532e+01
1.722396045987370883e+01
9.440697438826296306e+00
9.166995688475081394e+00
6.482044814428574497e+00
1.291488987023529766e+01
1.276615297284584649e+01
1.167204486311898926e+01
7.399277020331918919e+00
1.344618962205996482e+01
1.178062436274634450e+01
1.654528640181426269e+01
1.058513485680245481e+01
7.484820637019110379e+00
6.282549314314217703e+00
