1.105581278308273596e+01
1.099807968464679142e+01
1.172646028567007725e+01
6.863662517577697741e+00
8.214724333230154940e+00
8.444016491289504600e+00
9.373021315815206478e+00
9.965574970333758387e+00
1.167204486311898926e+01
1.194164264288369282e+01
4.787307364817191768e+00
1.070474469691662733e+01
7.399277020331918919e+00
1.052482020710848865e+01
4.918490759365934828e+00
1.306193320280393344e+01
9.507891862878782518e+00
8.740387444736633427e+00
1.296408962885714899e+01
1.276615297284584649e+01
8.593479713983121826e+00
7.484820637019110379e+00
9.965574970333758387e+00
1.204779266504070279e+01
1.210051848659980855e+01
6.955796338302048021e+00
2.985410660720923204e+00
8.667244841319218907e+00
6.180387232371033157e+00
7.399277020331918919e+00
1.161737456321036532e+01
1.117038385124011413e+01
9.965574970333758387e+00
7.225151993843566878e+00
1.117038385124011413e+01
8.740387444736633427e+00
7.399277020331918919e+00
1.094004191971426110e+01
1.183454054540639433e+01
1.058513485680245481e+01
9.507891862878782518e+00
5.170882945826410726e+00
8.519075891779829490e+00
7.484820637019110379e+00
8.136857890256438353e+00
8.740387444736633427e+00
1.058513485680245481e+01
9.373021315815206478e+00
1.021790793990058255e+01
6.579524642479540830e+00
5.970821321441846408e+00
6.180387232371033157e+00
1.117038385124011413e+01
1.052482020710848865e+01
1.178062436274634450e+01
8.214724333230154940e+00
6.770275002573075795e+00
1.088169461344923583e+01
8.291859587312051971e+00
1.058513485680245481e+01
8.058239062071395509e+00
6.863662517577697741e+00
7.653039857325811823e+00
9.373021315815206478e+00
1.178062436274634450e+01
1.178062436274634450e+01
9.965574970333758387e+00
1.381976597885341995e+01
1.167204486311898926e+01
8.136857890256438353e+00
8.136857890256438353e+00
1.178062436274634450e+01
9.373021315815206478e+00
1.070474469691662733e+01
9.965574970333758387e+00
7.484820637019110379e+00
1.178062436274634450e+01
1.296408962885714899e+01
1.266602473693425601e+01
1.251433034574463399e+01
1.009253008808064145e+01
5.527906391541367981e+00
8.136857890256438353e+00
6.675581178124545545e+00
8.136857890256438353e+00
1.256509862862843541e+01
7.312732791431452384e+00
1.002925341359354938e+01
1.296408962885714899e+01
6.076507779746498805e+00
5.292567428401227403e+00
1.002925341359354938e+01
1.139607097042601680e+01
7.399277020331918919e+00
8.136857890256438353e+00
1.117038385124011413e+01
6.955796338302048021e+00
1.161737456321036532e+01
6.579524642479540830e+00
8.740387444736633427e+00
1.271618740744904485e+01
1.320733953636073110e+01
7.046725639945927711e+00
9.373021315815206478e+00
1.015541250385961369e+01
8.136857890256438353e+00
6.675581178124545545e+00
9.901487006738307173e+00
9.373021315815206478e+00
1.058513485680245481e+01
1.117038385124011413e+01
8.136857890256438353e+00
1.009253008808064145e+01
9.027033336764100468e+00
9.373021315815206478e+00
1.178062436274634450e+01
7.569397566060480642e+00
1.009253008808064145e+01
8.291859587312051971e+00
9.574614729634383536e+00
9.574614729634383536e+00
9.965574970333758387e+00
1.105581278308273596e+01
8.136857890256438353e+00
5.863230142835038627e+00
1.058513485680245481e+01
1.311058116710494836e+01
1.436192209445157708e+01
9.373021315815206478e+00
1.344618962205996482e+01
8.136857890256438353e+00
1.354055000514615159e+01
8.136857890256438353e+00
1.009253008808064145e+01
1.105581278308273596e+01
1.335116235624909109e+01
9.965574970333758387e+00
5.046265044040320724e+00
9.373021315815206478e+00
7.653039857325811823e+00
8.444016491289504600e+00
8.884866446580955923e+00
1.194164264288369282e+01
1.099807968464679142e+01
9.574614729634383536e+00
9.373021315815206478e+00
8.136857890256438353e+00
1.122723095552866468e+01
7.898654169668588132e+00
1.082303275961201905e+01
8.136857890256438353e+00
6.863662517577697741e+00
1.266602473693425601e+01
6.863662517577697741e+00
8.956231982162769611e+00
8.740387444736633427e+00
7.046725639945927711e+00
