1.400281721259029588e+01
1.427299292922216978e+01
7.898654169668588132e+00
7.046725639945927711e+00
9.373021315815206478e+00
1.034176589165282145e+01
1.215301555949299761e+01
1.526443044094783019e+01
1.172646028567007725e+01
1.094004191971426110e+01
1.534761596392107741e+01
8.593479713983121826e+00
1.462546558286290477e+01
1.475547227809780537e+01
5.863230142835038627e+00
8.740387444736633427e+00
9.901487006738307173e+00
4.652426491681278087e+00
1.296408962885714899e+01
1.372732503515539548e+01
9.507891862878782518e+00
1.363425735166143049e+01
1.117038385124011413e+01
1.021790793990058255e+01
1.117038385124011413e+01
6.770275002573075795e+00
7.735777827895049086e+00
1.296408962885714899e+01
1.479855404066383784e+01
1.058513485680245481e+01
1.046415791390898242e+01
8.444016491289504600e+00
8.812923024107547576e+00
1.117038385124011413e+01
5.753627391751591880e+00
9.166995688475081394e+00
1.167204486311898926e+01
1.475547227809780537e+01
1.220528683538465842e+01
1.178062436274634450e+01
8.136857890256438353e+00
1.311058116710494836e+01
4.222008245644752300e+00
1.117038385124011413e+01
9.373021315815206478e+00
1.449429283826230197e+01
1.296408962885714899e+01
9.965574970333758387e+00
1.436192209445157708e+01
1.210051848659980855e+01
8.368283871884004910e+00
4.652426491681278087e+00
1.306193320280393344e+01
9.027033336764100468e+00
1.117038385124011413e+01
9.836981518731869656e+00
1.522266721510391640e+01
1.395727947504383337e+01
1.509668435477122017e+01
1.276615297284584649e+01
1.518078909665319287e+01
1.335116235624909109e+01
6.482044814428574497e+00
1.599753570059363028e+01
1.178062436274634450e+01
1.311058116710494836e+01
1.409345127989185542e+01
1.372732503515539548e+01
1.386575534383213970e+01
1.571650316319191809e+01
1.167204486311898926e+01
8.593479713983121826e+00
5.970821321441846408e+00
9.373021315815206478e+00
1.204779266504070279e+01
9.640875829802336483e+00
1.117038385124011413e+01
9.965574970333758387e+00
8.136857890256438353e+00
1.058513485680245481e+01
1.404820733880128181e+01
1.111324596323282954e+01
8.740387444736633427e+00
1.040314189572019821e+01
9.373021315815206478e+00
9.965574970333758387e+00
1.117038385124011413e+01
7.817640190446718762e+00
1.117038385124011413e+01
1.427299292922216978e+01
1.555363345008750464e+01
1.599753570059363028e+01
9.373021315815206478e+00
1.479855404066383784e+01
7.225151993843566878e+00
6.863662517577697741e+00
1.058513485680245481e+01
1.117038385124011413e+01
1.534761596392107741e+01
9.901487006738307173e+00
9.236181543108379799e+00
7.653039857325811823e+00
8.214724333230154940e+00
1.236077446474206631e+01
1.251433034574463399e+01
1.145179781116143225e+01
8.812923024107547576e+00
1.246335526484300615e+01
1.178062436274634450e+01
6.863662517577697741e+00
1.496964127403822076e+01
1.040314189572019821e+01
8.444016491289504600e+00
8.058239062071395509e+00
