1.400281721259029588e+01
1.413855043925722121e+01
8.136857890256438353e+00
7.312732791431452384e+00
9.373021315815206478e+00
1.040314189572019821e+01
1.194164264288369282e+01
1.484151074652385738e+01
1.172646028567007725e+01
1.094004191971426110e+01
1.513879513212096128e+01
9.027033336764100468e+00
1.449429283826230197e+01
1.471226436021925466e+01
6.383076486422923246e+00
8.740387444736633427e+00
9.965574970333758387e+00
6.076507779746498805e+00
1.296408962885714899e+01
1.354055000514615159e+01
9.373021315815206478e+00
1.339876023397903637e+01
1.117038385124011413e+01
1.009253008808064145e+01
1.117038385124011413e+01
6.955796338302048021e+00
8.136857890256438353e+00
1.286550196516137312e+01
1.458187244392064308e+01
1.058513485680245481e+01
1.040314189572019821e+01
8.444016491289504600e+00
4.652426491681278087e+00
6.579524642479540830e+00
8.740387444736633427e+00
1.111324596323282954e+01
9.304852983362556174e+00
1.161737456321036532e+01
1.427299292922216978e+01
1.194164264288369282e+01
1.178062436274634450e+01
8.136857890256438353e+00
1.291488987023529766e+01
5.970821321441846408e+00
1.117038385124011413e+01
9.373021315815206478e+00
1.400281721259029588e+01
1.271618740744904485e+01
9.965574970333758387e+00
1.431752655671925822e+01
1.210051848659980855e+01
8.291859587312051971e+00
5.411516379806009525e+00
1.306193320280393344e+01
9.027033336764100468e+00
1.117038385124011413e+01
9.901487006738307173e+00
1.518078909665319287e+01
1.391159267660409604e+01
1.276615297284584649e+01
1.488434347843123184e+01
1.509668435477122017e+01
1.335116235624909109e+01
7.225151993843566878e+00
1.534761596392107741e+01
1.178062436274634450e+01
1.261566261010080048e+01
1.400281721259029588e+01
1.363425735166143049e+01
4.222008245644752300e+00
1.372732503515539548e+01
5.170882945826410726e+00
1.547155565579009817e+01
1.156244577056221523e+01
8.740387444736633427e+00
6.955796338302048021e+00
9.373021315815206478e+00
1.183454054540639433e+01
9.640875829802336483e+00
1.117038385124011413e+01
9.965574970333758387e+00
8.136857890256438353e+00
1.058513485680245481e+01
1.391159267660409604e+01
1.117038385124011413e+01
8.740387444736633427e+00
1.034176589165282145e+01
9.373021315815206478e+00
9.965574970333758387e+00
1.117038385124011413e+01
8.136857890256438353e+00
1.117038385124011413e+01
1.422831991532699902e+01
1.555363345008750464e+01
1.559451034962034477e+01
9.373021315815206478e+00
1.462546558286290477e+01
7.569397566060480642e+00
7.136496464611084889e+00
1.040314189572019821e+01
1.117038385124011413e+01
1.509668435477122017e+01
9.965574970333758387e+00
9.304852983362556174e+00
8.136857890256438353e+00
8.444016491289504600e+00
1.236077446474206631e+01
1.236077446474206631e+01
1.105581278308273596e+01
9.166995688475081394e+00
1.178062436274634450e+01
1.236077446474206631e+01
7.312732791431452384e+00
4.513516668382050234e+00
1.479855404066383784e+01
1.040314189572019821e+01
8.667244841319218907e+00
7.898654169668588132e+00
