1.427299292922216978e+01
1.530607971465162365e+01
5.170882945826410726e+00
9.507891862878782518e+00
9.965574970333758387e+00
1.256509862862843541e+01
1.692568750643268771e+01
1.172646028567007725e+01
1.064510777218481152e+01
1.591774699517169012e+01
1.522266721510391640e+01
6.955796338302048021e+00
1.496964127403822076e+01
9.027033336764100468e+00
9.836981518731869656e+00
1.286550196516137312e+01
1.471226436021925466e+01
9.965574970333758387e+00
1.409345127989185542e+01
1.117038385124011413e+01
1.009253008808064145e+01
1.117038385124011413e+01
5.292567428401227403e+00
1.372732503515539548e+01
1.567594437773643001e+01
1.058513485680245481e+01
1.058513485680245481e+01
7.569397566060480642e+00
1.215301555949299761e+01
9.373021315815206478e+00
1.161737456321036532e+01
8.136857890256438353e+00
1.538904010394216471e+01
1.286550196516137312e+01
1.167204486311898926e+01
7.653039857325811823e+00
1.311058116710494836e+01
1.210051848659980855e+01
9.373021315815206478e+00
1.538904010394216471e+01
1.315904928495908166e+01
9.965574970333758387e+00
1.436192209445157708e+01
1.215301555949299761e+01
8.136857890256438353e+00
1.315904928495908166e+01
8.136857890256438353e+00
1.070474469691662733e+01
1.567594437773643001e+01
9.373021315815206478e+00
1.453814859003845150e+01
1.595769121605730767e+01
1.256509862862843541e+01
1.563528038089343752e+01
1.320733953636073110e+01
1.642944866646030988e+01
1.236077446474206631e+01
1.311058116710494836e+01
1.488434347843123184e+01
1.413855043925722121e+01
1.395727947504383337e+01
1.650676414605009157e+01
1.220528683538465842e+01
6.383076486422923246e+00
8.740387444736633427e+00
1.241217083805063837e+01
9.373021315815206478e+00
1.117038385124011413e+01
9.836981518731869656e+00
1.058513485680245481e+01
6.863662517577697741e+00
1.484151074652385738e+01
1.088169461344923583e+01
8.740387444736633427e+00
1.040314189572019821e+01
9.640875829802336483e+00
9.965574970333758387e+00
1.105581278308273596e+01
5.753627391751591880e+00
1.161737456321036532e+01
1.479855404066383784e+01
1.627371578051287671e+01
1.744431859350498826e+01
9.097283682934460103e+00
1.492705330360461602e+01
2.985410660720923204e+00
1.046415791390898242e+01
1.161737456321036532e+01
1.688803298257900920e+01
9.640875829802336483e+00
9.236181543108379799e+00
7.312732791431452384e+00
4.222008245644752300e+00
1.281592373849173683e+01
1.276615297284584649e+01
1.156244577056221523e+01
7.898654169668588132e+00
1.311058116710494836e+01
1.178062436274634450e+01
1.599753570059363028e+01
1.058513485680245481e+01
7.653039857325811823e+00
7.225151993843566878e+00
