1.122723095552866468e+01
1.230916348999737586e+01
1.281592373849173683e+01
5.292567428401227403e+00
8.368283871884004910e+00
8.291859587312051971e+00
9.373021315815206478e+00
1.040314189572019821e+01
1.178062436274634450e+01
1.276615297284584649e+01
1.156244577056221523e+01
5.641895835477562571e+00
1.088169461344923583e+01
1.386575534383213970e+01
9.574614729634383536e+00
8.444016491289504600e+00
1.335116235624909109e+01
1.339876023397903637e+01
8.812923024107547576e+00
7.569397566060480642e+00
9.965574970333758387e+00
1.236077446474206631e+01
1.246335526484300615e+01
4.787307364817191768e+00
8.740387444736633427e+00
6.955796338302048021e+00
1.236077446474206631e+01
1.117038385124011413e+01
9.965574970333758387e+00
3.191538243211461623e+00
6.770275002573075795e+00
1.117038385124011413e+01
7.484820637019110379e+00
8.740387444736633427e+00
1.145179781116143225e+01
1.286550196516137312e+01
1.058513485680245481e+01
9.507891862878782518e+00
8.740387444736633427e+00
7.735777827895049086e+00
8.136857890256438353e+00
8.884866446580955923e+00
1.058513485680245481e+01
9.373021315815206478e+00
1.058513485680245481e+01
5.527906391541367981e+00
1.145179781116143225e+01
1.070474469691662733e+01
1.230916348999737586e+01
8.136857890256438353e+00
5.170882945826410726e+00
1.145179781116143225e+01
8.667244841319218907e+00
1.058513485680245481e+01
7.484820637019110379e+00
5.046265044040320724e+00
7.225151993843566878e+00
9.373021315815206478e+00
1.178062436274634450e+01
1.178062436274634450e+01
9.965574970333758387e+00
1.409345127989185542e+01
1.188821220645068522e+01
8.136857890256438353e+00
8.136857890256438353e+00
1.230916348999737586e+01
9.373021315815206478e+00
1.094004191971426110e+01
9.965574970333758387e+00
1.241217083805063837e+01
1.372732503515539548e+01
6.383076486422923246e+00
1.276615297284584649e+01
1.325545386523797831e+01
1.344618962205996482e+01
1.301310337505149661e+01
8.136857890256438353e+00
4.068428945128219176e+00
6.383076486422923246e+00
1.386575534383213970e+01
4.222008245644752300e+00
1.009253008808064145e+01
1.156244577056221523e+01
7.046725639945927711e+00
7.484820637019110379e+00
1.172646028567007725e+01
1.291488987023529766e+01
5.170882945826410726e+00
4.222008245644752300e+00
7.978845608028653835e+00
1.286550196516137312e+01
1.391159267660409604e+01
6.482044814428574497e+00
9.373021315815206478e+00
1.058513485680245481e+01
8.136857890256438353e+00
5.292567428401227403e+00
9.640875829802336483e+00
9.373021315815206478e+00
1.076405121554611632e+01
1.117038385124011413e+01
7.399277020331918919e+00
9.965574970333758387e+00
8.740387444736633427e+00
9.640875829802336483e+00
1.188821220645068522e+01
6.770275002573075795e+00
1.040314189572019821e+01
8.667244841319218907e+00
1.009253008808064145e+01
9.373021315815206478e+00
9.965574970333758387e+00
1.105581278308273596e+01
8.136857890256438353e+00
1.094004191971426110e+01
1.354055000514615159e+01
1.479855404066383784e+01
1.413855043925722121e+01
9.373021315815206478e+00
8.136857890256438353e+00
1.400281721259029588e+01
8.291859587312051971e+00
1.021790793990058255e+01
1.117038385124011413e+01
1.372732503515539548e+01
9.965574970333758387e+00
9.373021315815206478e+00
7.046725639945927711e+00
8.136857890256438353e+00
8.740387444736633427e+00
1.225733520300188317e+01
1.117038385124011413e+01
9.640875829802336483e+00
9.373021315815206478e+00
7.484820637019110379e+00
1.150725478350318376e+01
1.150725478350318376e+01
7.569397566060480642e+00
8.136857890256438353e+00
1.315904928495908166e+01
5.170882945826410726e+00
9.166995688475081394e+00
8.740387444736633427e+00
6.675581178124545545e+00
7.046725639945927711e+00
