1.404820733880128181e+01
1.427299292922216978e+01
7.569397566060480642e+00
6.863662517577697741e+00
9.373021315815206478e+00
1.028002345391383443e+01
1.225733520300188317e+01
1.538904010394216471e+01
1.172646028567007725e+01
1.094004191971426110e+01
1.555363345008750464e+01
1.462546558286290477e+01
8.444016491289504600e+00
1.484151074652385738e+01
4.918490759365934828e+00
8.740387444736633427e+00
9.901487006738307173e+00
3.191538243211461623e+00
1.296408962885714899e+01
1.381976597885341995e+01
9.507891862878782518e+00
1.368087033328175828e+01
1.117038385124011413e+01
1.021790793990058255e+01
1.117038385124011413e+01
6.076507779746498805e+00
7.484820637019110379e+00
1.296408962885714899e+01
1.479855404066383784e+01
1.058513485680245481e+01
1.046415791390898242e+01
8.136857890256438353e+00
8.956231982162769611e+00
1.122723095552866468e+01
5.170882945826410726e+00
9.166995688475081394e+00
1.167204486311898926e+01
1.492705330360461602e+01
1.256509862862843541e+01
1.167204486311898926e+01
8.136857890256438353e+00
1.315904928495908166e+01
1.117038385124011413e+01
9.373021315815206478e+00
1.492705330360461602e+01
1.306193320280393344e+01
9.965574970333758387e+00
1.436192209445157708e+01
1.215301555949299761e+01
8.444016491289504600e+00
1.320733953636073110e+01
1.128379167095512559e+00
8.812923024107547576e+00
1.117038385124011413e+01
9.836981518731869656e+00
1.522266721510391640e+01
1.418350619798065715e+01
1.547155565579009817e+01
1.276615297284584649e+01
1.530607971465162365e+01
1.335116235624909109e+01
6.180387232371033157e+00
1.607692842495848140e+01
1.178062436274634450e+01
1.311058116710494836e+01
1.418350619798065715e+01
1.372732503515539548e+01
1.381976597885341995e+01
1.591774699517169012e+01
1.167204486311898926e+01
8.291859587312051971e+00
5.641895835477562571e+00
9.373021315815206478e+00
9.706684619910241452e+00
1.215301555949299761e+01
1.117038385124011413e+01
9.965574970333758387e+00
8.136857890256438353e+00
1.058513485680245481e+01
1.436192209445157708e+01
1.105581278308273596e+01
8.740387444736633427e+00
1.040314189572019821e+01
9.373021315815206478e+00
9.965574970333758387e+00
1.117038385124011413e+01
7.484820637019110379e+00
1.117038385124011413e+01
1.427299292922216978e+01
1.555363345008750464e+01
1.623454913941802857e+01
9.304852983362556174e+00
1.484151074652385738e+01
7.046725639945927711e+00
6.383076486422923246e+00
1.058513485680245481e+01
1.117038385124011413e+01
1.543035303761632804e+01
9.836981518731869656e+00
9.236181543108379799e+00
7.399277020331918919e+00
8.136857890256438353e+00
1.230916348999737586e+01
1.256509862862843541e+01
1.150725478350318376e+01
8.740387444736633427e+00
1.266602473693425601e+01
1.178062436274634450e+01
6.863662517577697741e+00
1.496964127403822076e+01
1.040314189572019821e+01
8.291859587312051971e+00
7.978845608028653835e+00
