1.358748446131948917e+01
1.335116235624909109e+01
8.368283871884004910e+00
8.136857890256438353e+00
9.373021315815206478e+00
1.040314189572019821e+01
1.178062436274634450e+01
1.418350619798065715e+01
1.172646028567007725e+01
1.105581278308273596e+01
1.471226436021925466e+01
9.373021315815206478e+00
7.484820637019110379e+00
1.395727947504383337e+01
1.445030398768713376e+01
8.740387444736633427e+00
7.046725639945927711e+00
9.965574970333758387e+00
1.276615297284584649e+01
1.315904928495908166e+01
8.740387444736633427e+00
1.315904928495908166e+01
1.117038385124011413e+01
9.965574970333758387e+00
3.908820095223359381e+00
4.787307364817191768e+00
1.117038385124011413e+01
7.136496464611084889e+00
8.291859587312051971e+00
1.220528683538465842e+01
1.386575534383213970e+01
1.058513485680245481e+01
1.021790793990058255e+01
8.740387444736633427e+00
6.863662517577697741e+00
7.484820637019110379e+00
8.740387444736633427e+00
1.070474469691662733e+01
9.373021315815206478e+00
1.117038385124011413e+01
1.386575534383213970e+01
1.178062436274634450e+01
1.167204486311898926e+01
8.136857890256438353e+00
1.236077446474206631e+01
7.484820637019110379e+00
1.070474469691662733e+01
5.046265044040320724e+00
9.574614729634383536e+00
5.753627391751591880e+00
1.281592373849173683e+01
1.246335526484300615e+01
9.965574970333758387e+00
1.427299292922216978e+01
1.204779266504070279e+01
8.291859587312051971e+00
6.863662517577697741e+00
1.276615297284584649e+01
9.373021315815206478e+00
1.117038385124011413e+01
9.965574970333758387e+00
1.484151074652385738e+01
1.349345229721172146e+01
1.281592373849173683e+01
1.445030398768713376e+01
1.479855404066383784e+01
1.325545386523797831e+01
8.136857890256438353e+00
1.462546558286290477e+01
1.117038385124011413e+01
1.210051848659980855e+01
4.513516668382050234e+00
1.320733953636073110e+01
6.675581178124545545e+00
1.358748446131948917e+01
6.770275002573075795e+00
1.335116235624909109e+01
1.530607971465162365e+01
9.166995688475081394e+00
1.117038385124011413e+01
7.978845608028653835e+00
9.373021315815206478e+00
1.150725478350318376e+01
9.440697438826296306e+00
1.117038385124011413e+01
9.965574970333758387e+00
4.652426491681278087e+00
8.740387444736633427e+00
1.040314189572019821e+01
1.306193320280393344e+01
1.111324596323282954e+01
8.740387444736633427e+00
1.021790793990058255e+01
9.373021315815206478e+00
9.965574970333758387e+00
1.117038385124011413e+01
8.136857890256438353e+00
1.117038385124011413e+01
1.400281721259029588e+01
1.538904010394216471e+01
1.496964127403822076e+01
9.373021315815206478e+00
1.431752655671925822e+01
7.653039857325811823e+00
8.136857890256438353e+00
1.028002345391383443e+01
1.117038385124011413e+01
1.431752655671925822e+01
9.965574970333758387e+00
9.373021315815206478e+00
5.641895835477562571e+00
8.136857890256438353e+00
8.740387444736633427e+00
1.236077446474206631e+01
1.178062436274634450e+01
1.021790793990058255e+01
9.373021315815206478e+00
4.918490759365934828e+00
1.178062436274634450e+01
1.236077446474206631e+01
7.569397566060480642e+00
6.579524642479540830e+00
1.404820733880128181e+01
1.002925341359354938e+01
8.740387444736633427e+00
4.222008245644752300e+00
7.817640190446718762e+00
