1.453814859003845150e+01
1.555363345008750464e+01
1.009253008808064145e+01
9.836981518731869656e+00
1.276615297284584649e+01
1.748077488947326685e+01
1.172646028567007725e+01
1.046415791390898242e+01
1.607692842495848140e+01
1.555363345008750464e+01
1.526443044094783019e+01
5.411516379806009525e+00
8.740387444736633427e+00
9.836981518731869656e+00
1.291488987023529766e+01
1.513879513212096128e+01
9.901487006738307173e+00
1.418350619798065715e+01
1.117038385124011413e+01
1.046415791390898242e+01
1.117038385124011413e+01
1.377362305878664728e+01
1.591774699517169012e+01
1.058513485680245481e+01
1.058513485680245481e+01
6.180387232371033157e+00
1.266602473693425601e+01
9.373021315815206478e+00
1.161737456321036532e+01
6.955796338302048021e+00
1.559451034962034477e+01
1.306193320280393344e+01
1.167204486311898926e+01
6.770275002573075795e+00
1.315904928495908166e+01
1.236077446474206631e+01
9.373021315815206478e+00
1.543035303761632804e+01
1.320733953636073110e+01
9.706684619910241452e+00
1.436192209445157708e+01
1.215301555949299761e+01
7.484820637019110379e+00
1.315904928495908166e+01
7.569397566060480642e+00
1.070474469691662733e+01
1.591774699517169012e+01
8.812923024107547576e+00
1.471226436021925466e+01
1.599753570059363028e+01
1.256509862862843541e+01
1.563528038089343752e+01
1.315904928495908166e+01
1.650676414605009157e+01
1.241217083805063837e+01
1.311058116710494836e+01
1.505445578434700415e+01
1.422831991532699902e+01
1.400281721259029588e+01
1.688803298257900920e+01
1.204779266504070279e+01
3.191538243211461623e+00
8.667244841319218907e+00
1.315904928495908166e+01
9.097283682934460103e+00
1.117038385124011413e+01
9.965574970333758387e+00
1.058513485680245481e+01
5.292567428401227403e+00
1.522266721510391640e+01
1.070474469691662733e+01
8.740387444736633427e+00
1.040314189572019821e+01
1.028002345391383443e+01
9.706684619910241452e+00
1.111324596323282954e+01
1.183454054540639433e+01
1.522266721510391640e+01
1.635176762293251684e+01
1.829923496393627147e+01
8.740387444736633427e+00
1.496964127403822076e+01
1.052482020710848865e+01
1.167204486311898926e+01
1.744431859350498826e+01
9.373021315815206478e+00
9.166995688475081394e+00
6.282549314314217703e+00
1.296408962885714899e+01
1.271618740744904485e+01
1.167204486311898926e+01
7.225151993843566878e+00
1.349345229721172146e+01
1.178062436274634450e+01
1.654528640181426269e+01
1.058513485680245481e+01
7.312732791431452384e+00
6.282549314314217703e+00
