1.427299292922216978e+01
1.530607971465162365e+01
5.753627391751591880e+00
9.440697438826296306e+00
1.009253008808064145e+01
1.256509862862843541e+01
1.673656774376800982e+01
1.172646028567007725e+01
1.070474469691662733e+01
1.591774699517169012e+01
1.522266721510391640e+01
7.225151993843566878e+00
1.492705330360461602e+01
9.027033336764100468e+00
9.836981518731869656e+00
1.286550196516137312e+01
1.458187244392064308e+01
9.965574970333758387e+00
1.409345127989185542e+01
1.117038385124011413e+01
1.002925341359354938e+01
1.117038385124011413e+01
5.753627391751591880e+00
1.368087033328175828e+01
1.563528038089343752e+01
1.058513485680245481e+01
1.058513485680245481e+01
7.735777827895049086e+00
1.204779266504070279e+01
9.373021315815206478e+00
1.161737456321036532e+01
8.136857890256438353e+00
1.538904010394216471e+01
1.286550196516137312e+01
1.167204486311898926e+01
7.653039857325811823e+00
1.311058116710494836e+01
1.204779266504070279e+01
9.373021315815206478e+00
1.538904010394216471e+01
1.311058116710494836e+01
9.965574970333758387e+00
1.436192209445157708e+01
1.215301555949299761e+01
8.136857890256438353e+00
1.315904928495908166e+01
8.136857890256438353e+00
1.070474469691662733e+01
9.373021315815206478e+00
1.555363345008750464e+01
1.458187244392064308e+01
1.587770228520368221e+01
1.256509862862843541e+01
1.559451034962034477e+01
1.320733953636073110e+01
1.635176762293251684e+01
1.236077446474206631e+01
1.311058116710494836e+01
1.484151074652385738e+01
1.409345127989185542e+01
1.391159267660409604e+01
1.650676414605009157e+01
1.225733520300188317e+01
6.579524642479540830e+00
8.812923024107547576e+00
1.236077446474206631e+01
9.373021315815206478e+00
1.117038385124011413e+01
9.836981518731869656e+00
1.058513485680245481e+01
7.046725639945927711e+00
1.484151074652385738e+01
1.099807968464679142e+01
8.740387444736633427e+00
1.040314189572019821e+01
9.574614729634383536e+00
9.965574970333758387e+00
1.105581278308273596e+01
5.970821321441846408e+00
1.150725478350318376e+01
1.462546558286290477e+01
1.627371578051287671e+01
1.740778594902202769e+01
9.097283682934460103e+00
1.492705330360461602e+01
4.222008245644752300e+00
1.046415791390898242e+01
1.139607097042601680e+01
1.666031874701878124e+01
9.640875829802336483e+00
9.236181543108379799e+00
7.484820637019110379e+00
4.787307364817191768e+00
1.281592373849173683e+01
1.276615297284584649e+01
1.156244577056221523e+01
8.214724333230154940e+00
1.311058116710494836e+01
1.178062436274634450e+01
2.763953195770683990e+00
1.591774699517169012e+01
1.058513485680245481e+01
7.735777827895049086e+00
7.225151993843566878e+00
