1.427299292922216978e+01
1.505445578434700415e+01
5.753627391751591880e+00
4.222008245644752300e+00
9.440697438826296306e+00
1.015541250385961369e+01
1.256509862862843541e+01
1.646815177937675045e+01
1.172646028567007725e+01
1.094004191971426110e+01
1.587770228520368221e+01
1.513879513212096128e+01
7.399277020331918919e+00
1.484151074652385738e+01
8.956231982162769611e+00
9.836981518731869656e+00
1.286550196516137312e+01
1.440618081907316395e+01
9.965574970333758387e+00
1.413855043925722121e+01
1.117038385124011413e+01
1.002925341359354938e+01
1.117038385124011413e+01
6.180387232371033157e+00
1.358748446131948917e+01
1.559451034962034477e+01
1.058513485680245481e+01
1.058513485680245481e+01
7.978845608028653835e+00
9.373021315815206478e+00
1.178062436274634450e+01
1.161737456321036532e+01
8.444016491289504600e+00
1.518078909665319287e+01
1.276615297284584649e+01
1.167204486311898926e+01
7.898654169668588132e+00
1.311058116710494836e+01
1.199483507827737583e+01
9.373021315815206478e+00
1.530607971465162365e+01
1.311058116710494836e+01
9.965574970333758387e+00
1.436192209445157708e+01
1.215301555949299761e+01
8.136857890256438353e+00
1.311058116710494836e+01
8.444016491289504600e+00
1.070474469691662733e+01
9.373021315815206478e+00
1.551264883747923129e+01
1.440618081907316395e+01
1.583755632390385770e+01
1.256509862862843541e+01
1.555363345008750464e+01
1.330339418036568588e+01
1.635176762293251684e+01
1.230916348999737586e+01
1.315904928495908166e+01
1.466892917224166482e+01
1.404820733880128181e+01
1.391159267660409604e+01
1.650676414605009157e+01
1.225733520300188317e+01
7.046725639945927711e+00
9.097283682934460103e+00
1.236077446474206631e+01
9.373021315815206478e+00
1.117038385124011413e+01
9.901487006738307173e+00
1.058513485680245481e+01
7.225151993843566878e+00
1.475547227809780537e+01
1.105581278308273596e+01
8.740387444736633427e+00
1.040314189572019821e+01
9.507891862878782518e+00
9.965574970333758387e+00
1.105581278308273596e+01
6.383076486422923246e+00
1.128379167095512514e+01
1.453814859003845150e+01
1.623454913941802857e+01
1.703815178355965898e+01
9.097283682934460103e+00
1.484151074652385738e+01
4.918490759365934828e+00
1.046415791390898242e+01
4.068428945128219176e+00
1.128379167095512514e+01
1.650676414605009157e+01
9.706684619910241452e+00
9.236181543108379799e+00
5.863230142835038627e+00
7.817640190446718762e+00
1.241217083805063837e+01
1.271618740744904485e+01
1.156244577056221523e+01
8.291859587312051971e+00
1.306193320280393344e+01
1.178062436274634450e+01
4.513516668382050234e+00
1.571650316319191809e+01
1.058513485680245481e+01
7.817640190446718762e+00
7.225151993843566878e+00
