1.492705330360461602e+01
1.571650316319191809e+01
9.901487006738307173e+00
9.772050238058398008e+00
1.780552292517845459e+01
1.276615297284584649e+01
1.172646028567007725e+01
1.623454913941802857e+01
1.034176589165282145e+01
1.615593100600235843e+01
1.530607971465162365e+01
9.836981518731869656e+00
8.444016491289504600e+00
1.296408962885714899e+01
1.530607971465162365e+01
9.772050238058398008e+00
1.422831991532699902e+01
1.134007028277388685e+01
1.040314189572019821e+01
1.117038385124011413e+01
1.381976597885341995e+01
1.639065416446577927e+01
1.058513485680245481e+01
1.058513485680245481e+01
3.568248232305542444e+00
1.335116235624909109e+01
9.507891862878782518e+00
1.161737456321036532e+01
5.753627391751591880e+00
1.575695754970980111e+01
1.306193320280393344e+01
1.178062436274634450e+01
5.863230142835038627e+00
1.315904928495908166e+01
1.261566261010080048e+01
9.373021315815206478e+00
1.571650316319191809e+01
1.330339418036568588e+01
9.706684619910241452e+00
1.436192209445157708e+01
1.215301555949299761e+01
6.863662517577697741e+00
1.315904928495908166e+01
1.070474469691662733e+01
6.770275002573075795e+00
1.603728119216292924e+01
8.058239062071395509e+00
1.475547227809780537e+01
1.607692842495848140e+01
1.256509862862843541e+01
1.575695754970980111e+01
1.315904928495908166e+01
1.658371917462410394e+01
1.241217083805063837e+01
1.315904928495908166e+01
1.518078909665319287e+01
1.427299292922216978e+01
1.413855043925722121e+01
1.729772508200899850e+01
1.188821220645068522e+01
8.214724333230154940e+00
1.354055000514615159e+01
8.593479713983121826e+00
1.088169461344923583e+01
9.836981518731869656e+00
1.058513485680245481e+01
1.534761596392107741e+01
1.070474469691662733e+01
8.593479713983121826e+00
1.040314189572019821e+01
1.064510777218481152e+01
9.373021315815206478e+00
1.111324596323282954e+01
1.194164264288369282e+01
1.543035303761632804e+01
1.654528640181426269e+01
1.857546544836034741e+01
8.593479713983121826e+00
1.518078909665319287e+01
1.040314189572019821e+01
1.178062436274634450e+01
1.812445316531431061e+01
9.373021315815206478e+00
9.373021315815206478e+00
5.046265044040320724e+00
1.306193320280393344e+01
1.266602473693425601e+01
1.178062436274634450e+01
6.180387232371033157e+00
1.386575534383213970e+01
1.178062436274634450e+01
1.681247093473193388e+01
1.058513485680245481e+01
7.225151993843566878e+00
4.787307364817191768e+00
