1.453814859003845150e+01
1.555363345008750464e+01
9.965574970333758387e+00
9.836981518731869656e+00
1.276615297284584649e+01
1.748077488947326685e+01
1.172646028567007725e+01
1.034176589165282145e+01
1.607692842495848140e+01
1.571650316319191809e+01
1.526443044094783019e+01
5.046265044040320724e+00
8.740387444736633427e+00
9.836981518731869656e+00
1.296408962885714899e+01
1.513879513212096128e+01
9.901487006738307173e+00
1.422831991532699902e+01
1.117038385124011413e+01
1.040314189572019821e+01
1.117038385124011413e+01
1.377362305878664728e+01
1.595769121605730767e+01
1.058513485680245481e+01
1.058513485680245481e+01
5.753627391751591880e+00
1.276615297284584649e+01
9.507891862878782518e+00
1.161737456321036532e+01
6.955796338302048021e+00
1.563528038089343752e+01
1.301310337505149661e+01
1.167204486311898926e+01
6.383076486422923246e+00
1.315904928495908166e+01
1.241217083805063837e+01
9.373021315815206478e+00
1.543035303761632804e+01
1.325545386523797831e+01
9.706684619910241452e+00
1.436192209445157708e+01
1.215301555949299761e+01
7.225151993843566878e+00
1.315904928495908166e+01
7.569397566060480642e+00
1.070474469691662733e+01
1.595769121605730767e+01
8.593479713983121826e+00
1.471226436021925466e+01
1.603728119216292924e+01
1.256509862862843541e+01
1.567594437773643001e+01
1.315904928495908166e+01
1.650676414605009157e+01
1.241217083805063837e+01
1.315904928495908166e+01
1.509668435477122017e+01
1.427299292922216978e+01
1.400281721259029588e+01
1.692568750643268771e+01
1.199483507827737583e+01
8.593479713983121826e+00
1.320733953636073110e+01
9.027033336764100468e+00
1.117038385124011413e+01
9.965574970333758387e+00
1.058513485680245481e+01
5.046265044040320724e+00
1.522266721510391640e+01
1.070474469691662733e+01
9.027033336764100468e+00
1.040314189572019821e+01
1.040314189572019821e+01
9.574614729634383536e+00
1.111324596323282954e+01
1.183454054540639433e+01
1.522266721510391640e+01
1.635176762293251684e+01
1.829923496393627147e+01
8.740387444736633427e+00
1.496964127403822076e+01
1.052482020710848865e+01
1.167204486311898926e+01
1.773387063078969206e+01
9.373021315815206478e+00
9.236181543108379799e+00
6.180387232371033157e+00
1.306193320280393344e+01
1.271618740744904485e+01
1.172646028567007725e+01
7.225151993843566878e+00
1.358748446131948917e+01
1.178062436274634450e+01
1.654528640181426269e+01
1.058513485680245481e+01
7.225151993843566878e+00
5.970821321441846408e+00
