1.484151074652385738e+01
1.571650316319191809e+01
9.965574970333758387e+00
9.772050238058398008e+00
1.773387063078969206e+01
1.276615297284584649e+01
1.172646028567007725e+01
1.619528777809902209e+01
1.034176589165282145e+01
1.599753570059363028e+01
1.530607971465162365e+01
8.593479713983121826e+00
9.836981518731869656e+00
1.296408962885714899e+01
1.530607971465162365e+01
9.772050238058398008e+00
1.422831991532699902e+01
1.117038385124011413e+01
1.040314189572019821e+01
1.117038385124011413e+01
1.377362305878664728e+01
1.623454913941802857e+01
1.058513485680245481e+01
1.058513485680245481e+01
4.513516668382050234e+00
1.315904928495908166e+01
9.507891862878782518e+00
1.161737456321036532e+01
5.970821321441846408e+00
1.567594437773643001e+01
1.306193320280393344e+01
1.178062436274634450e+01
6.076507779746498805e+00
1.315904928495908166e+01
1.251433034574463399e+01
9.373021315815206478e+00
1.563528038089343752e+01
1.325545386523797831e+01
9.706684619910241452e+00
1.436192209445157708e+01
1.215301555949299761e+01
6.955796338302048021e+00
1.315904928495908166e+01
1.070474469691662733e+01
6.863662517577697741e+00
1.603728119216292924e+01
8.136857890256438353e+00
1.475547227809780537e+01
1.607692842495848140e+01
1.256509862862843541e+01
1.575695754970980111e+01
1.315904928495908166e+01
1.658371917462410394e+01
1.241217083805063837e+01
1.315904928495908166e+01
1.513879513212096128e+01
1.427299292922216978e+01
1.409345127989185542e+01
1.722396045987370883e+01
1.188821220645068522e+01
8.291859587312051971e+00
1.339876023397903637e+01
8.667244841319218907e+00
1.094004191971426110e+01
9.965574970333758387e+00
1.058513485680245481e+01
1.534761596392107741e+01
1.070474469691662733e+01
8.740387444736633427e+00
1.040314189572019821e+01
1.052482020710848865e+01
9.574614729634383536e+00
1.111324596323282954e+01
1.194164264288369282e+01
1.538904010394216471e+01
1.642944866646030988e+01
1.850679436136249834e+01
8.667244841319218907e+00
1.518078909665319287e+01
1.046415791390898242e+01
1.167204486311898926e+01
1.808929415419343556e+01
9.373021315815206478e+00
9.373021315815206478e+00
5.292567428401227403e+00
1.306193320280393344e+01
1.266602473693425601e+01
1.178062436274634450e+01
6.482044814428574497e+00
1.386575534383213970e+01
1.178062436274634450e+01
1.673656774376800982e+01
1.058513485680245481e+01
7.225151993843566878e+00
5.170882945826410726e+00
