1.413855043925722121e+01
1.445030398768713376e+01
7.225151993843566878e+00
6.282549314314217703e+00
9.373021315815206478e+00
1.021790793990058255e+01
1.256509862862843541e+01
1.559451034962034477e+01
1.172646028567007725e+01
1.094004191971426110e+01
1.575695754970980111e+01
1.479855404066383784e+01
8.136857890256438353e+00
1.484151074652385738e+01
2.985410660720923204e+00
8.740387444736633427e+00
9.836981518731869656e+00
1.291488987023529766e+01
1.413855043925722121e+01
9.965574970333758387e+00
1.377362305878664728e+01
1.117038385124011413e+01
1.009253008808064145e+01
1.117038385124011413e+01
5.527906391541367981e+00
7.225151993843566878e+00
1.335116235624909109e+01
1.505445578434700415e+01
1.058513485680245481e+01
1.058513485680245481e+01
8.136857890256438353e+00
9.097283682934460103e+00
1.150725478350318376e+01
1.167204486311898926e+01
3.191538243211461623e+00
8.884866446580955923e+00
1.505445578434700415e+01
1.271618740744904485e+01
1.167204486311898926e+01
8.136857890256438353e+00
1.315904928495908166e+01
1.145179781116143225e+01
1.522266721510391640e+01
9.373021315815206478e+00
1.311058116710494836e+01
9.965574970333758387e+00
1.436192209445157708e+01
1.215301555949299761e+01
8.593479713983121826e+00
1.320733953636073110e+01
8.667244841319218907e+00
1.105581278308273596e+01
9.574614729634383536e+00
1.534761596392107741e+01
1.418350619798065715e+01
1.567594437773643001e+01
1.256509862862843541e+01
1.534761596392107741e+01
1.335116235624909109e+01
5.046265044040320724e+00
1.631278838364701755e+01
1.199483507827737583e+01
1.320733953636073110e+01
1.440618081907316395e+01
1.377362305878664728e+01
1.381976597885341995e+01
1.603728119216292924e+01
1.199483507827737583e+01
7.817640190446718762e+00
9.166995688475081394e+00
3.568248232305542444e+00
1.236077446474206631e+01
9.440697438826296306e+00
1.117038385124011413e+01
9.965574970333758387e+00
8.058239062071395509e+00
1.058513485680245481e+01
1.445030398768713376e+01
1.099807968464679142e+01
8.740387444736633427e+00
1.034176589165282145e+01
9.373021315815206478e+00
9.965574970333758387e+00
1.117038385124011413e+01
6.863662517577697741e+00
1.117038385124011413e+01
1.453814859003845150e+01
1.587770228520368221e+01
1.650676414605009157e+01
9.236181543108379799e+00
1.488434347843123184e+01
6.282549314314217703e+00
5.970821321441846408e+00
1.052482020710848865e+01
1.117038385124011413e+01
1.571650316319191809e+01
9.836981518731869656e+00
9.236181543108379799e+00
7.046725639945927711e+00
8.136857890256438353e+00
1.236077446474206631e+01
1.266602473693425601e+01
1.156244577056221523e+01
8.667244841319218907e+00
1.286550196516137312e+01
1.178062436274634450e+01
6.180387232371033157e+00
1.526443044094783019e+01
1.058513485680245481e+01
8.058239062071395509e+00
7.735777827895049086e+00
