1.427299292922216978e+01
1.522266721510391640e+01
5.753627391751591880e+00
3.191538243211461623e+00
9.440697438826296306e+00
1.015541250385961369e+01
1.256509862862843541e+01
1.658371917462410394e+01
1.172646028567007725e+01
1.082303275961201905e+01
1.591774699517169012e+01
1.522266721510391640e+01
7.399277020331918919e+00
1.484151074652385738e+01
9.027033336764100468e+00
9.836981518731869656e+00
1.286550196516137312e+01
1.440618081907316395e+01
9.965574970333758387e+00
1.409345127989185542e+01
1.117038385124011413e+01
1.002925341359354938e+01
1.117038385124011413e+01
5.970821321441846408e+00
1.368087033328175828e+01
1.559451034962034477e+01
1.058513485680245481e+01
1.058513485680245481e+01
7.978845608028653835e+00
1.199483507827737583e+01
9.373021315815206478e+00
1.161737456321036532e+01
8.291859587312051971e+00
1.526443044094783019e+01
1.276615297284584649e+01
1.167204486311898926e+01
7.817640190446718762e+00
1.311058116710494836e+01
1.199483507827737583e+01
9.373021315815206478e+00
1.538904010394216471e+01
1.311058116710494836e+01
9.965574970333758387e+00
1.436192209445157708e+01
1.215301555949299761e+01
8.136857890256438353e+00
1.311058116710494836e+01
8.136857890256438353e+00
1.070474469691662733e+01
9.373021315815206478e+00
1.555363345008750464e+01
1.453814859003845150e+01
1.583755632390385770e+01
1.256509862862843541e+01
1.555363345008750464e+01
1.325545386523797831e+01
1.635176762293251684e+01
1.236077446474206631e+01
1.311058116710494836e+01
1.479855404066383784e+01
1.404820733880128181e+01
1.391159267660409604e+01
1.650676414605009157e+01
1.225733520300188317e+01
6.863662517577697741e+00
8.956231982162769611e+00
1.236077446474206631e+01
9.373021315815206478e+00
1.117038385124011413e+01
9.901487006738307173e+00
1.058513485680245481e+01
7.225151993843566878e+00
1.479855404066383784e+01
1.105581278308273596e+01
8.812923024107547576e+00
1.040314189572019821e+01
9.507891862878782518e+00
9.965574970333758387e+00
1.105581278308273596e+01
6.383076486422923246e+00
1.128379167095512514e+01
1.453814859003845150e+01
1.627371578051287671e+01
1.711271735549580697e+01
9.097283682934460103e+00
1.484151074652385738e+01
4.652426491681278087e+00
1.046415791390898242e+01
2.523132522020160362e+00
1.128379167095512514e+01
1.662206308517478703e+01
9.706684619910241452e+00
9.236181543108379799e+00
5.170882945826410726e+00
7.735777827895049086e+00
1.261566261010080048e+01
1.276615297284584649e+01
1.156244577056221523e+01
8.214724333230154940e+00
1.306193320280393344e+01
1.178062436274634450e+01
3.908820095223359381e+00
1.579730833933717626e+01
1.058513485680245481e+01
7.817640190446718762e+00
7.225151993843566878e+00
