1.400281721259029588e+01
1.413855043925722121e+01
7.978845608028653835e+00
7.225151993843566878e+00
9.373021315815206478e+00
1.034176589165282145e+01
1.210051848659980855e+01
1.522266721510391640e+01
1.172646028567007725e+01
1.094004191971426110e+01
1.530607971465162365e+01
8.667244841319218907e+00
1.458187244392064308e+01
1.475547227809780537e+01
6.076507779746498805e+00
8.740387444736633427e+00
9.965574970333758387e+00
5.170882945826410726e+00
1.296408962885714899e+01
1.368087033328175828e+01
9.507891862878782518e+00
1.358748446131948917e+01
1.117038385124011413e+01
1.015541250385961369e+01
1.117038385124011413e+01
6.770275002573075795e+00
7.817640190446718762e+00
1.286550196516137312e+01
1.475547227809780537e+01
1.058513485680245481e+01
1.046415791390898242e+01
8.444016491289504600e+00
2.985410660720923204e+00
8.740387444736633427e+00
1.117038385124011413e+01
5.753627391751591880e+00
9.166995688475081394e+00
1.167204486311898926e+01
1.436192209445157708e+01
1.215301555949299761e+01
1.178062436274634450e+01
8.136857890256438353e+00
1.306193320280393344e+01
5.046265044040320724e+00
1.117038385124011413e+01
9.373021315815206478e+00
1.431752655671925822e+01
1.286550196516137312e+01
9.965574970333758387e+00
1.436192209445157708e+01
1.210051848659980855e+01
8.368283871884004910e+00
5.170882945826410726e+00
1.306193320280393344e+01
9.027033336764100468e+00
1.117038385124011413e+01
9.836981518731869656e+00
1.522266721510391640e+01
1.391159267660409604e+01
1.276615297284584649e+01
1.492705330360461602e+01
1.518078909665319287e+01
1.335116235624909109e+01
6.675581178124545545e+00
1.555363345008750464e+01
1.178062436274634450e+01
1.301310337505149661e+01
1.409345127989185542e+01
1.372732503515539548e+01
1.381976597885341995e+01
1.563528038089343752e+01
3.385137501286537898e+00
1.161737456321036532e+01
8.667244841319218907e+00
6.383076486422923246e+00
9.373021315815206478e+00
1.194164264288369282e+01
9.640875829802336483e+00
1.117038385124011413e+01
9.965574970333758387e+00
8.136857890256438353e+00
1.058513485680245481e+01
1.404820733880128181e+01
1.111324596323282954e+01
8.740387444736633427e+00
1.034176589165282145e+01
9.373021315815206478e+00
9.965574970333758387e+00
1.117038385124011413e+01
8.136857890256438353e+00
1.117038385124011413e+01
1.427299292922216978e+01
1.555363345008750464e+01
1.587770228520368221e+01
9.373021315815206478e+00
1.479855404066383784e+01
7.225151993843566878e+00
7.046725639945927711e+00
1.058513485680245481e+01
1.117038385124011413e+01
1.522266721510391640e+01
9.965574970333758387e+00
9.236181543108379799e+00
7.898654169668588132e+00
8.444016491289504600e+00
1.236077446474206631e+01
1.236077446474206631e+01
1.117038385124011413e+01
8.812923024107547576e+00
1.178062436274634450e+01
1.236077446474206631e+01
6.955796338302048021e+00
1.954410047611679691e+00
1.492705330360461602e+01
1.040314189572019821e+01
8.593479713983121826e+00
7.817640190446718762e+00
