1.009253008808064145e+01
1.058513485680245481e+01
1.134007028277388685e+01
7.046725639945927711e+00
8.368283871884004910e+00
8.740387444736633427e+00
5.046265044040320724e+00
9.373021315815206478e+00
9.574614729634383536e+00
1.134007028277388685e+01
6.383076486422923246e+00
1.178062436274634450e+01
1.034176589165282145e+01
7.312732791431452384e+00
1.052482020710848865e+01
6.180387232371033157e+00
1.286550196516137312e+01
9.507891862878782518e+00
8.740387444736633427e+00
1.286550196516137312e+01
1.225733520300188317e+01
8.136857890256438353e+00
7.569397566060480642e+00
9.965574970333758387e+00
1.178062436274634450e+01
1.139607097042601680e+01
7.978845608028653835e+00
5.641895835477562571e+00
8.740387444736633427e+00
6.863662517577697741e+00
7.399277020331918919e+00
1.117038385124011413e+01
1.117038385124011413e+01
9.965574970333758387e+00
7.399277020331918919e+00
1.117038385124011413e+01
8.740387444736633427e+00
7.399277020331918919e+00
6.383076486422923246e+00
1.028002345391383443e+01
1.058513485680245481e+01
9.373021315815206478e+00
8.593479713983121826e+00
1.117038385124011413e+01
7.817640190446718762e+00
8.136857890256438353e+00
7.046725639945927711e+00
8.740387444736633427e+00
1.058513485680245481e+01
6.770275002573075795e+00
9.373021315815206478e+00
1.021790793990058255e+01
6.863662517577697741e+00
1.117038385124011413e+01
1.021790793990058255e+01
1.134007028277388685e+01
8.291859587312051971e+00
7.399277020331918919e+00
8.444016491289504600e+00
1.058513485680245481e+01
1.046415791390898242e+01
8.136857890256438353e+00
7.312732791431452384e+00
8.136857890256438353e+00
9.373021315815206478e+00
1.156244577056221523e+01
1.134007028277388685e+01
9.965574970333758387e+00
1.349345229721172146e+01
1.134007028277388685e+01
8.136857890256438353e+00
8.214724333230154940e+00
1.178062436274634450e+01
9.373021315815206478e+00
1.058513485680245481e+01
9.965574970333758387e+00
7.978845608028653835e+00
1.134007028277388685e+01
1.230916348999737586e+01
1.236077446474206631e+01
1.215301555949299761e+01
9.772050238058398008e+00
6.383076486422923246e+00
8.136857890256438353e+00
5.753627391751591880e+00
7.225151993843566878e+00
5.527906391541367981e+00
7.978845608028653835e+00
8.136857890256438353e+00
1.178062436274634450e+01
9.965574970333758387e+00
1.296408962885714899e+01
6.579524642479540830e+00
6.383076486422923246e+00
9.772050238058398008e+00
1.058513485680245481e+01
7.484820637019110379e+00
8.136857890256438353e+00
7.569397566060480642e+00
1.082303275961201905e+01
7.225151993843566878e+00
1.117038385124011413e+01
8.740387444736633427e+00
1.246335526484300615e+01
7.225151993843566878e+00
1.230916348999737586e+01
9.373021315815206478e+00
1.009253008808064145e+01
8.291859587312051971e+00
7.225151993843566878e+00
9.772050238058398008e+00
9.373021315815206478e+00
1.058513485680245481e+01
1.117038385124011413e+01
8.291859587312051971e+00
1.009253008808064145e+01
8.740387444736633427e+00
9.373021315815206478e+00
5.641895835477562571e+00
1.139607097042601680e+01
7.817640190446718762e+00
9.640875829802336483e+00
8.214724333230154940e+00
9.507891862878782518e+00
9.373021315815206478e+00
9.965574970333758387e+00
1.058513485680245481e+01
6.863662517577697741e+00
4.222008245644752300e+00
8.444016491289504600e+00
1.040314189572019821e+01
1.301310337505149661e+01
1.391159267660409604e+01
9.373021315815206478e+00
1.306193320280393344e+01
8.136857890256438353e+00
8.058239062071395509e+00
1.311058116710494836e+01
9.965574970333758387e+00
1.070474469691662733e+01
6.282549314314217703e+00
9.965574970333758387e+00
1.291488987023529766e+01
9.236181543108379799e+00
7.817640190446718762e+00
8.740387444736633427e+00
8.956231982162769611e+00
1.178062436274634450e+01
1.070474469691662733e+01
9.373021315815206478e+00
9.373021315815206478e+00
8.136857890256438353e+00
1.117038385124011413e+01
7.978845608028653835e+00
1.070474469691662733e+01
8.444016491289504600e+00
7.136496464611084889e+00
1.236077446474206631e+01
6.863662517577697741e+00
9.027033336764100468e+00
8.812923024107547576e+00
7.569397566060480642e+00
