1.427299292922216978e+01
1.505445578434700415e+01
6.383076486422923246e+00
4.652426491681278087e+00
9.440697438826296306e+00
1.021790793990058255e+01
1.256509862862843541e+01
1.623454913941802857e+01
1.172646028567007725e+01
1.094004191971426110e+01
1.583755632390385770e+01
1.488434347843123184e+01
7.817640190446718762e+00
1.484151074652385738e+01
8.740387444736633427e+00
9.836981518731869656e+00
1.286550196516137312e+01
1.440618081907316395e+01
9.965574970333758387e+00
1.413855043925722121e+01
1.117038385124011413e+01
1.002925341359354938e+01
1.117038385124011413e+01
6.383076486422923246e+00
2.985410660720923204e+00
1.354055000514615159e+01
1.547155565579009817e+01
1.058513485680245481e+01
1.058513485680245481e+01
7.978845608028653835e+00
9.373021315815206478e+00
1.178062436274634450e+01
1.161737456321036532e+01
8.593479713983121826e+00
1.513879513212096128e+01
1.276615297284584649e+01
1.167204486311898926e+01
7.978845608028653835e+00
1.311058116710494836e+01
1.199483507827737583e+01
9.373021315815206478e+00
1.530607971465162365e+01
1.306193320280393344e+01
9.965574970333758387e+00
1.436192209445157708e+01
1.215301555949299761e+01
8.291859587312051971e+00
1.311058116710494836e+01
8.444016491289504600e+00
1.070474469691662733e+01
9.373021315815206478e+00
1.547155565579009817e+01
1.440618081907316395e+01
1.583755632390385770e+01
1.256509862862843541e+01
1.551264883747923129e+01
1.330339418036568588e+01
1.627371578051287671e+01
1.236077446474206631e+01
1.315904928495908166e+01
1.453814859003845150e+01
1.400281721259029588e+01
1.391159267660409604e+01
1.642944866646030988e+01
1.225733520300188317e+01
7.225151993843566878e+00
9.097283682934460103e+00
1.236077446474206631e+01
9.373021315815206478e+00
1.117038385124011413e+01
9.965574970333758387e+00
1.058513485680245481e+01
7.312732791431452384e+00
1.471226436021925466e+01
1.105581278308273596e+01
8.812923024107547576e+00
1.040314189572019821e+01
9.507891862878782518e+00
9.965574970333758387e+00
1.105581278308273596e+01
6.383076486422923246e+00
1.128379167095512514e+01
1.453814859003845150e+01
1.619528777809902209e+01
1.677456227108388731e+01
9.097283682934460103e+00
1.488434347843123184e+01
5.527906391541367981e+00
1.046415791390898242e+01
4.370193722368316713e+00
1.117038385124011413e+01
1.642944866646030988e+01
9.706684619910241452e+00
9.236181543108379799e+00
6.180387232371033157e+00
7.898654169668588132e+00
1.236077446474206631e+01
1.266602473693425601e+01
1.156244577056221523e+01
8.444016491289504600e+00
1.306193320280393344e+01
1.178062436274634450e+01
5.046265044040320724e+00
1.555363345008750464e+01
1.058513485680245481e+01
7.978845608028653835e+00
7.312732791431452384e+00
