1.391159267660409604e+01
1.409345127989185542e+01
8.136857890256438353e+00
7.569397566060480642e+00
9.373021315815206478e+00
1.040314189572019821e+01
1.188821220645068522e+01
1.479855404066383784e+01
1.172646028567007725e+01
1.094004191971426110e+01
1.509668435477122017e+01
9.027033336764100468e+00
1.440618081907316395e+01
1.466892917224166482e+01
6.482044814428574497e+00
8.740387444736633427e+00
9.965574970333758387e+00
6.180387232371033157e+00
1.296408962885714899e+01
1.349345229721172146e+01
9.304852983362556174e+00
1.325545386523797831e+01
1.117038385124011413e+01
1.002925341359354938e+01
1.117038385124011413e+01
6.955796338302048021e+00
8.136857890256438353e+00
1.286550196516137312e+01
1.458187244392064308e+01
1.058513485680245481e+01
1.034176589165282145e+01
8.593479713983121826e+00
5.170882945826410726e+00
6.955796338302048021e+00
8.740387444736633427e+00
1.099807968464679142e+01
9.236181543108379799e+00
1.161737456321036532e+01
1.422831991532699902e+01
1.183454054540639433e+01
1.178062436274634450e+01
8.136857890256438353e+00
1.281592373849173683e+01
6.383076486422923246e+00
1.111324596323282954e+01
9.373021315815206478e+00
1.372732503515539548e+01
1.271618740744904485e+01
9.965574970333758387e+00
1.431752655671925822e+01
1.204779266504070279e+01
8.291859587312051971e+00
5.863230142835038627e+00
1.301310337505149661e+01
9.097283682934460103e+00
1.117038385124011413e+01
9.965574970333758387e+00
1.513879513212096128e+01
1.386575534383213970e+01
1.276615297284584649e+01
1.484151074652385738e+01
1.505445578434700415e+01
1.335116235624909109e+01
7.225151993843566878e+00
1.518078909665319287e+01
1.156244577056221523e+01
1.261566261010080048e+01
1.409345127989185542e+01
1.363425735166143049e+01
4.513516668382050234e+00
1.372732503515539548e+01
5.292567428401227403e+00
1.547155565579009817e+01
1.150725478350318376e+01
8.740387444736633427e+00
6.955796338302048021e+00
9.373021315815206478e+00
1.178062436274634450e+01
9.507891862878782518e+00
1.117038385124011413e+01
9.965574970333758387e+00
8.214724333230154940e+00
1.052482020710848865e+01
1.391159267660409604e+01
1.117038385124011413e+01
8.740387444736633427e+00
1.028002345391383443e+01
9.373021315815206478e+00
9.965574970333758387e+00
1.117038385124011413e+01
8.136857890256438353e+00
1.117038385124011413e+01
1.418350619798065715e+01
1.555363345008750464e+01
1.551264883747923129e+01
9.373021315815206478e+00
1.449429283826230197e+01
7.653039857325811823e+00
7.225151993843566878e+00
1.040314189572019821e+01
1.117038385124011413e+01
1.505445578434700415e+01
9.965574970333758387e+00
9.304852983362556174e+00
8.136857890256438353e+00
8.593479713983121826e+00
1.236077446474206631e+01
1.236077446474206631e+01
1.088169461344923583e+01
9.166995688475081394e+00
1.178062436274634450e+01
1.236077446474206631e+01
7.399277020331918919e+00
5.046265044040320724e+00
1.479855404066383784e+01
1.034176589165282145e+01
8.740387444736633427e+00
7.817640190446718762e+00
