1.453814859003845150e+01
1.555363345008750464e+01
9.965574970333758387e+00
9.772050238058398008e+00
1.276615297284584649e+01
1.751715531361111644e+01
1.172646028567007725e+01
1.034176589165282145e+01
1.607692842495848140e+01
1.583755632390385770e+01
1.526443044094783019e+01
4.370193722368316713e+00
8.740387444736633427e+00
9.836981518731869656e+00
1.296408962885714899e+01
1.522266721510391640e+01
9.836981518731869656e+00
1.422831991532699902e+01
1.117038385124011413e+01
1.040314189572019821e+01
1.117038385124011413e+01
1.377362305878664728e+01
1.599753570059363028e+01
1.058513485680245481e+01
1.058513485680245481e+01
5.753627391751591880e+00
1.281592373849173683e+01
9.507891862878782518e+00
1.161737456321036532e+01
6.863662517577697741e+00
1.559451034962034477e+01
1.301310337505149661e+01
1.178062436274634450e+01
6.282549314314217703e+00
1.315904928495908166e+01
1.241217083805063837e+01
9.373021315815206478e+00
1.547155565579009817e+01
1.325545386523797831e+01
9.706684619910241452e+00
1.436192209445157708e+01
1.215301555949299761e+01
7.136496464611084889e+00
1.315904928495908166e+01
7.312732791431452384e+00
1.070474469691662733e+01
1.595769121605730767e+01
8.368283871884004910e+00
1.471226436021925466e+01
1.607692842495848140e+01
1.256509862862843541e+01
1.567594437773643001e+01
1.315904928495908166e+01
1.650676414605009157e+01
1.241217083805063837e+01
1.315904928495908166e+01
1.513879513212096128e+01
1.427299292922216978e+01
1.404820733880128181e+01
1.700074635581867355e+01
1.188821220645068522e+01
8.519075891779829490e+00
1.335116235624909109e+01
8.740387444736633427e+00
1.105581278308273596e+01
9.965574970333758387e+00
1.058513485680245481e+01
4.222008245644752300e+00
1.526443044094783019e+01
1.070474469691662733e+01
8.812923024107547576e+00
1.034176589165282145e+01
1.046415791390898242e+01
9.574614729634383536e+00
1.111324596323282954e+01
1.188821220645068522e+01
1.522266721510391640e+01
1.639065416446577927e+01
1.833399137695016279e+01
8.740387444736633427e+00
1.501210842680413826e+01
1.046415791390898242e+01
1.167204486311898926e+01
1.780552292517845459e+01
9.373021315815206478e+00
9.236181543108379799e+00
6.076507779746498805e+00
1.306193320280393344e+01
1.266602473693425601e+01
1.178062436274634450e+01
6.955796338302048021e+00
1.372732503515539548e+01
1.178062436274634450e+01
1.658371917462410394e+01
1.058513485680245481e+01
7.225151993843566878e+00
5.641895835477562571e+00
