1.400281721259029588e+01
1.413855043925722121e+01
8.136857890256438353e+00
7.225151993843566878e+00
9.373021315815206478e+00
1.040314189572019821e+01
1.204779266504070279e+01
1.488434347843123184e+01
1.172646028567007725e+01
1.094004191971426110e+01
1.522266721510391640e+01
8.740387444736633427e+00
1.449429283826230197e+01
1.475547227809780537e+01
6.383076486422923246e+00
8.740387444736633427e+00
9.965574970333758387e+00
5.641895835477562571e+00
1.296408962885714899e+01
1.354055000514615159e+01
9.373021315815206478e+00
1.354055000514615159e+01
1.117038385124011413e+01
1.009253008808064145e+01
1.117038385124011413e+01
6.955796338302048021e+00
7.978845608028653835e+00
1.286550196516137312e+01
1.462546558286290477e+01
1.058513485680245481e+01
1.040314189572019821e+01
8.444016491289504600e+00
4.068428945128219176e+00
6.282549314314217703e+00
8.740387444736633427e+00
1.117038385124011413e+01
9.166995688475081394e+00
1.167204486311898926e+01
1.427299292922216978e+01
1.204779266504070279e+01
1.178062436274634450e+01
8.136857890256438353e+00
1.291488987023529766e+01
5.292567428401227403e+00
1.117038385124011413e+01
9.373021315815206478e+00
1.418350619798065715e+01
1.276615297284584649e+01
9.965574970333758387e+00
1.436192209445157708e+01
1.210051848659980855e+01
8.368283871884004910e+00
5.170882945826410726e+00
1.306193320280393344e+01
9.027033336764100468e+00
1.117038385124011413e+01
9.836981518731869656e+00
1.522266721510391640e+01
1.391159267660409604e+01
1.276615297284584649e+01
1.488434347843123184e+01
1.509668435477122017e+01
1.335116235624909109e+01
6.863662517577697741e+00
1.543035303761632804e+01
1.178062436274634450e+01
1.266602473693425601e+01
1.400281721259029588e+01
1.368087033328175828e+01
2.763953195770683990e+00
1.377362305878664728e+01
3.908820095223359381e+00
1.551264883747923129e+01
1.156244577056221523e+01
8.740387444736633427e+00
6.770275002573075795e+00
9.373021315815206478e+00
1.194164264288369282e+01
9.640875829802336483e+00
1.117038385124011413e+01
9.965574970333758387e+00
8.136857890256438353e+00
1.058513485680245481e+01
1.400281721259029588e+01
1.117038385124011413e+01
8.740387444736633427e+00
1.034176589165282145e+01
9.373021315815206478e+00
9.965574970333758387e+00
1.117038385124011413e+01
8.136857890256438353e+00
1.117038385124011413e+01
1.427299292922216978e+01
1.555363345008750464e+01
1.567594437773643001e+01
9.373021315815206478e+00
1.466892917224166482e+01
7.399277020331918919e+00
7.046725639945927711e+00
1.058513485680245481e+01
1.117038385124011413e+01
1.522266721510391640e+01
9.965574970333758387e+00
9.236181543108379799e+00
8.058239062071395509e+00
8.444016491289504600e+00
1.236077446474206631e+01
1.236077446474206631e+01
1.111324596323282954e+01
9.027033336764100468e+00
1.178062436274634450e+01
1.236077446474206631e+01
7.225151993843566878e+00
4.068428945128219176e+00
1.484151074652385738e+01
1.034176589165282145e+01
8.593479713983121826e+00
7.898654169668588132e+00
