1.509668435477122017e+01
1.587770228520368221e+01
9.706684619910241452e+00
9.373021315815206478e+00
1.815954410458608237e+01
1.296408962885714899e+01
1.204779266504070279e+01
1.650676414605009157e+01
9.965574970333758387e+00
1.642944866646030988e+01
1.538904010394216471e+01
9.373021315815206478e+00
7.978845608028653835e+00
1.296408962885714899e+01
1.559451034962034477e+01
9.574614729634383536e+00
1.422831991532699902e+01
1.150725478350318376e+01
1.015541250385961369e+01
1.117038385124011413e+01
1.386575534383213970e+01
1.688803298257900920e+01
1.058513485680245481e+01
1.052482020710848865e+01
1.372732503515539548e+01
9.640875829802336483e+00
1.161737456321036532e+01
1.583755632390385770e+01
1.320733953636073110e+01
1.178062436274634450e+01
1.315904928495908166e+01
2.985410660720923204e+00
1.281592373849173683e+01
9.507891862878782518e+00
1.595769121605730767e+01
1.349345229721172146e+01
9.965574970333758387e+00
1.436192209445157708e+01
1.215301555949299761e+01
5.641895835477562571e+00
1.315904928495908166e+01
1.058513485680245481e+01
5.292567428401227403e+00
1.623454913941802857e+01
7.136496464611084889e+00
1.488434347843123184e+01
1.646815177937675045e+01
1.251433034574463399e+01
1.579730833933717626e+01
1.315904928495908166e+01
1.658371917462410394e+01
1.236077446474206631e+01
1.315904928495908166e+01
1.530607971465162365e+01
1.427299292922216978e+01
1.431752655671925822e+01
1.740778594902202769e+01
1.183454054540639433e+01
7.569397566060480642e+00
1.368087033328175828e+01
7.898654169668588132e+00
1.070474469691662733e+01
9.836981518731869656e+00
1.058513485680245481e+01
1.547155565579009817e+01
1.052482020710848865e+01
8.136857890256438353e+00
1.034176589165282145e+01
1.034176589165282145e+01
9.373021315815206478e+00
1.105581278308273596e+01
1.204779266504070279e+01
1.583755632390385770e+01
1.658371917462410394e+01
1.874604263163041296e+01
7.817640190446718762e+00
1.534761596392107741e+01
1.034176589165282145e+01
1.178062436274634450e+01
1.860970596672511235e+01
9.373021315815206478e+00
9.640875829802336483e+00
1.306193320280393344e+01
1.271618740744904485e+01
1.215301555949299761e+01
1.445030398768713376e+01
1.178062436274634450e+01
4.370193722368316713e+00
1.692568750643268771e+01
1.040314189572019821e+01
6.770275002573075795e+00
