1.372732503515539548e+01
1.363425735166143049e+01
8.136857890256438353e+00
8.136857890256438353e+00
9.373021315815206478e+00
1.040314189572019821e+01
1.178062436274634450e+01
1.449429283826230197e+01
1.172646028567007725e+01
1.094004191971426110e+01
1.479855404066383784e+01
9.236181543108379799e+00
1.409345127989185542e+01
7.046725639945927711e+00
1.449429283826230197e+01
8.884866446580955923e+00
6.863662517577697741e+00
9.965574970333758387e+00
1.286550196516137312e+01
1.325545386523797831e+01
8.884866446580955923e+00
1.320733953636073110e+01
1.117038385124011413e+01
9.965574970333758387e+00
3.742410318509555189e+00
1.117038385124011413e+01
7.225151993843566878e+00
8.136857890256438353e+00
1.246335526484300615e+01
1.427299292922216978e+01
1.058513485680245481e+01
1.028002345391383443e+01
8.740387444736633427e+00
6.076507779746498805e+00
7.312732791431452384e+00
8.740387444736633427e+00
1.076405121554611632e+01
9.373021315815206478e+00
1.117038385124011413e+01
1.404820733880128181e+01
1.178062436274634450e+01
1.167204486311898926e+01
8.136857890256438353e+00
1.241217083805063837e+01
6.955796338302048021e+00
1.088169461344923583e+01
4.222008245644752300e+00
9.574614729634383536e+00
5.170882945826410726e+00
1.311058116710494836e+01
1.246335526484300615e+01
9.965574970333758387e+00
1.427299292922216978e+01
1.210051848659980855e+01
8.136857890256438353e+00
6.863662517577697741e+00
1.276615297284584649e+01
9.166995688475081394e+00
1.117038385124011413e+01
9.965574970333758387e+00
1.496964127403822076e+01
1.363425735166143049e+01
1.281592373849173683e+01
1.466892917224166482e+01
1.501210842680413826e+01
1.330339418036568588e+01
8.136857890256438353e+00
1.479855404066383784e+01
1.145179781116143225e+01
1.225733520300188317e+01
1.363425735166143049e+01
6.180387232371033157e+00
1.363425735166143049e+01
1.339876023397903637e+01
6.482044814428574497e+00
1.530607971465162365e+01
8.956231982162769611e+00
1.139607097042601680e+01
7.569397566060480642e+00
9.373021315815206478e+00
1.167204486311898926e+01
9.373021315815206478e+00
1.117038385124011413e+01
9.965574970333758387e+00
2.523132522020160362e+00
8.593479713983121826e+00
1.046415791390898242e+01
1.354055000514615159e+01
1.117038385124011413e+01
8.740387444736633427e+00
1.028002345391383443e+01
9.373021315815206478e+00
9.965574970333758387e+00
1.117038385124011413e+01
8.136857890256438353e+00
1.117038385124011413e+01
1.413855043925722121e+01
1.538904010394216471e+01
1.513879513212096128e+01
9.373021315815206478e+00
1.436192209445157708e+01
7.653039857325811823e+00
7.817640190446718762e+00
1.034176589165282145e+01
1.117038385124011413e+01
1.453814859003845150e+01
9.965574970333758387e+00
9.304852983362556174e+00
4.652426491681278087e+00
8.136857890256438353e+00
8.740387444736633427e+00
1.236077446474206631e+01
1.194164264288369282e+01
1.046415791390898242e+01
9.304852983362556174e+00
3.908820095223359381e+00
1.178062436274634450e+01
1.236077446474206631e+01
7.399277020331918919e+00
6.076507779746498805e+00
1.422831991532699902e+01
1.015541250385961369e+01
8.740387444736633427e+00
7.817640190446718762e+00
