1.436192209445157708e+01
1.543035303761632804e+01
3.908820095223359381e+00
9.706684619910241452e+00
9.901487006738307173e+00
1.266602473693425601e+01
1.711271735549580697e+01
1.172646028567007725e+01
1.058513485680245481e+01
1.599753570059363028e+01
1.543035303761632804e+01
1.496964127403822076e+01
6.579524642479540830e+00
8.740387444736633427e+00
9.836981518731869656e+00
1.291488987023529766e+01
1.484151074652385738e+01
9.965574970333758387e+00
1.413855043925722121e+01
1.117038385124011413e+01
1.009253008808064145e+01
1.117038385124011413e+01
4.222008245644752300e+00
1.381976597885341995e+01
1.567594437773643001e+01
1.058513485680245481e+01
1.058513485680245481e+01
7.225151993843566878e+00
1.225733520300188317e+01
9.373021315815206478e+00
1.161737456321036532e+01
7.898654169668588132e+00
1.538904010394216471e+01
1.296408962885714899e+01
1.161737456321036532e+01
7.312732791431452384e+00
1.315904928495908166e+01
1.215301555949299761e+01
9.373021315815206478e+00
1.538904010394216471e+01
1.315904928495908166e+01
9.772050238058398008e+00
1.436192209445157708e+01
1.215301555949299761e+01
8.058239062071395509e+00
1.315904928495908166e+01
8.136857890256438353e+00
1.070474469691662733e+01
1.575695754970980111e+01
9.097283682934460103e+00
1.471226436021925466e+01
1.599753570059363028e+01
1.256509862862843541e+01
1.563528038089343752e+01
1.315904928495908166e+01
1.646815177937675045e+01
1.236077446474206631e+01
1.311058116710494836e+01
1.492705330360461602e+01
1.413855043925722121e+01
1.400281721259029588e+01
1.666031874701878124e+01
1.210051848659980855e+01
5.753627391751591880e+00
8.740387444736633427e+00
1.256509862862843541e+01
9.236181543108379799e+00
1.117038385124011413e+01
9.836981518731869656e+00
1.058513485680245481e+01
6.482044814428574497e+00
1.492705330360461602e+01
1.082303275961201905e+01
8.593479713983121826e+00
1.040314189572019821e+01
9.901487006738307173e+00
9.965574970333758387e+00
1.105581278308273596e+01
5.170882945826410726e+00
1.172646028567007725e+01
1.505445578434700415e+01
1.627371578051287671e+01
1.805406667352820094e+01
8.956231982162769611e+00
1.492705330360461602e+01
1.046415791390898242e+01
1.167204486311898926e+01
1.714987856615383066e+01
9.706684619910241452e+00
9.236181543108379799e+00
7.136496464611084889e+00
1.286550196516137312e+01
1.281592373849173683e+01
1.156244577056221523e+01
7.653039857325811823e+00
1.330339418036568588e+01
1.178062436274634450e+01
1.627371578051287671e+01
1.058513485680245481e+01
7.484820637019110379e+00
6.863662517577697741e+00
