1.505445578434700415e+01
1.579730833933717626e+01
9.901487006738307173e+00
9.706684619910241452e+00
1.784124116152771222e+01
1.276615297284584649e+01
1.183454054540639433e+01
1.631278838364701755e+01
1.034176589165282145e+01
1.623454913941802857e+01
1.534761596392107741e+01
9.836981518731869656e+00
8.368283871884004910e+00
1.296408962885714899e+01
1.551264883747923129e+01
9.772050238058398008e+00
1.422831991532699902e+01
1.139607097042601680e+01
1.028002345391383443e+01
1.117038385124011413e+01
1.381976597885341995e+01
1.642944866646030988e+01
1.058513485680245481e+01
1.058513485680245481e+01
1.354055000514615159e+01
9.507891862878782518e+00
1.161737456321036532e+01
5.527906391541367981e+00
1.583755632390385770e+01
1.306193320280393344e+01
1.178062436274634450e+01
5.527906391541367981e+00
1.315904928495908166e+01
1.266602473693425601e+01
9.373021315815206478e+00
1.579730833933717626e+01
1.330339418036568588e+01
9.706684619910241452e+00
1.436192209445157708e+01
1.215301555949299761e+01
6.482044814428574497e+00
1.315904928495908166e+01
1.064510777218481152e+01
6.482044814428574497e+00
1.607692842495848140e+01
7.898654169668588132e+00
1.479855404066383784e+01
1.607692842495848140e+01
1.256509862862843541e+01
1.579730833933717626e+01
1.315904928495908166e+01
1.658371917462410394e+01
1.241217083805063837e+01
1.315904928495908166e+01
1.526443044094783019e+01
1.427299292922216978e+01
1.413855043925722121e+01
1.733448968263843781e+01
1.188821220645068522e+01
8.058239062071395509e+00
1.358748446131948917e+01
8.519075891779829490e+00
1.088169461344923583e+01
9.836981518731869656e+00
1.058513485680245481e+01
1.543035303761632804e+01
1.064510777218481152e+01
8.444016491289504600e+00
1.040314189572019821e+01
1.070474469691662733e+01
9.304852983362556174e+00
1.111324596323282954e+01
1.199483507827737583e+01
1.547155565579009817e+01
1.654528640181426269e+01
1.864388360059940553e+01
8.519075891779829490e+00
1.526443044094783019e+01
1.040314189572019821e+01
1.178062436274634450e+01
1.826441241104166124e+01
9.373021315815206478e+00
9.373021315815206478e+00
4.513516668382050234e+00
1.306193320280393344e+01
1.266602473693425601e+01
1.178062436274634450e+01
6.076507779746498805e+00
1.395727947504383337e+01
1.178062436274634450e+01
1.685029431422315938e+01
1.052482020710848865e+01
7.046725639945927711e+00
3.908820095223359381e+00
