1.381976597885341995e+01
1.391159267660409604e+01
8.136857890256438353e+00
7.898654169668588132e+00
9.373021315815206478e+00
1.040314189572019821e+01
1.178062436274634450e+01
1.458187244392064308e+01
1.172646028567007725e+01
1.094004191971426110e+01
1.488434347843123184e+01
9.166995688475081394e+00
1.436192209445157708e+01
1.453814859003845150e+01
6.770275002573075795e+00
8.884866446580955923e+00
9.965574970333758387e+00
6.482044814428574497e+00
1.291488987023529766e+01
1.325545386523797831e+01
9.236181543108379799e+00
1.325545386523797831e+01
1.117038385124011413e+01
9.965574970333758387e+00
1.117038385124011413e+01
7.225151993843566878e+00
8.136857890256438353e+00
1.281592373849173683e+01
1.445030398768713376e+01
1.058513485680245481e+01
1.034176589165282145e+01
8.667244841319218907e+00
5.753627391751591880e+00
6.955796338302048021e+00
8.740387444736633427e+00
1.099807968464679142e+01
9.236181543108379799e+00
1.145179781116143225e+01
1.404820733880128181e+01
1.178062436274634450e+01
1.172646028567007725e+01
8.136857890256438353e+00
1.261566261010080048e+01
6.770275002573075795e+00
1.099807968464679142e+01
9.373021315815206478e+00
4.222008245644752300e+00
1.349345229721172146e+01
1.261566261010080048e+01
9.965574970333758387e+00
1.431752655671925822e+01
1.204779266504070279e+01
8.136857890256438353e+00
6.675581178124545545e+00
1.286550196516137312e+01
9.166995688475081394e+00
1.117038385124011413e+01
9.965574970333758387e+00
1.509668435477122017e+01
1.381976597885341995e+01
1.276615297284584649e+01
1.479855404066383784e+01
1.492705330360461602e+01
1.335116235624909109e+01
7.817640190446718762e+00
1.492705330360461602e+01
1.150725478350318376e+01
1.241217083805063837e+01
1.391159267660409604e+01
5.527906391541367981e+00
1.363425735166143049e+01
1.363425735166143049e+01
6.076507779746498805e+00
1.543035303761632804e+01
1.145179781116143225e+01
8.740387444736633427e+00
7.484820637019110379e+00
9.373021315815206478e+00
1.167204486311898926e+01
9.440697438826296306e+00
1.117038385124011413e+01
9.965574970333758387e+00
8.593479713983121826e+00
1.046415791390898242e+01
1.381976597885341995e+01
1.117038385124011413e+01
8.740387444736633427e+00
1.028002345391383443e+01
9.373021315815206478e+00
9.965574970333758387e+00
1.117038385124011413e+01
8.136857890256438353e+00
1.117038385124011413e+01
1.418350619798065715e+01
1.547155565579009817e+01
1.534761596392107741e+01
9.373021315815206478e+00
1.440618081907316395e+01
7.399277020331918919e+00
7.484820637019110379e+00
1.034176589165282145e+01
1.117038385124011413e+01
1.488434347843123184e+01
9.965574970333758387e+00
9.304852983362556174e+00
3.385137501286537898e+00
8.291859587312051971e+00
8.593479713983121826e+00
1.236077446474206631e+01
1.225733520300188317e+01
1.070474469691662733e+01
9.166995688475081394e+00
1.178062436274634450e+01
1.236077446474206631e+01
7.312732791431452384e+00
5.753627391751591880e+00
1.466892917224166482e+01
1.034176589165282145e+01
8.740387444736633427e+00
7.817640190446718762e+00
