1.445030398768713376e+01
1.547155565579009817e+01
2.763953195770683990e+00
9.772050238058398008e+00
9.901487006738307173e+00
1.271618740744904485e+01
1.722396045987370883e+01
1.172646028567007725e+01
1.058513485680245481e+01
1.603728119216292924e+01
1.543035303761632804e+01
1.501210842680413826e+01
6.282549314314217703e+00
8.740387444736633427e+00
9.836981518731869656e+00
1.291488987023529766e+01
1.488434347843123184e+01
9.965574970333758387e+00
1.413855043925722121e+01
1.117038385124011413e+01
1.015541250385961369e+01
1.117038385124011413e+01
3.568248232305542444e+00
1.377362305878664728e+01
1.579730833933717626e+01
1.058513485680245481e+01
1.058513485680245481e+01
6.955796338302048021e+00
1.225733520300188317e+01
9.373021315815206478e+00
1.161737456321036532e+01
7.817640190446718762e+00
1.538904010394216471e+01
1.296408962885714899e+01
1.161737456321036532e+01
7.136496464611084889e+00
1.315904928495908166e+01
1.215301555949299761e+01
9.373021315815206478e+00
1.538904010394216471e+01
1.315904928495908166e+01
9.772050238058398008e+00
1.436192209445157708e+01
1.215301555949299761e+01
7.898654169668588132e+00
1.315904928495908166e+01
8.058239062071395509e+00
1.070474469691662733e+01
1.575695754970980111e+01
9.027033336764100468e+00
1.471226436021925466e+01
1.599753570059363028e+01
1.256509862862843541e+01
1.563528038089343752e+01
1.315904928495908166e+01
1.646815177937675045e+01
1.246335526484300615e+01
1.311058116710494836e+01
1.492705330360461602e+01
1.418350619798065715e+01
1.400281721259029588e+01
1.677456227108388731e+01
1.210051848659980855e+01
5.527906391541367981e+00
8.740387444736633427e+00
1.266602473693425601e+01
9.097283682934460103e+00
1.117038385124011413e+01
9.836981518731869656e+00
1.058513485680245481e+01
6.180387232371033157e+00
1.505445578434700415e+01
1.076405121554611632e+01
8.667244841319218907e+00
1.040314189572019821e+01
1.009253008808064145e+01
9.901487006738307173e+00
1.105581278308273596e+01
4.787307364817191768e+00
1.178062436274634450e+01
1.513879513212096128e+01
1.627371578051287671e+01
1.812445316531431061e+01
8.884866446580955923e+00
1.492705330360461602e+01
1.046415791390898242e+01
1.156244577056221523e+01
1.718695942796624365e+01
9.706684619910241452e+00
9.166995688475081394e+00
7.046725639945927711e+00
1.286550196516137312e+01
1.281592373849173683e+01
1.156244577056221523e+01
7.399277020331918919e+00
1.339876023397903637e+01
1.178062436274634450e+01
1.635176762293251684e+01
1.058513485680245481e+01
7.484820637019110379e+00
6.863662517577697741e+00
