1.117038385124011413e+01
1.178062436274634450e+01
1.210051848659980855e+01
6.180387232371033157e+00
8.214724333230154940e+00
8.368283871884004910e+00
9.373021315815206478e+00
1.034176589165282145e+01
1.178062436274634450e+01
1.256509862862843541e+01
1.145179781116143225e+01
6.579524642479540830e+00
1.070474469691662733e+01
1.354055000514615159e+01
9.640875829802336483e+00
8.593479713983121826e+00
1.311058116710494836e+01
1.315904928495908166e+01
8.812923024107547576e+00
7.484820637019110379e+00
9.965574970333758387e+00
1.236077446474206631e+01
1.236077446474206631e+01
6.180387232371033157e+00
8.740387444736633427e+00
6.955796338302048021e+00
1.215301555949299761e+01
5.170882945826410726e+00
1.117038385124011413e+01
9.965574970333758387e+00
7.046725639945927711e+00
1.117038385124011413e+01
7.484820637019110379e+00
8.740387444736633427e+00
1.117038385124011413e+01
1.225733520300188317e+01
1.058513485680245481e+01
9.507891862878782518e+00
8.740387444736633427e+00
7.569397566060480642e+00
8.136857890256438353e+00
8.956231982162769611e+00
1.058513485680245481e+01
9.373021315815206478e+00
1.040314189572019821e+01
6.076507779746498805e+00
4.918490759365934828e+00
4.068428945128219176e+00
1.122723095552866468e+01
1.070474469691662733e+01
1.194164264288369282e+01
8.214724333230154940e+00
6.180387232371033157e+00
1.117038385124011413e+01
8.368283871884004910e+00
1.058513485680245481e+01
7.653039857325811823e+00
6.076507779746498805e+00
7.484820637019110379e+00
9.373021315815206478e+00
1.178062436274634450e+01
1.178062436274634450e+01
9.965574970333758387e+00
1.400281721259029588e+01
1.172646028567007725e+01
8.136857890256438353e+00
8.136857890256438353e+00
1.210051848659980855e+01
9.373021315815206478e+00
1.094004191971426110e+01
9.965574970333758387e+00
1.215301555949299761e+01
1.325545386523797831e+01
6.955796338302048021e+00
1.271618740744904485e+01
1.296408962885714899e+01
3.191538243211461623e+00
8.136857890256438353e+00
5.527906391541367981e+00
1.301310337505149661e+01
8.136857890256438353e+00
6.863662517577697741e+00
1.015541250385961369e+01
1.349345229721172146e+01
5.170882945826410726e+00
9.965574970333758387e+00
1.161737456321036532e+01
3.742410318509555189e+00
7.225151993843566878e+00
7.978845608028653835e+00
1.134007028277388685e+01
1.194164264288369282e+01
5.753627391751591880e+00
5.863230142835038627e+00
8.593479713983121826e+00
1.286550196516137312e+01
1.344618962205996482e+01
6.863662517577697741e+00
9.373021315815206478e+00
1.046415791390898242e+01
8.136857890256438353e+00
6.076507779746498805e+00
9.901487006738307173e+00
9.373021315815206478e+00
1.070474469691662733e+01
1.117038385124011413e+01
7.817640190446718762e+00
9.965574970333758387e+00
8.812923024107547576e+00
9.507891862878782518e+00
1.178062436274634450e+01
6.955796338302048021e+00
1.034176589165282145e+01
8.444016491289504600e+00
9.836981518731869656e+00
9.507891862878782518e+00
9.965574970333758387e+00
1.105581278308273596e+01
8.136857890256438353e+00
4.918490759365934828e+00
1.082303275961201905e+01
1.335116235624909109e+01
1.466892917224166482e+01
1.391159267660409604e+01
9.507891862878782518e+00
8.136857890256438353e+00
1.395727947504383337e+01
8.444016491289504600e+00
1.015541250385961369e+01
1.105581278308273596e+01
1.354055000514615159e+01
9.965574970333758387e+00
9.373021315815206478e+00
7.484820637019110379e+00
8.136857890256438353e+00
8.740387444736633427e+00
1.220528683538465842e+01
1.117038385124011413e+01
9.640875829802336483e+00
9.373021315815206478e+00
7.817640190446718762e+00
1.139607097042601680e+01
7.569397566060480642e+00
1.117038385124011413e+01
8.136857890256438353e+00
1.291488987023529766e+01
5.753627391751591880e+00
6.955796338302048021e+00
8.956231982162769611e+00
8.740387444736633427e+00
6.863662517577697741e+00
