1.422831991532699902e+01
1.501210842680413826e+01
6.675581178124545545e+00
5.641895835477562571e+00
9.507891862878782518e+00
1.021790793990058255e+01
1.261566261010080048e+01
1.615593100600235843e+01
1.172646028567007725e+01
1.094004191971426110e+01
1.583755632390385770e+01
1.488434347843123184e+01
7.898654169668588132e+00
1.484151074652385738e+01
8.740387444736633427e+00
9.836981518731869656e+00
1.286550196516137312e+01
1.436192209445157708e+01
9.965574970333758387e+00
1.409345127989185542e+01
1.117038385124011413e+01
1.009253008808064145e+01
1.117038385124011413e+01
6.675581178124545545e+00
3.908820095223359381e+00
1.344618962205996482e+01
1.530607971465162365e+01
1.058513485680245481e+01
1.058513485680245481e+01
8.136857890256438353e+00
9.373021315815206478e+00
1.167204486311898926e+01
1.167204486311898926e+01
8.593479713983121826e+00
1.513879513212096128e+01
1.276615297284584649e+01
1.167204486311898926e+01
8.136857890256438353e+00
1.306193320280393344e+01
1.194164264288369282e+01
9.373021315815206478e+00
1.526443044094783019e+01
1.306193320280393344e+01
9.965574970333758387e+00
1.436192209445157708e+01
1.215301555949299761e+01
8.444016491289504600e+00
1.311058116710494836e+01
8.444016491289504600e+00
1.070474469691662733e+01
9.373021315815206478e+00
1.538904010394216471e+01
1.436192209445157708e+01
1.579730833933717626e+01
1.256509862862843541e+01
1.543035303761632804e+01
1.335116235624909109e+01
1.627371578051287671e+01
1.220528683538465842e+01
1.315904928495908166e+01
1.445030398768713376e+01
1.395727947504383337e+01
1.386575534383213970e+01
1.635176762293251684e+01
1.225733520300188317e+01
7.399277020331918919e+00
9.097283682934460103e+00
1.236077446474206631e+01
9.373021315815206478e+00
1.117038385124011413e+01
9.965574970333758387e+00
7.653039857325811823e+00
1.058513485680245481e+01
1.466892917224166482e+01
1.105581278308273596e+01
8.740387444736633427e+00
1.040314189572019821e+01
9.507891862878782518e+00
9.965574970333758387e+00
1.111324596323282954e+01
6.383076486422923246e+00
1.128379167095512514e+01
1.453814859003845150e+01
1.607692842495848140e+01
1.658371917462410394e+01
9.097283682934460103e+00
1.488434347843123184e+01
5.970821321441846408e+00
1.046415791390898242e+01
4.918490759365934828e+00
1.117038385124011413e+01
1.619528777809902209e+01
9.772050238058398008e+00
9.236181543108379799e+00
6.282549314314217703e+00
8.136857890256438353e+00
1.236077446474206631e+01
1.266602473693425601e+01
1.156244577056221523e+01
8.593479713983121826e+00
1.296408962885714899e+01
1.178062436274634450e+01
5.527906391541367981e+00
1.551264883747923129e+01
1.058513485680245481e+01
7.978845608028653835e+00
7.484820637019110379e+00
