1.436192209445157708e+01
1.534761596392107741e+01
4.513516668382050234e+00
9.574614729634383536e+00
9.901487006738307173e+00
1.256509862862843541e+01
1.703815178355965898e+01
1.172646028567007725e+01
1.058513485680245481e+01
1.595769121605730767e+01
1.538904010394216471e+01
6.863662517577697741e+00
1.496964127403822076e+01
8.740387444736633427e+00
9.836981518731869656e+00
1.286550196516137312e+01
1.488434347843123184e+01
9.965574970333758387e+00
1.413855043925722121e+01
1.117038385124011413e+01
1.009253008808064145e+01
1.117038385124011413e+01
4.787307364817191768e+00
1.377362305878664728e+01
1.567594437773643001e+01
1.058513485680245481e+01
1.058513485680245481e+01
7.399277020331918919e+00
1.220528683538465842e+01
9.373021315815206478e+00
1.161737456321036532e+01
8.136857890256438353e+00
1.538904010394216471e+01
1.296408962885714899e+01
1.161737456321036532e+01
7.312732791431452384e+00
1.315904928495908166e+01
1.210051848659980855e+01
9.373021315815206478e+00
1.538904010394216471e+01
1.315904928495908166e+01
9.965574970333758387e+00
1.436192209445157708e+01
1.215301555949299761e+01
8.136857890256438353e+00
1.315904928495908166e+01
8.136857890256438353e+00
1.070474469691662733e+01
1.567594437773643001e+01
9.236181543108379799e+00
1.466892917224166482e+01
1.599753570059363028e+01
1.256509862862843541e+01
1.563528038089343752e+01
1.315904928495908166e+01
1.642944866646030988e+01
1.236077446474206631e+01
1.311058116710494836e+01
1.488434347843123184e+01
1.413855043925722121e+01
1.400281721259029588e+01
1.658371917462410394e+01
1.220528683538465842e+01
6.076507779746498805e+00
8.740387444736633427e+00
1.251433034574463399e+01
9.373021315815206478e+00
1.117038385124011413e+01
9.836981518731869656e+00
1.058513485680245481e+01
6.675581178124545545e+00
1.484151074652385738e+01
1.088169461344923583e+01
8.740387444736633427e+00
1.040314189572019821e+01
9.836981518731869656e+00
9.965574970333758387e+00
1.105581278308273596e+01
5.170882945826410726e+00
1.167204486311898926e+01
1.488434347843123184e+01
1.627371578051287671e+01
1.766192765414112031e+01
9.097283682934460103e+00
1.492705330360461602e+01
1.046415791390898242e+01
1.161737456321036532e+01
1.703815178355965898e+01
9.640875829802336483e+00
9.236181543108379799e+00
7.225151993843566878e+00
2.985410660720923204e+00
1.291488987023529766e+01
1.276615297284584649e+01
1.156244577056221523e+01
7.898654169668588132e+00
1.320733953636073110e+01
1.178062436274634450e+01
1.627371578051287671e+01
1.058513485680245481e+01
7.569397566060480642e+00
7.046725639945927711e+00
