1.377362305878664728e+01
1.381976597885341995e+01
8.136857890256438353e+00
8.058239062071395509e+00
9.373021315815206478e+00
1.034176589165282145e+01
1.178062436274634450e+01
1.458187244392064308e+01
1.172646028567007725e+01
1.094004191971426110e+01
1.488434347843123184e+01
9.166995688475081394e+00
1.413855043925722121e+01
6.955796338302048021e+00
1.453814859003845150e+01
9.027033336764100468e+00
6.675581178124545545e+00
9.965574970333758387e+00
1.286550196516137312e+01
1.325545386523797831e+01
9.097283682934460103e+00
1.320733953636073110e+01
1.117038385124011413e+01
9.965574970333758387e+00
1.117038385124011413e+01
7.225151993843566878e+00
8.136857890256438353e+00
1.261566261010080048e+01
1.436192209445157708e+01
1.058513485680245481e+01
1.034176589165282145e+01
8.667244841319218907e+00
5.753627391751591880e+00
7.225151993843566878e+00
8.740387444736633427e+00
1.094004191971426110e+01
9.304852983362556174e+00
1.122723095552866468e+01
1.413855043925722121e+01
1.178062436274634450e+01
1.167204486311898926e+01
8.136857890256438353e+00
1.261566261010080048e+01
6.955796338302048021e+00
1.094004191971426110e+01
3.568248232305542444e+00
9.373021315815206478e+00
4.652426491681278087e+00
1.320733953636073110e+01
1.261566261010080048e+01
9.965574970333758387e+00
1.427299292922216978e+01
1.204779266504070279e+01
8.136857890256438353e+00
6.863662517577697741e+00
1.276615297284584649e+01
9.166995688475081394e+00
1.117038385124011413e+01
9.965574970333758387e+00
1.501210842680413826e+01
1.381976597885341995e+01
1.276615297284584649e+01
1.475547227809780537e+01
1.492705330360461602e+01
1.335116235624909109e+01
8.136857890256438353e+00
1.492705330360461602e+01
1.150725478350318376e+01
1.236077446474206631e+01
1.377362305878664728e+01
5.970821321441846408e+00
1.363425735166143049e+01
1.344618962205996482e+01
6.076507779746498805e+00
1.534761596392107741e+01
1.134007028277388685e+01
8.812923024107547576e+00
7.484820637019110379e+00
9.373021315815206478e+00
1.167204486311898926e+01
9.373021315815206478e+00
1.117038385124011413e+01
9.965574970333758387e+00
8.593479713983121826e+00
1.046415791390898242e+01
1.377362305878664728e+01
1.117038385124011413e+01
8.740387444736633427e+00
1.028002345391383443e+01
9.373021315815206478e+00
9.965574970333758387e+00
1.117038385124011413e+01
8.136857890256438353e+00
1.117038385124011413e+01
1.418350619798065715e+01
1.538904010394216471e+01
1.526443044094783019e+01
9.373021315815206478e+00
1.440618081907316395e+01
7.569397566060480642e+00
7.817640190446718762e+00
1.034176589165282145e+01
1.117038385124011413e+01
1.471226436021925466e+01
9.965574970333758387e+00
9.304852983362556174e+00
4.222008245644752300e+00
8.291859587312051971e+00
8.740387444736633427e+00
1.236077446474206631e+01
1.210051848659980855e+01
1.052482020710848865e+01
9.236181543108379799e+00
2.256758334191025117e+00
1.178062436274634450e+01
1.236077446474206631e+01
7.225151993843566878e+00
5.753627391751591880e+00
1.445030398768713376e+01
1.028002345391383443e+01
8.740387444736633427e+00
7.817640190446718762e+00
