1.040314189572019821e+01
1.058513485680245481e+01
1.145179781116143225e+01
6.863662517577697741e+00
8.291859587312051971e+00
8.593479713983121826e+00
4.222008245644752300e+00
9.373021315815206478e+00
9.706684619910241452e+00
1.150725478350318376e+01
6.076507779746498805e+00
1.178062436274634450e+01
1.052482020710848865e+01
7.312732791431452384e+00
1.052482020710848865e+01
5.970821321441846408e+00
1.291488987023529766e+01
9.507891862878782518e+00
8.740387444736633427e+00
1.296408962885714899e+01
1.236077446474206631e+01
8.136857890256438353e+00
7.484820637019110379e+00
9.965574970333758387e+00
1.178062436274634450e+01
1.172646028567007725e+01
7.653039857325811823e+00
5.170882945826410726e+00
8.740387444736633427e+00
6.482044814428574497e+00
7.399277020331918919e+00
1.117038385124011413e+01
1.117038385124011413e+01
9.965574970333758387e+00
7.399277020331918919e+00
1.117038385124011413e+01
8.740387444736633427e+00
7.484820637019110379e+00
1.058513485680245481e+01
5.753627391751591880e+00
1.058513485680245481e+01
9.373021315815206478e+00
8.593479713983121826e+00
1.117038385124011413e+01
7.653039857325811823e+00
8.136857890256438353e+00
6.863662517577697741e+00
8.740387444736633427e+00
1.058513485680245481e+01
9.373021315815206478e+00
1.021790793990058255e+01
6.383076486422923246e+00
6.675581178124545545e+00
1.117038385124011413e+01
1.040314189572019821e+01
1.150725478350318376e+01
8.291859587312051971e+00
7.225151993843566878e+00
8.444016491289504600e+00
1.070474469691662733e+01
1.046415791390898242e+01
8.136857890256438353e+00
7.046725639945927711e+00
8.136857890256438353e+00
9.373021315815206478e+00
1.172646028567007725e+01
1.156244577056221523e+01
9.965574970333758387e+00
1.368087033328175828e+01
1.150725478350318376e+01
8.136857890256438353e+00
8.136857890256438353e+00
1.178062436274634450e+01
9.373021315815206478e+00
1.058513485680245481e+01
9.965574970333758387e+00
7.735777827895049086e+00
1.156244577056221523e+01
1.261566261010080048e+01
1.251433034574463399e+01
1.236077446474206631e+01
9.965574970333758387e+00
6.383076486422923246e+00
8.136857890256438353e+00
5.170882945826410726e+00
7.046725639945927711e+00
8.136857890256438353e+00
4.652426491681278087e+00
1.178062436274634450e+01
7.735777827895049086e+00
9.965574970333758387e+00
1.296408962885714899e+01
6.383076486422923246e+00
6.383076486422923246e+00
9.772050238058398008e+00
1.088169461344923583e+01
7.399277020331918919e+00
8.136857890256438353e+00
1.099807968464679142e+01
7.225151993843566878e+00
7.136496464611084889e+00
1.117038385124011413e+01
8.740387444736633427e+00
1.261566261010080048e+01
1.266602473693425601e+01
7.225151993843566878e+00
9.373021315815206478e+00
1.009253008808064145e+01
8.136857890256438353e+00
7.136496464611084889e+00
9.836981518731869656e+00
9.373021315815206478e+00
1.058513485680245481e+01
1.117038385124011413e+01
8.136857890256438353e+00
1.009253008808064145e+01
8.740387444736633427e+00
9.373021315815206478e+00
4.652426491681278087e+00
1.150725478350318376e+01
7.817640190446718762e+00
9.836981518731869656e+00
8.291859587312051971e+00
9.507891862878782518e+00
9.507891862878782518e+00
9.965574970333758387e+00
1.099807968464679142e+01
6.675581178124545545e+00
8.444016491289504600e+00
1.046415791390898242e+01
1.306193320280393344e+01
1.413855043925722121e+01
9.373021315815206478e+00
1.315904928495908166e+01
8.136857890256438353e+00
8.291859587312051971e+00
1.325545386523797831e+01
9.965574970333758387e+00
1.082303275961201905e+01
6.076507779746498805e+00
9.965574970333758387e+00
1.296408962885714899e+01
9.373021315815206478e+00
7.817640190446718762e+00
8.593479713983121826e+00
8.884866446580955923e+00
1.183454054540639433e+01
1.082303275961201905e+01
9.373021315815206478e+00
9.373021315815206478e+00
8.136857890256438353e+00
1.117038385124011413e+01
8.058239062071395509e+00
1.070474469691662733e+01
8.444016491289504600e+00
6.863662517577697741e+00
1.256509862862843541e+01
6.863662517577697741e+00
8.956231982162769611e+00
8.740387444736633427e+00
7.399277020331918919e+00
