1.172646028567007725e+01
1.311058116710494836e+01
1.311058116710494836e+01
8.444016491289504600e+00
8.214724333230154940e+00
9.373021315815206478e+00
1.040314189572019821e+01
1.178062436274634450e+01
1.395727947504383337e+01
1.172646028567007725e+01
1.117038385124011413e+01
1.445030398768713376e+01
9.373021315815206478e+00
8.136857890256438353e+00
1.381976597885341995e+01
1.436192209445157708e+01
8.740387444736633427e+00
7.136496464611084889e+00
9.965574970333758387e+00
1.266602473693425601e+01
1.301310337505149661e+01
8.740387444736633427e+00
1.301310337505149661e+01
5.527906391541367981e+00
1.117038385124011413e+01
9.965574970333758387e+00
5.641895835477562571e+00
1.117038385124011413e+01
7.225151993843566878e+00
8.444016491289504600e+00
1.210051848659980855e+01
1.344618962205996482e+01
1.058513485680245481e+01
1.009253008808064145e+01
8.740387444736633427e+00
7.046725639945927711e+00
7.817640190446718762e+00
8.740387444736633427e+00
1.070474469691662733e+01
9.373021315815206478e+00
1.099807968464679142e+01
3.385137501286537898e+00
1.344618962205996482e+01
1.178062436274634450e+01
1.167204486311898926e+01
8.136857890256438353e+00
1.215301555949299761e+01
7.653039857325811823e+00
1.070474469691662733e+01
6.383076486422923246e+00
6.482044814428574497e+00
9.507891862878782518e+00
1.256509862862843541e+01
1.220528683538465842e+01
9.965574970333758387e+00
1.427299292922216978e+01
1.210051848659980855e+01
8.291859587312051971e+00
7.399277020331918919e+00
1.261566261010080048e+01
9.373021315815206478e+00
1.117038385124011413e+01
9.965574970333758387e+00
1.339876023397903637e+01
1.445030398768713376e+01
2.763953195770683990e+00
1.276615297284584649e+01
1.436192209445157708e+01
1.462546558286290477e+01
1.320733953636073110e+01
8.136857890256438353e+00
1.445030398768713376e+01
1.105581278308273596e+01
1.204779266504070279e+01
5.753627391751591880e+00
1.271618740744904485e+01
7.136496464611084889e+00
1.358748446131948917e+01
7.569397566060480642e+00
1.325545386523797831e+01
1.496964127403822076e+01
4.787307364817191768e+00
9.304852983362556174e+00
1.105581278308273596e+01
8.136857890256438353e+00
9.373021315815206478e+00
9.507891862878782518e+00
1.117038385124011413e+01
1.128379167095512514e+01
5.970821321441846408e+00
9.965574970333758387e+00
8.740387444736633427e+00
1.028002345391383443e+01
1.276615297284584649e+01
1.058513485680245481e+01
4.513516668382050234e+00
8.740387444736633427e+00
1.021790793990058255e+01
9.373021315815206478e+00
9.965574970333758387e+00
1.117038385124011413e+01
8.136857890256438353e+00
1.117038385124011413e+01
1.391159267660409604e+01
1.522266721510391640e+01
1.445030398768713376e+01
9.373021315815206478e+00
1.427299292922216978e+01
7.735777827895049086e+00
8.136857890256438353e+00
1.021790793990058255e+01
1.117038385124011413e+01
1.404820733880128181e+01
9.965574970333758387e+00
9.373021315815206478e+00
6.180387232371033157e+00
8.136857890256438353e+00
9.027033336764100468e+00
1.236077446474206631e+01
1.161737456321036532e+01
9.965574970333758387e+00
9.373021315815206478e+00
6.180387232371033157e+00
1.167204486311898926e+01
1.225733520300188317e+01
6.863662517577697741e+00
7.978845608028653835e+00
1.386575534383213970e+01
9.507891862878782518e+00
8.740387444736633427e+00
5.411516379806009525e+00
7.399277020331918919e+00
