1.404820733880128181e+01
1.427299292922216978e+01
7.653039857325811823e+00
6.863662517577697741e+00
9.373021315815206478e+00
1.034176589165282145e+01
1.220528683538465842e+01
1.530607971465162365e+01
1.172646028567007725e+01
1.094004191971426110e+01
1.538904010394216471e+01
8.519075891779829490e+00
1.462546558286290477e+01
1.475547227809780537e+01
5.292567428401227403e+00
8.740387444736633427e+00
9.901487006738307173e+00
4.222008245644752300e+00
1.296408962885714899e+01
1.372732503515539548e+01
9.507891862878782518e+00
1.363425735166143049e+01
1.117038385124011413e+01
1.021790793990058255e+01
1.117038385124011413e+01
6.180387232371033157e+00
7.735777827895049086e+00
1.296408962885714899e+01
1.479855404066383784e+01
1.058513485680245481e+01
1.046415791390898242e+01
8.136857890256438353e+00
8.884866446580955923e+00
1.117038385124011413e+01
5.753627391751591880e+00
9.166995688475081394e+00
1.161737456321036532e+01
1.479855404066383784e+01
1.241217083805063837e+01
1.178062436274634450e+01
8.136857890256438353e+00
1.311058116710494836e+01
3.385137501286537898e+00
1.117038385124011413e+01
9.373021315815206478e+00
1.475547227809780537e+01
1.301310337505149661e+01
9.965574970333758387e+00
1.436192209445157708e+01
1.215301555949299761e+01
8.444016491289504600e+00
3.568248232305542444e+00
1.311058116710494836e+01
9.027033336764100468e+00
1.117038385124011413e+01
9.836981518731869656e+00
1.522266721510391640e+01
1.409345127989185542e+01
1.534761596392107741e+01
1.276615297284584649e+01
1.530607971465162365e+01
1.335116235624909109e+01
6.383076486422923246e+00
1.607692842495848140e+01
1.178062436274634450e+01
1.311058116710494836e+01
1.413855043925722121e+01
1.372732503515539548e+01
1.381976597885341995e+01
1.579730833933717626e+01
1.167204486311898926e+01
8.368283871884004910e+00
5.753627391751591880e+00
9.373021315815206478e+00
9.706684619910241452e+00
1.210051848659980855e+01
1.117038385124011413e+01
9.965574970333758387e+00
8.136857890256438353e+00
1.058513485680245481e+01
1.427299292922216978e+01
1.111324596323282954e+01
8.740387444736633427e+00
1.040314189572019821e+01
9.373021315815206478e+00
9.965574970333758387e+00
1.117038385124011413e+01
7.484820637019110379e+00
1.117038385124011413e+01
1.427299292922216978e+01
1.555363345008750464e+01
1.615593100600235843e+01
9.373021315815206478e+00
1.479855404066383784e+01
7.225151993843566878e+00
6.282549314314217703e+00
1.058513485680245481e+01
1.117038385124011413e+01
1.543035303761632804e+01
9.901487006738307173e+00
9.236181543108379799e+00
7.484820637019110379e+00
8.136857890256438353e+00
1.230916348999737586e+01
1.251433034574463399e+01
1.150725478350318376e+01
8.740387444736633427e+00
1.256509862862843541e+01
1.178062436274634450e+01
6.863662517577697741e+00
1.496964127403822076e+01
1.040314189572019821e+01
8.291859587312051971e+00
8.058239062071395509e+00
