1.466892917224166482e+01
1.555363345008750464e+01
9.965574970333758387e+00
9.772050238058398008e+00
1.766192765414112031e+01
1.276615297284584649e+01
1.172646028567007725e+01
1.611647812414279102e+01
1.034176589165282145e+01
1.591774699517169012e+01
1.530607971465162365e+01
3.908820095223359381e+00
8.667244841319218907e+00
9.836981518731869656e+00
1.296408962885714899e+01
1.530607971465162365e+01
9.772050238058398008e+00
1.422831991532699902e+01
1.117038385124011413e+01
1.040314189572019821e+01
1.117038385124011413e+01
1.377362305878664728e+01
1.599753570059363028e+01
1.058513485680245481e+01
1.058513485680245481e+01
5.046265044040320724e+00
1.286550196516137312e+01
9.507891862878782518e+00
1.161737456321036532e+01
6.383076486422923246e+00
1.559451034962034477e+01
1.306193320280393344e+01
1.178062436274634450e+01
6.180387232371033157e+00
1.315904928495908166e+01
1.246335526484300615e+01
9.373021315815206478e+00
1.559451034962034477e+01
1.325545386523797831e+01
9.706684619910241452e+00
1.436192209445157708e+01
1.215301555949299761e+01
6.955796338302048021e+00
1.315904928495908166e+01
7.136496464611084889e+00
1.070474469691662733e+01
1.595769121605730767e+01
8.214724333230154940e+00
1.471226436021925466e+01
1.607692842495848140e+01
1.256509862862843541e+01
1.571650316319191809e+01
1.315904928495908166e+01
1.658371917462410394e+01
1.241217083805063837e+01
1.315904928495908166e+01
1.513879513212096128e+01
1.427299292922216978e+01
1.409345127989185542e+01
1.711271735549580697e+01
1.188821220645068522e+01
8.291859587312051971e+00
1.339876023397903637e+01
8.740387444736633427e+00
1.099807968464679142e+01
9.965574970333758387e+00
1.058513485680245481e+01
3.385137501286537898e+00
1.526443044094783019e+01
1.070474469691662733e+01
8.740387444736633427e+00
1.034176589165282145e+01
1.046415791390898242e+01
9.574614729634383536e+00
1.111324596323282954e+01
1.194164264288369282e+01
1.522266721510391640e+01
1.642944866646030988e+01
1.843786751347043307e+01
8.740387444736633427e+00
1.509668435477122017e+01
1.046415791390898242e+01
1.167204486311898926e+01
1.801877032173578996e+01
9.373021315815206478e+00
9.304852983362556174e+00
5.863230142835038627e+00
1.306193320280393344e+01
1.266602473693425601e+01
1.178062436274634450e+01
6.863662517577697741e+00
1.377362305878664728e+01
1.178062436274634450e+01
1.666031874701878124e+01
1.058513485680245481e+01
7.225151993843566878e+00
5.292567428401227403e+00
