1.522266721510391640e+01
1.603728119216292924e+01
1.627371578051287671e+01
9.373021315815206478e+00
1.819456736586892021e+01
1.204779266504070279e+01
1.650676414605009157e+01
9.965574970333758387e+00
1.650676414605009157e+01
1.543035303761632804e+01
9.373021315815206478e+00
7.735777827895049086e+00
1.296408962885714899e+01
1.567594437773643001e+01
9.373021315815206478e+00
1.422831991532699902e+01
1.150725478350318376e+01
1.002925341359354938e+01
1.117038385124011413e+01
1.391159267660409604e+01
1.696325844612841038e+01
1.058513485680245481e+01
1.046415791390898242e+01
1.391159267660409604e+01
1.009253008808064145e+01
1.161737456321036532e+01
1.583755632390385770e+01
1.320733953636073110e+01
1.178062436274634450e+01
1.320733953636073110e+01
1.286550196516137312e+01
9.640875829802336483e+00
1.599753570059363028e+01
1.358748446131948917e+01
1.021790793990058255e+01
1.436192209445157708e+01
1.215301555949299761e+01
4.513516668382050234e+00
1.315904928495908166e+01
1.058513485680245481e+01
4.370193722368316713e+00
1.635176762293251684e+01
6.863662517577697741e+00
1.488434347843123184e+01
1.662206308517478703e+01
1.251433034574463399e+01
1.579730833933717626e+01
1.315904928495908166e+01
1.658371917462410394e+01
1.241217083805063837e+01
1.315904928495908166e+01
1.538904010394216471e+01
1.431752655671925822e+01
1.436192209445157708e+01
1.740778594902202769e+01
1.183454054540639433e+01
1.372732503515539548e+01
7.225151993843566878e+00
7.484820637019110379e+00
1.070474469691662733e+01
9.836981518731869656e+00
1.058513485680245481e+01
1.547155565579009817e+01
1.034176589165282145e+01
8.136857890256438353e+00
1.034176589165282145e+01
1.034176589165282145e+01
9.373021315815206478e+00
1.105581278308273596e+01
1.204779266504070279e+01
1.583755632390385770e+01
1.658371917462410394e+01
1.881384047546846006e+01
7.653039857325811823e+00
1.543035303761632804e+01
1.034176589165282145e+01
1.178062436274634450e+01
1.871205159254777683e+01
9.373021315815206478e+00
9.640875829802336483e+00
1.311058116710494836e+01
1.281592373849173683e+01
1.210051848659980855e+01
1.462546558286290477e+01
1.178062436274634450e+01
1.128379167095512559e+00
1.696325844612841038e+01
1.034176589165282145e+01
6.482044814428574497e+00
