1.368087033328175828e+01
1.339876023397903637e+01
8.136857890256438353e+00
8.136857890256438353e+00
9.373021315815206478e+00
1.040314189572019821e+01
1.178062436274634450e+01
1.431752655671925822e+01
1.172646028567007725e+01
1.105581278308273596e+01
1.475547227809780537e+01
9.304852983362556174e+00
1.404820733880128181e+01
7.312732791431452384e+00
1.449429283826230197e+01
8.740387444736633427e+00
6.863662517577697741e+00
9.965574970333758387e+00
1.286550196516137312e+01
1.320733953636073110e+01
8.884866446580955923e+00
1.315904928495908166e+01
1.117038385124011413e+01
9.965574970333758387e+00
1.128379167095512559e+00
4.222008245644752300e+00
1.117038385124011413e+01
7.136496464611084889e+00
8.214724333230154940e+00
1.236077446474206631e+01
1.395727947504383337e+01
1.058513485680245481e+01
1.028002345391383443e+01
8.740387444736633427e+00
6.579524642479540830e+00
7.484820637019110379e+00
8.740387444736633427e+00
1.076405121554611632e+01
9.373021315815206478e+00
1.117038385124011413e+01
1.400281721259029588e+01
1.178062436274634450e+01
1.167204486311898926e+01
8.136857890256438353e+00
1.241217083805063837e+01
7.312732791431452384e+00
1.070474469691662733e+01
5.046265044040320724e+00
9.574614729634383536e+00
5.641895835477562571e+00
1.296408962885714899e+01
1.246335526484300615e+01
9.965574970333758387e+00
1.427299292922216978e+01
1.215301555949299761e+01
8.291859587312051971e+00
6.863662517577697741e+00
1.276615297284584649e+01
9.236181543108379799e+00
1.117038385124011413e+01
9.965574970333758387e+00
1.488434347843123184e+01
1.358748446131948917e+01
1.281592373849173683e+01
1.458187244392064308e+01
1.484151074652385738e+01
1.330339418036568588e+01
8.136857890256438353e+00
1.475547227809780537e+01
1.128379167095512514e+01
1.215301555949299761e+01
3.742410318509555189e+00
1.335116235624909109e+01
6.383076486422923246e+00
1.358748446131948917e+01
1.335116235624909109e+01
6.675581178124545545e+00
1.530607971465162365e+01
9.097283682934460103e+00
1.128379167095512514e+01
7.898654169668588132e+00
9.373021315815206478e+00
1.161737456321036532e+01
9.373021315815206478e+00
1.117038385124011413e+01
9.965574970333758387e+00
4.068428945128219176e+00
8.740387444736633427e+00
1.046415791390898242e+01
1.335116235624909109e+01
1.117038385124011413e+01
8.740387444736633427e+00
1.028002345391383443e+01
9.373021315815206478e+00
9.965574970333758387e+00
1.117038385124011413e+01
8.136857890256438353e+00
1.117038385124011413e+01
1.404820733880128181e+01
1.538904010394216471e+01
1.501210842680413826e+01
9.373021315815206478e+00
1.431752655671925822e+01
7.569397566060480642e+00
7.817640190446718762e+00
1.034176589165282145e+01
1.117038385124011413e+01
1.445030398768713376e+01
9.965574970333758387e+00
9.373021315815206478e+00
5.170882945826410726e+00
8.136857890256438353e+00
8.740387444736633427e+00
1.236077446474206631e+01
1.178062436274634450e+01
1.021790793990058255e+01
9.373021315815206478e+00
4.513516668382050234e+00
1.178062436274634450e+01
1.236077446474206631e+01
7.484820637019110379e+00
6.383076486422923246e+00
1.404820733880128181e+01
1.015541250385961369e+01
8.740387444736633427e+00
3.191538243211461623e+00
7.817640190446718762e+00
