9.965574970333758387e+00
1.058513485680245481e+01
4.787307364817191768e+00
1.094004191971426110e+01
7.312732791431452384e+00
8.368283871884004910e+00
6.383076486422923246e+00
8.740387444736633427e+00
9.373021315815206478e+00
1.117038385124011413e+01
9.373021315815206478e+00
6.955796338302048021e+00
1.117038385124011413e+01
1.002925341359354938e+01
7.735777827895049086e+00
1.040314189572019821e+01
6.863662517577697741e+00
1.276615297284584649e+01
9.507891862878782518e+00
8.740387444736633427e+00
1.271618740744904485e+01
1.215301555949299761e+01
3.385137501286537898e+00
7.569397566060480642e+00
7.653039857325811823e+00
9.965574970333758387e+00
1.172646028567007725e+01
1.117038385124011413e+01
8.136857890256438353e+00
6.076507779746498805e+00
8.740387444736633427e+00
6.863662517577697741e+00
7.653039857325811823e+00
1.117038385124011413e+01
1.117038385124011413e+01
9.836981518731869656e+00
7.569397566060480642e+00
1.099807968464679142e+01
9.027033336764100468e+00
7.312732791431452384e+00
6.675581178124545545e+00
1.015541250385961369e+01
1.058513485680245481e+01
9.507891862878782518e+00
8.519075891779829490e+00
1.105581278308273596e+01
7.978845608028653835e+00
8.136857890256438353e+00
7.312732791431452384e+00
8.740387444736633427e+00
1.058513485680245481e+01
6.863662517577697741e+00
9.373021315815206478e+00
1.021790793990058255e+01
7.136496464611084889e+00
1.117038385124011413e+01
1.002925341359354938e+01
1.099807968464679142e+01
8.291859587312051971e+00
7.484820637019110379e+00
8.444016491289504600e+00
1.058513485680245481e+01
1.040314189572019821e+01
8.136857890256438353e+00
7.653039857325811823e+00
8.444016491289504600e+00
9.373021315815206478e+00
1.145179781116143225e+01
1.117038385124011413e+01
9.965574970333758387e+00
1.335116235624909109e+01
1.064510777218481152e+01
8.136857890256438353e+00
8.444016491289504600e+00
1.167204486311898926e+01
9.373021315815206478e+00
1.058513485680245481e+01
9.965574970333758387e+00
8.136857890256438353e+00
1.117038385124011413e+01
1.188821220645068522e+01
1.236077446474206631e+01
3.385137501286537898e+00
1.194164264288369282e+01
9.507891862878782518e+00
6.482044814428574497e+00
8.136857890256438353e+00
6.579524642479540830e+00
7.399277020331918919e+00
6.383076486422923246e+00
8.136857890256438353e+00
8.136857890256438353e+00
1.150725478350318376e+01
6.863662517577697741e+00
9.965574970333758387e+00
1.271618740744904485e+01
6.770275002573075795e+00
9.772050238058398008e+00
1.021790793990058255e+01
7.484820637019110379e+00
8.136857890256438353e+00
7.898654169668588132e+00
1.058513485680245481e+01
7.484820637019110379e+00
1.105581278308273596e+01
8.884866446580955923e+00
1.230916348999737586e+01
7.484820637019110379e+00
1.178062436274634450e+01
9.373021315815206478e+00
9.772050238058398008e+00
8.519075891779829490e+00
7.484820637019110379e+00
9.901487006738307173e+00
9.373021315815206478e+00
1.058513485680245481e+01
1.111324596323282954e+01
8.593479713983121826e+00
1.009253008808064145e+01
8.740387444736633427e+00
9.373021315815206478e+00
6.180387232371033157e+00
1.099807968464679142e+01
7.817640190446718762e+00
9.640875829802336483e+00
8.136857890256438353e+00
9.507891862878782518e+00
9.373021315815206478e+00
9.965574970333758387e+00
1.058513485680245481e+01
6.863662517577697741e+00
5.170882945826410726e+00
8.593479713983121826e+00
1.028002345391383443e+01
1.286550196516137312e+01
1.325545386523797831e+01
9.373021315815206478e+00
1.281592373849173683e+01
8.291859587312051971e+00
7.898654169668588132e+00
1.296408962885714899e+01
1.002925341359354938e+01
9.965574970333758387e+00
6.675581178124545545e+00
9.965574970333758387e+00
5.170882945826410726e+00
1.286550196516137312e+01
8.884866446580955923e+00
7.817640190446718762e+00
4.652426491681278087e+00
8.740387444736633427e+00
8.884866446580955923e+00
1.058513485680245481e+01
1.134007028277388685e+01
3.908820095223359381e+00
9.373021315815206478e+00
9.373021315815206478e+00
8.291859587312051971e+00
1.040314189572019821e+01
7.898654169668588132e+00
1.070474469691662733e+01
8.291859587312051971e+00
2.256758334191025117e+00
7.569397566060480642e+00
1.215301555949299761e+01
7.225151993843566878e+00
9.027033336764100468e+00
8.740387444736633427e+00
7.569397566060480642e+00
