1.199483507827737583e+01
1.335116235624909109e+01
1.335116235624909109e+01
8.444016491289504600e+00
8.214724333230154940e+00
9.373021315815206478e+00
1.040314189572019821e+01
1.178062436274634450e+01
1.409345127989185542e+01
1.172646028567007725e+01
1.117038385124011413e+01
1.458187244392064308e+01
9.373021315815206478e+00
7.735777827895049086e+00
1.400281721259029588e+01
1.445030398768713376e+01
8.812923024107547576e+00
7.046725639945927711e+00
9.965574970333758387e+00
1.276615297284584649e+01
1.306193320280393344e+01
8.740387444736633427e+00
1.315904928495908166e+01
4.513516668382050234e+00
1.117038385124011413e+01
9.965574970333758387e+00
5.046265044040320724e+00
1.117038385124011413e+01
7.136496464611084889e+00
8.444016491289504600e+00
1.220528683538465842e+01
1.368087033328175828e+01
1.058513485680245481e+01
1.021790793990058255e+01
8.740387444736633427e+00
6.955796338302048021e+00
7.653039857325811823e+00
8.740387444736633427e+00
1.070474469691662733e+01
9.373021315815206478e+00
1.117038385124011413e+01
1.368087033328175828e+01
1.178062436274634450e+01
1.167204486311898926e+01
8.136857890256438353e+00
1.225733520300188317e+01
7.484820637019110379e+00
1.070474469691662733e+01
5.863230142835038627e+00
6.076507779746498805e+00
9.574614729634383536e+00
1.266602473693425601e+01
1.236077446474206631e+01
9.965574970333758387e+00
1.427299292922216978e+01
1.204779266504070279e+01
8.291859587312051971e+00
7.225151993843566878e+00
1.271618740744904485e+01
9.373021315815206478e+00
1.117038385124011413e+01
9.965574970333758387e+00
1.479855404066383784e+01
1.349345229721172146e+01
1.276615297284584649e+01
1.436192209445157708e+01
1.466892917224166482e+01
1.320733953636073110e+01
8.136857890256438353e+00
1.466892917224166482e+01
1.117038385124011413e+01
1.210051848659980855e+01
5.292567428401227403e+00
1.306193320280393344e+01
6.675581178124545545e+00
1.358748446131948917e+01
7.046725639945927711e+00
1.335116235624909109e+01
1.522266721510391640e+01
3.908820095223359381e+00
9.166995688475081394e+00
1.117038385124011413e+01
8.058239062071395509e+00
9.373021315815206478e+00
1.139607097042601680e+01
9.507891862878782518e+00
1.117038385124011413e+01
5.046265044040320724e+00
9.965574970333758387e+00
8.740387444736633427e+00
1.034176589165282145e+01
1.286550196516137312e+01
1.099807968464679142e+01
8.740387444736633427e+00
1.021790793990058255e+01
9.373021315815206478e+00
9.965574970333758387e+00
1.117038385124011413e+01
8.136857890256438353e+00
1.117038385124011413e+01
1.395727947504383337e+01
1.534761596392107741e+01
1.484151074652385738e+01
9.373021315815206478e+00
1.427299292922216978e+01
7.653039857325811823e+00
8.136857890256438353e+00
1.021790793990058255e+01
1.117038385124011413e+01
1.427299292922216978e+01
9.965574970333758387e+00
9.373021315815206478e+00
5.753627391751591880e+00
8.136857890256438353e+00
8.884866446580955923e+00
1.236077446474206631e+01
1.178062436274634450e+01
9.965574970333758387e+00
9.373021315815206478e+00
5.411516379806009525e+00
1.167204486311898926e+01
1.236077446474206631e+01
7.735777827895049086e+00
6.579524642479540830e+00
1.395727947504383337e+01
9.574614729634383536e+00
8.740387444736633427e+00
4.513516668382050234e+00
7.569397566060480642e+00
