1.409345127989185542e+01
1.436192209445157708e+01
7.312732791431452384e+00
6.770275002573075795e+00
9.373021315815206478e+00
1.028002345391383443e+01
1.230916348999737586e+01
1.543035303761632804e+01
1.172646028567007725e+01
1.094004191971426110e+01
1.555363345008750464e+01
1.462546558286290477e+01
8.444016491289504600e+00
1.484151074652385738e+01
4.513516668382050234e+00
8.740387444736633427e+00
9.836981518731869656e+00
1.296408962885714899e+01
1.395727947504383337e+01
9.772050238058398008e+00
1.377362305878664728e+01
1.117038385124011413e+01
1.021790793990058255e+01
1.117038385124011413e+01
7.312732791431452384e+00
5.753627391751591880e+00
1.306193320280393344e+01
1.492705330360461602e+01
1.058513485680245481e+01
1.052482020710848865e+01
8.136857890256438353e+00
8.956231982162769611e+00
1.134007028277388685e+01
4.513516668382050234e+00
9.166995688475081394e+00
1.167204486311898926e+01
1.492705330360461602e+01
1.266602473693425601e+01
1.167204486311898926e+01
8.136857890256438353e+00
1.315904928495908166e+01
1.117038385124011413e+01
1.518078909665319287e+01
9.373021315815206478e+00
1.306193320280393344e+01
9.965574970333758387e+00
1.436192209445157708e+01
1.215301555949299761e+01
8.667244841319218907e+00
1.320733953636073110e+01
8.740387444736633427e+00
1.117038385124011413e+01
9.836981518731869656e+00
1.526443044094783019e+01
1.418350619798065715e+01
1.559451034962034477e+01
1.276615297284584649e+01
1.530607971465162365e+01
1.335116235624909109e+01
5.970821321441846408e+00
1.623454913941802857e+01
1.178062436274634450e+01
1.311058116710494836e+01
1.427299292922216978e+01
1.372732503515539548e+01
1.381976597885341995e+01
1.595769121605730767e+01
1.172646028567007725e+01
8.136857890256438353e+00
5.046265044040320724e+00
9.304852983362556174e+00
1.215301555949299761e+01
9.640875829802336483e+00
1.117038385124011413e+01
9.965574970333758387e+00
8.136857890256438353e+00
1.058513485680245481e+01
1.436192209445157708e+01
1.099807968464679142e+01
8.740387444736633427e+00
1.040314189572019821e+01
9.373021315815206478e+00
9.965574970333758387e+00
1.117038385124011413e+01
7.312732791431452384e+00
1.117038385124011413e+01
1.436192209445157708e+01
1.559451034962034477e+01
1.627371578051287671e+01
9.304852983362556174e+00
1.484151074652385738e+01
6.863662517577697741e+00
6.180387232371033157e+00
1.058513485680245481e+01
1.117038385124011413e+01
1.543035303761632804e+01
9.836981518731869656e+00
9.236181543108379799e+00
7.225151993843566878e+00
8.136857890256438353e+00
1.230916348999737586e+01
1.261566261010080048e+01
1.150725478350318376e+01
8.740387444736633427e+00
1.266602473693425601e+01
1.178062436274634450e+01
6.675581178124545545e+00
1.509668435477122017e+01
1.046415791390898242e+01
8.291859587312051971e+00
7.978845608028653835e+00
