1.449429283826230197e+01
1.547155565579009817e+01
1.002925341359354938e+01
9.901487006738307173e+00
1.276615297284584649e+01
1.737117647432762624e+01
1.172646028567007725e+01
1.058513485680245481e+01
1.603728119216292924e+01
1.547155565579009817e+01
1.505445578434700415e+01
6.076507779746498805e+00
8.740387444736633427e+00
9.836981518731869656e+00
1.291488987023529766e+01
1.505445578434700415e+01
9.965574970333758387e+00
1.413855043925722121e+01
1.117038385124011413e+01
1.028002345391383443e+01
1.117038385124011413e+01
1.377362305878664728e+01
1.579730833933717626e+01
1.058513485680245481e+01
1.058513485680245481e+01
6.955796338302048021e+00
1.236077446474206631e+01
9.373021315815206478e+00
1.161737456321036532e+01
7.569397566060480642e+00
1.538904010394216471e+01
1.301310337505149661e+01
1.161737456321036532e+01
7.046725639945927711e+00
1.315904928495908166e+01
1.225733520300188317e+01
9.373021315815206478e+00
1.543035303761632804e+01
1.315904928495908166e+01
9.706684619910241452e+00
1.436192209445157708e+01
1.215301555949299761e+01
7.735777827895049086e+00
1.315904928495908166e+01
7.978845608028653835e+00
1.070474469691662733e+01
1.579730833933717626e+01
8.956231982162769611e+00
1.471226436021925466e+01
1.599753570059363028e+01
1.256509862862843541e+01
1.563528038089343752e+01
1.315904928495908166e+01
1.650676414605009157e+01
1.246335526484300615e+01
1.311058116710494836e+01
1.496964127403822076e+01
1.418350619798065715e+01
1.400281721259029588e+01
1.677456227108388731e+01
1.210051848659980855e+01
4.787307364817191768e+00
8.740387444736633427e+00
1.281592373849173683e+01
9.097283682934460103e+00
1.117038385124011413e+01
9.836981518731869656e+00
1.058513485680245481e+01
5.863230142835038627e+00
1.505445578434700415e+01
1.070474469691662733e+01
8.740387444736633427e+00
1.040314189572019821e+01
1.021790793990058255e+01
9.901487006738307173e+00
1.105581278308273596e+01
4.068428945128219176e+00
1.183454054540639433e+01
1.513879513212096128e+01
1.627371578051287671e+01
1.822952333923949553e+01
8.812923024107547576e+00
1.492705330360461602e+01
1.046415791390898242e+01
1.156244577056221523e+01
1.722396045987370883e+01
9.507891862878782518e+00
9.166995688475081394e+00
6.863662517577697741e+00
1.291488987023529766e+01
1.281592373849173683e+01
1.161737456321036532e+01
7.399277020331918919e+00
1.344618962205996482e+01
1.178062436274634450e+01
1.654528640181426269e+01
1.058513485680245481e+01
7.484820637019110379e+00
6.675581178124545545e+00
