1.167204486311898926e+01
1.306193320280393344e+01
1.306193320280393344e+01
8.444016491289504600e+00
8.291859587312051971e+00
9.373021315815206478e+00
1.040314189572019821e+01
1.178062436274634450e+01
1.381976597885341995e+01
1.172646028567007725e+01
1.117038385124011413e+01
1.431752655671925822e+01
9.373021315815206478e+00
8.136857890256438353e+00
1.381976597885341995e+01
1.436192209445157708e+01
8.740387444736633427e+00
7.312732791431452384e+00
9.965574970333758387e+00
1.266602473693425601e+01
1.301310337505149661e+01
8.740387444736633427e+00
1.296408962885714899e+01
5.753627391751591880e+00
1.117038385124011413e+01
9.965574970333758387e+00
6.383076486422923246e+00
1.117038385124011413e+01
8.593479713983121826e+00
7.312732791431452384e+00
1.204779266504070279e+01
1.330339418036568588e+01
1.058513485680245481e+01
1.009253008808064145e+01
8.740387444736633427e+00
7.225151993843566878e+00
7.978845608028653835e+00
8.740387444736633427e+00
1.070474469691662733e+01
9.373021315815206478e+00
1.094004191971426110e+01
4.222008245644752300e+00
1.335116235624909109e+01
1.178062436274634450e+01
1.161737456321036532e+01
8.136857890256438353e+00
1.210051848659980855e+01
8.058239062071395509e+00
1.070474469691662733e+01
6.675581178124545545e+00
6.579524642479540830e+00
9.440697438826296306e+00
1.251433034574463399e+01
1.215301555949299761e+01
9.965574970333758387e+00
1.422831991532699902e+01
1.210051848659980855e+01
8.291859587312051971e+00
7.399277020331918919e+00
1.261566261010080048e+01
9.373021315815206478e+00
1.117038385124011413e+01
9.965574970333758387e+00
1.325545386523797831e+01
1.427299292922216978e+01
4.222008245644752300e+00
1.276615297284584649e+01
1.409345127989185542e+01
1.431752655671925822e+01
1.320733953636073110e+01
8.136857890256438353e+00
1.440618081907316395e+01
3.568248232305542444e+00
1.105581278308273596e+01
1.194164264288369282e+01
5.863230142835038627e+00
1.266602473693425601e+01
7.225151993843566878e+00
1.358748446131948917e+01
7.569397566060480642e+00
1.325545386523797831e+01
1.496964127403822076e+01
5.170882945826410726e+00
9.373021315815206478e+00
1.105581278308273596e+01
8.136857890256438353e+00
9.373021315815206478e+00
9.507891862878782518e+00
1.117038385124011413e+01
1.128379167095512514e+01
6.076507779746498805e+00
9.965574970333758387e+00
8.740387444736633427e+00
1.028002345391383443e+01
1.261566261010080048e+01
1.058513485680245481e+01
4.787307364817191768e+00
8.740387444736633427e+00
1.021790793990058255e+01
9.373021315815206478e+00
9.965574970333758387e+00
1.117038385124011413e+01
8.136857890256438353e+00
1.117038385124011413e+01
1.377362305878664728e+01
1.513879513212096128e+01
1.445030398768713376e+01
9.373021315815206478e+00
7.898654169668588132e+00
1.427299292922216978e+01
8.136857890256438353e+00
1.028002345391383443e+01
1.117038385124011413e+01
1.404820733880128181e+01
9.965574970333758387e+00
9.373021315815206478e+00
6.180387232371033157e+00
8.136857890256438353e+00
9.027033336764100468e+00
1.236077446474206631e+01
1.150725478350318376e+01
9.965574970333758387e+00
9.373021315815206478e+00
6.383076486422923246e+00
1.167204486311898926e+01
1.225733520300188317e+01
6.863662517577697741e+00
7.978845608028653835e+00
1.372732503515539548e+01
9.507891862878782518e+00
8.740387444736633427e+00
5.970821321441846408e+00
7.399277020331918919e+00
