1.117038385124011413e+01
1.210051848659980855e+01
1.246335526484300615e+01
5.970821321441846408e+00
8.214724333230154940e+00
8.368283871884004910e+00
9.373021315815206478e+00
1.034176589165282145e+01
1.178062436274634450e+01
1.256509862862843541e+01
1.156244577056221523e+01
6.180387232371033157e+00
1.070474469691662733e+01
1.377362305878664728e+01
9.640875829802336483e+00
8.444016491289504600e+00
1.315904928495908166e+01
1.320733953636073110e+01
8.812923024107547576e+00
7.484820637019110379e+00
9.965574970333758387e+00
1.236077446474206631e+01
1.236077446474206631e+01
5.970821321441846408e+00
8.740387444736633427e+00
7.046725639945927711e+00
1.220528683538465842e+01
4.652426491681278087e+00
1.117038385124011413e+01
9.965574970333758387e+00
7.046725639945927711e+00
1.117038385124011413e+01
7.484820637019110379e+00
8.740387444736633427e+00
1.117038385124011413e+01
1.256509862862843541e+01
1.058513485680245481e+01
9.507891862878782518e+00
8.740387444736633427e+00
7.653039857325811823e+00
8.136857890256438353e+00
8.956231982162769611e+00
1.058513485680245481e+01
9.373021315815206478e+00
1.046415791390898242e+01
6.076507779746498805e+00
4.370193722368316713e+00
2.523132522020160362e+00
1.134007028277388685e+01
1.070474469691662733e+01
1.204779266504070279e+01
8.214724333230154940e+00
5.863230142835038627e+00
1.117038385124011413e+01
8.444016491289504600e+00
1.058513485680245481e+01
7.484820637019110379e+00
5.863230142835038627e+00
7.484820637019110379e+00
9.373021315815206478e+00
1.178062436274634450e+01
1.178062436274634450e+01
9.965574970333758387e+00
1.400281721259029588e+01
1.172646028567007725e+01
8.136857890256438353e+00
8.136857890256438353e+00
1.215301555949299761e+01
9.373021315815206478e+00
1.094004191971426110e+01
9.965574970333758387e+00
1.236077446474206631e+01
1.349345229721172146e+01
6.770275002573075795e+00
1.271618740744904485e+01
1.306193320280393344e+01
8.136857890256438353e+00
1.301310337505149661e+01
8.136857890256438353e+00
5.170882945826410726e+00
6.863662517577697741e+00
1.028002345391383443e+01
1.368087033328175828e+01
5.046265044040320724e+00
9.965574970333758387e+00
1.156244577056221523e+01
7.225151993843566878e+00
7.735777827895049086e+00
1.150725478350318376e+01
1.220528683538465842e+01
5.753627391751591880e+00
5.170882945826410726e+00
8.444016491289504600e+00
1.286550196516137312e+01
1.372732503515539548e+01
6.770275002573075795e+00
9.373021315815206478e+00
1.058513485680245481e+01
8.136857890256438353e+00
5.753627391751591880e+00
9.706684619910241452e+00
9.373021315815206478e+00
1.070474469691662733e+01
1.117038385124011413e+01
7.399277020331918919e+00
9.965574970333758387e+00
8.740387444736633427e+00
9.574614729634383536e+00
1.178062436274634450e+01
6.863662517577697741e+00
1.040314189572019821e+01
8.444016491289504600e+00
9.901487006738307173e+00
9.373021315815206478e+00
9.965574970333758387e+00
1.105581278308273596e+01
8.136857890256438353e+00
4.513516668382050234e+00
1.082303275961201905e+01
1.335116235624909109e+01
1.471226436021925466e+01
1.400281721259029588e+01
9.507891862878782518e+00
8.136857890256438353e+00
1.395727947504383337e+01
8.444016491289504600e+00
1.021790793990058255e+01
1.111324596323282954e+01
1.363425735166143049e+01
9.965574970333758387e+00
9.373021315815206478e+00
7.399277020331918919e+00
8.136857890256438353e+00
8.740387444736633427e+00
1.220528683538465842e+01
1.117038385124011413e+01
9.640875829802336483e+00
9.373021315815206478e+00
7.653039857325811823e+00
1.145179781116143225e+01
7.399277020331918919e+00
1.134007028277388685e+01
8.136857890256438353e+00
1.306193320280393344e+01
5.753627391751591880e+00
6.955796338302048021e+00
9.027033336764100468e+00
8.740387444736633427e+00
6.955796338302048021e+00
