1.409345127989185542e+01
1.436192209445157708e+01
7.225151993843566878e+00
6.482044814428574497e+00
9.373021315815206478e+00
1.021790793990058255e+01
1.246335526484300615e+01
1.551264883747923129e+01
1.172646028567007725e+01
1.094004191971426110e+01
1.563528038089343752e+01
1.471226436021925466e+01
8.136857890256438353e+00
1.484151074652385738e+01
4.068428945128219176e+00
8.740387444736633427e+00
9.836981518731869656e+00
1.296408962885714899e+01
1.413855043925722121e+01
9.836981518731869656e+00
1.377362305878664728e+01
1.117038385124011413e+01
1.015541250385961369e+01
1.117038385124011413e+01
5.753627391751591880e+00
7.225151993843566878e+00
1.325545386523797831e+01
1.496964127403822076e+01
1.058513485680245481e+01
1.058513485680245481e+01
8.136857890256438353e+00
9.027033336764100468e+00
1.145179781116143225e+01
8.956231982162769611e+00
1.167204486311898926e+01
4.222008245644752300e+00
1.501210842680413826e+01
1.266602473693425601e+01
1.167204486311898926e+01
8.136857890256438353e+00
1.315904928495908166e+01
1.128379167095512514e+01
1.522266721510391640e+01
9.373021315815206478e+00
1.306193320280393344e+01
9.965574970333758387e+00
1.436192209445157708e+01
1.215301555949299761e+01
8.667244841319218907e+00
1.320733953636073110e+01
8.667244841319218907e+00
1.105581278308273596e+01
9.772050238058398008e+00
1.534761596392107741e+01
1.418350619798065715e+01
1.563528038089343752e+01
1.256509862862843541e+01
1.534761596392107741e+01
1.335116235624909109e+01
5.292567428401227403e+00
1.631278838364701755e+01
1.183454054540639433e+01
1.315904928495908166e+01
1.436192209445157708e+01
1.377362305878664728e+01
1.381976597885341995e+01
1.595769121605730767e+01
1.183454054540639433e+01
7.978845608028653835e+00
4.513516668382050234e+00
9.236181543108379799e+00
1.220528683538465842e+01
9.574614729634383536e+00
1.117038385124011413e+01
9.965574970333758387e+00
8.136857890256438353e+00
1.058513485680245481e+01
1.436192209445157708e+01
1.099807968464679142e+01
8.740387444736633427e+00
1.040314189572019821e+01
9.373021315815206478e+00
9.965574970333758387e+00
1.117038385124011413e+01
7.136496464611084889e+00
1.117038385124011413e+01
1.436192209445157708e+01
1.571650316319191809e+01
1.639065416446577927e+01
9.236181543108379799e+00
1.488434347843123184e+01
6.482044814428574497e+00
6.180387232371033157e+00
1.058513485680245481e+01
1.117038385124011413e+01
1.551264883747923129e+01
9.836981518731869656e+00
9.236181543108379799e+00
7.225151993843566878e+00
8.136857890256438353e+00
1.230916348999737586e+01
1.266602473693425601e+01
1.156244577056221523e+01
8.740387444736633427e+00
1.286550196516137312e+01
1.178062436274634450e+01
6.482044814428574497e+00
1.518078909665319287e+01
1.046415791390898242e+01
8.291859587312051971e+00
7.817640190446718762e+00
