1.377362305878664728e+01
1.395727947504383337e+01
8.136857890256438353e+00
7.735777827895049086e+00
9.373021315815206478e+00
1.040314189572019821e+01
1.178062436274634450e+01
1.475547227809780537e+01
1.172646028567007725e+01
1.094004191971426110e+01
1.492705330360461602e+01
9.097283682934460103e+00
1.431752655671925822e+01
1.462546558286290477e+01
6.675581178124545545e+00
8.812923024107547576e+00
9.965574970333758387e+00
6.282549314314217703e+00
1.296408962885714899e+01
1.344618962205996482e+01
9.236181543108379799e+00
1.325545386523797831e+01
1.117038385124011413e+01
9.965574970333758387e+00
1.117038385124011413e+01
6.955796338302048021e+00
8.136857890256438353e+00
1.281592373849173683e+01
1.458187244392064308e+01
1.058513485680245481e+01
1.034176589165282145e+01
8.593479713983121826e+00
5.527906391541367981e+00
6.955796338302048021e+00
8.740387444736633427e+00
1.105581278308273596e+01
9.236181543108379799e+00
1.161737456321036532e+01
1.418350619798065715e+01
1.178062436274634450e+01
1.178062436274634450e+01
8.136857890256438353e+00
1.281592373849173683e+01
6.383076486422923246e+00
1.105581278308273596e+01
9.373021315815206478e+00
1.363425735166143049e+01
3.385137501286537898e+00
1.261566261010080048e+01
9.965574970333758387e+00
1.431752655671925822e+01
1.204779266504070279e+01
8.136857890256438353e+00
6.076507779746498805e+00
1.296408962885714899e+01
9.097283682934460103e+00
1.117038385124011413e+01
9.965574970333758387e+00
1.513879513212096128e+01
1.381976597885341995e+01
1.276615297284584649e+01
1.484151074652385738e+01
1.496964127403822076e+01
1.335116235624909109e+01
7.484820637019110379e+00
1.501210842680413826e+01
1.156244577056221523e+01
1.251433034574463399e+01
1.395727947504383337e+01
5.046265044040320724e+00
1.363425735166143049e+01
1.372732503515539548e+01
5.641895835477562571e+00
1.547155565579009817e+01
1.150725478350318376e+01
8.740387444736633427e+00
7.046725639945927711e+00
9.373021315815206478e+00
1.167204486311898926e+01
9.507891862878782518e+00
1.117038385124011413e+01
9.965574970333758387e+00
8.444016491289504600e+00
1.046415791390898242e+01
1.386575534383213970e+01
1.117038385124011413e+01
8.740387444736633427e+00
1.028002345391383443e+01
9.373021315815206478e+00
9.965574970333758387e+00
1.117038385124011413e+01
8.136857890256438353e+00
1.117038385124011413e+01
1.418350619798065715e+01
1.555363345008750464e+01
1.543035303761632804e+01
9.373021315815206478e+00
1.440618081907316395e+01
7.484820637019110379e+00
7.312732791431452384e+00
1.034176589165282145e+01
1.117038385124011413e+01
1.488434347843123184e+01
9.965574970333758387e+00
9.304852983362556174e+00
8.136857890256438353e+00
8.593479713983121826e+00
1.236077446474206631e+01
1.225733520300188317e+01
1.082303275961201905e+01
9.166995688475081394e+00
1.178062436274634450e+01
1.236077446474206631e+01
7.399277020331918919e+00
5.641895835477562571e+00
1.479855404066383784e+01
1.034176589165282145e+01
8.740387444736633427e+00
7.817640190446718762e+00
