1.178062436274634450e+01
1.167204486311898926e+01
1.311058116710494836e+01
9.965574970333758387e+00
1.058513485680245481e+01
1.501210842680413826e+01
1.413855043925722121e+01
1.496964127403822076e+01
1.105581278308273596e+01
6.180387232371033157e+00
1.488434347843123184e+01
1.128379167095512559e+00
1.409345127989185542e+01
1.117038385124011413e+01
1.058513485680245481e+01
9.373021315815206478e+00
1.058513485680245481e+01
1.484151074652385738e+01
9.965574970333758387e+00
1.009253008808064145e+01
9.373021315815206478e+00
1.236077446474206631e+01
9.166995688475081394e+00
1.436192209445157708e+01
1.178062436274634450e+01
9.965574970333758387e+00
1.122723095552866468e+01
6.282549314314217703e+00
1.052482020710848865e+01
1.320733953636073110e+01
1.178062436274634450e+01
1.178062436274634450e+01
9.373021315815206478e+00
5.046265044040320724e+00
1.488434347843123184e+01
1.134007028277388685e+01
1.650676414605009157e+01
1.256509862862843541e+01
1.368087033328175828e+01
1.320733953636073110e+01
3.568248232305542444e+00
7.978845608028653835e+00
1.409345127989185542e+01
9.373021315815206478e+00
1.567594437773643001e+01
1.099807968464679142e+01
9.373021315815206478e+00
2.985410660720923204e+00
1.117038385124011413e+01
1.094004191971426110e+01
8.740387444736633427e+00
1.615593100600235843e+01
8.740387444736633427e+00
1.440618081907316395e+01
8.740387444736633427e+00
1.230916348999737586e+01
1.330339418036568588e+01
1.349345229721172146e+01
1.344618962205996482e+01
8.593479713983121826e+00
1.530607971465162365e+01
1.479855404066383784e+01
1.311058116710494836e+01
5.753627391751591880e+00
1.236077446474206631e+01
1.773387063078969206e+01
4.513516668382050234e+00
6.383076486422923246e+00
1.325545386523797831e+01
6.955796338302048021e+00
1.696325844612841038e+01
7.225151993843566878e+00
1.058513485680245481e+01
1.058513485680245481e+01
1.296408962885714899e+01
1.315904928495908166e+01
1.677456227108388731e+01
9.166995688475081394e+00
1.358748446131948917e+01
5.292567428401227403e+00
1.431752655671925822e+01
1.475547227809780537e+01
8.291859587312051971e+00
5.527906391541367981e+00
1.400281721259029588e+01
7.898654169668588132e+00
5.641895835477562571e+00
1.128379167095512514e+01
5.411516379806009525e+00
1.286550196516137312e+01
1.400281721259029588e+01
1.194164264288369282e+01
8.444016491289504600e+00
1.381976597885341995e+01
1.058513485680245481e+01
8.291859587312051971e+00
1.117038385124011413e+01
1.296408962885714899e+01
9.901487006738307173e+00
9.373021315815206478e+00
1.413855043925722121e+01
1.058513485680245481e+01
1.261566261010080048e+01
1.276615297284584649e+01
1.339876023397903637e+01
1.178062436274634450e+01
1.335116235624909109e+01
1.296408962885714899e+01
1.413855043925722121e+01
9.373021315815206478e+00
6.863662517577697741e+00
9.097283682934460103e+00
1.178062436274634450e+01
5.970821321441846408e+00
