1.178062436274634450e+01
5.970821321441846408e+00
1.188821220645068522e+01
1.325545386523797831e+01
9.965574970333758387e+00
1.028002345391383443e+01
1.543035303761632804e+01
1.496964127403822076e+01
1.505445578434700415e+01
1.099807968464679142e+01
1.538904010394216471e+01
1.436192209445157708e+01
1.117038385124011413e+01
1.034176589165282145e+01
9.373021315815206478e+00
1.034176589165282145e+01
1.559451034962034477e+01
9.836981518731869656e+00
9.836981518731869656e+00
9.373021315815206478e+00
1.236077446474206631e+01
1.505445578434700415e+01
8.136857890256438353e+00
1.256509862862843541e+01
9.965574970333758387e+00
1.178062436274634450e+01
1.021790793990058255e+01
1.358748446131948917e+01
1.194164264288369282e+01
1.178062436274634450e+01
9.166995688475081394e+00
1.501210842680413826e+01
1.194164264288369282e+01
1.766192765414112031e+01
1.261566261010080048e+01
1.422831991532699902e+01
1.391159267660409604e+01
5.046265044040320724e+00
1.445030398768713376e+01
9.027033336764100468e+00
1.623454913941802857e+01
1.076405121554611632e+01
8.956231982162769611e+00
1.117038385124011413e+01
1.094004191971426110e+01
1.646815177937675045e+01
7.898654169668588132e+00
1.475547227809780537e+01
8.291859587312051971e+00
8.740387444736633427e+00
1.215301555949299761e+01
1.395727947504383337e+01
1.436192209445157708e+01
1.344618962205996482e+01
7.898654169668588132e+00
1.599753570059363028e+01
1.551264883747923129e+01
1.311058116710494836e+01
1.325545386523797831e+01
1.829923496393627147e+01
1.339876023397903637e+01
1.776973289316191185e+01
1.105581278308273596e+01
1.117038385124011413e+01
2.985410660720923204e+00
1.296408962885714899e+01
1.453814859003845150e+01
1.766192765414112031e+01
9.166995688475081394e+00
1.363425735166143049e+01
1.538904010394216471e+01
1.479855404066383784e+01
8.291859587312051971e+00
1.479855404066383784e+01
6.863662517577697741e+00
1.117038385124011413e+01
1.534761596392107741e+01
1.372732503515539548e+01
1.188821220645068522e+01
6.383076486422923246e+00
1.427299292922216978e+01
1.058513485680245481e+01
8.291859587312051971e+00
1.105581278308273596e+01
1.306193320280393344e+01
9.772050238058398008e+00
9.373021315815206478e+00
1.413855043925722121e+01
1.070474469691662733e+01
1.320733953636073110e+01
1.276615297284584649e+01
1.354055000514615159e+01
1.178062436274634450e+01
1.368087033328175828e+01
1.349345229721172146e+01
1.445030398768713376e+01
9.965574970333758387e+00
1.210051848659980855e+01
8.593479713983121826e+00
