1.178062436274634450e+01
5.641895835477562571e+00
1.188821220645068522e+01
1.320733953636073110e+01
9.965574970333758387e+00
1.021790793990058255e+01
1.543035303761632804e+01
1.492705330360461602e+01
1.513879513212096128e+01
1.099807968464679142e+01
1.538904010394216471e+01
1.440618081907316395e+01
1.117038385124011413e+01
1.034176589165282145e+01
9.373021315815206478e+00
1.034176589165282145e+01
1.563528038089343752e+01
9.836981518731869656e+00
9.836981518731869656e+00
9.373021315815206478e+00
1.236077446474206631e+01
1.505445578434700415e+01
7.735777827895049086e+00
1.256509862862843541e+01
9.965574970333758387e+00
1.178062436274634450e+01
1.021790793990058255e+01
1.363425735166143049e+01
1.210051848659980855e+01
1.178062436274634450e+01
9.166995688475081394e+00
1.501210842680413826e+01
1.199483507827737583e+01
1.766192765414112031e+01
1.261566261010080048e+01
1.427299292922216978e+01
1.391159267660409604e+01
4.513516668382050234e+00
1.449429283826230197e+01
8.956231982162769611e+00
1.631278838364701755e+01
1.076405121554611632e+01
8.956231982162769611e+00
1.117038385124011413e+01
1.094004191971426110e+01
1.650676414605009157e+01
7.817640190446718762e+00
1.484151074652385738e+01
8.214724333230154940e+00
8.740387444736633427e+00
1.215301555949299761e+01
1.395727947504383337e+01
1.440618081907316395e+01
1.339876023397903637e+01
7.735777827895049086e+00
1.599753570059363028e+01
1.567594437773643001e+01
1.311058116710494836e+01
1.325545386523797831e+01
1.829923496393627147e+01
1.339876023397903637e+01
1.776973289316191185e+01
1.111324596323282954e+01
1.117038385124011413e+01
1.296408962885714899e+01
1.458187244392064308e+01
1.769793569896924623e+01
9.027033336764100468e+00
1.368087033328175828e+01
1.538904010394216471e+01
1.479855404066383784e+01
8.291859587312051971e+00
1.479855404066383784e+01
6.675581178124545545e+00
1.117038385124011413e+01
1.534761596392107741e+01
1.372732503515539548e+01
1.188821220645068522e+01
1.436192209445157708e+01
6.076507779746498805e+00
1.058513485680245481e+01
8.136857890256438353e+00
1.105581278308273596e+01
1.306193320280393344e+01
9.772050238058398008e+00
9.373021315815206478e+00
1.413855043925722121e+01
1.070474469691662733e+01
1.325545386523797831e+01
1.276615297284584649e+01
1.354055000514615159e+01
1.178062436274634450e+01
1.368087033328175828e+01
1.363425735166143049e+01
1.458187244392064308e+01
9.965574970333758387e+00
1.215301555949299761e+01
8.444016491289504600e+00
