1.178062436274634450e+01
1.167204486311898926e+01
1.325545386523797831e+01
9.965574970333758387e+00
1.058513485680245481e+01
1.530607971465162365e+01
1.436192209445157708e+01
1.496964127403822076e+01
1.105581278308273596e+01
4.513516668382050234e+00
1.505445578434700415e+01
1.413855043925722121e+01
1.117038385124011413e+01
1.046415791390898242e+01
9.373021315815206478e+00
1.058513485680245481e+01
1.501210842680413826e+01
9.901487006738307173e+00
1.009253008808064145e+01
9.373021315815206478e+00
1.236077446474206631e+01
8.812923024107547576e+00
1.471226436021925466e+01
1.183454054540639433e+01
9.965574970333758387e+00
1.145179781116143225e+01
5.170882945826410726e+00
1.046415791390898242e+01
1.349345229721172146e+01
1.178062436274634450e+01
1.178062436274634450e+01
9.304852983362556174e+00
1.492705330360461602e+01
1.161737456321036532e+01
1.707547527140466670e+01
1.261566261010080048e+01
1.386575534383213970e+01
1.372732503515539548e+01
7.046725639945927711e+00
1.422831991532699902e+01
9.373021315815206478e+00
1.599753570059363028e+01
1.094004191971426110e+01
9.373021315815206478e+00
1.117038385124011413e+01
1.094004191971426110e+01
8.593479713983121826e+00
1.627371578051287671e+01
8.740387444736633427e+00
1.462546558286290477e+01
8.740387444736633427e+00
1.225733520300188317e+01
1.358748446131948917e+01
1.386575534383213970e+01
1.354055000514615159e+01
8.136857890256438353e+00
1.543035303761632804e+01
1.492705330360461602e+01
1.315904928495908166e+01
1.261566261010080048e+01
3.191538243211461623e+00
1.794796937867891984e+01
5.170882945826410726e+00
1.325545386523797831e+01
5.527906391541367981e+00
1.722396045987370883e+01
6.770275002573075795e+00
1.070474469691662733e+01
1.058513485680245481e+01
1.296408962885714899e+01
1.368087033328175828e+01
1.700074635581867355e+01
9.166995688475081394e+00
1.358748446131948917e+01
1.488434347843123184e+01
1.475547227809780537e+01
1.128379167095512559e+00
8.368283871884004910e+00
1.431752655671925822e+01
4.652426491681278087e+00
7.653039857325811823e+00
3.191538243211461623e+00
1.117038385124011413e+01
1.330339418036568588e+01
1.954410047611679691e+00
1.440618081907316395e+01
1.194164264288369282e+01
7.978845608028653835e+00
1.404820733880128181e+01
1.058513485680245481e+01
8.291859587312051971e+00
1.117038385124011413e+01
1.296408962885714899e+01
9.836981518731869656e+00
9.373021315815206478e+00
1.413855043925722121e+01
1.058513485680245481e+01
1.276615297284584649e+01
1.276615297284584649e+01
1.349345229721172146e+01
1.178062436274634450e+01
1.349345229721172146e+01
1.296408962885714899e+01
1.413855043925722121e+01
9.574614729634383536e+00
6.076507779746498805e+00
1.178062436274634450e+01
8.812923024107547576e+00
4.918490759365934828e+00
