1.156244577056221523e+01
1.188821220645068522e+01
1.325545386523797831e+01
1.046415791390898242e+01
1.009253008808064145e+01
1.599753570059363028e+01
1.547155565579009817e+01
1.547155565579009817e+01
1.076405121554611632e+01
1.547155565579009817e+01
1.445030398768713376e+01
1.082303275961201905e+01
1.015541250385961369e+01
9.166995688475081394e+00
1.002925341359354938e+01
1.607692842495848140e+01
9.640875829802336483e+00
9.166995688475081394e+00
9.373021315815206478e+00
1.236077446474206631e+01
1.526443044094783019e+01
5.753627391751591880e+00
1.286550196516137312e+01
9.965574970333758387e+00
1.204779266504070279e+01
1.009253008808064145e+01
1.368087033328175828e+01
1.246335526484300615e+01
1.178062436274634450e+01
8.058239062071395509e+00
1.551264883747923129e+01
1.194164264288369282e+01
1.801877032173578996e+01
1.276615297284584649e+01
1.449429283826230197e+01
1.418350619798065715e+01
1.534761596392107741e+01
8.136857890256438353e+00
1.658371917462410394e+01
1.070474469691662733e+01
8.136857890256438353e+00
1.128379167095512514e+01
1.070474469691662733e+01
1.658371917462410394e+01
5.753627391751591880e+00
1.488434347843123184e+01
7.225151993843566878e+00
8.740387444736633427e+00
1.204779266504070279e+01
1.422831991532699902e+01
1.492705330360461602e+01
1.325545386523797831e+01
5.170882945826410726e+00
1.619528777809902209e+01
1.591774699517169012e+01
1.306193320280393344e+01
1.409345127989185542e+01
1.857546544836034741e+01
1.363425735166143049e+01
1.815954410458608237e+01
1.122723095552866468e+01
1.094004191971426110e+01
1.311058116710494836e+01
1.530607971465162365e+01
1.801877032173578996e+01
8.444016491289504600e+00
1.368087033328175828e+01
1.583755632390385770e+01
1.475547227809780537e+01
7.225151993843566878e+00
1.496964127403822076e+01
1.111324596323282954e+01
1.575695754970980111e+01
1.404820733880128181e+01
1.183454054540639433e+01
1.484151074652385738e+01
1.094004191971426110e+01
7.484820637019110379e+00
1.070474469691662733e+01
1.306193320280393344e+01
9.373021315815206478e+00
9.373021315815206478e+00
1.413855043925722121e+01
1.368087033328175828e+01
1.052482020710848865e+01
1.286550196516137312e+01
1.354055000514615159e+01
1.178062436274634450e+01
1.377362305878664728e+01
1.395727947504383337e+01
1.479855404066383784e+01
9.965574970333758387e+00
1.225733520300188317e+01
8.136857890256438353e+00
