1.150725478350318376e+01
8.136857890256438353e+00
7.735777827895049086e+00
1.099807968464679142e+01
1.117038385124011413e+01
8.593479713983121826e+00
1.058513485680245481e+01
8.136857890256438353e+00
6.383076486422923246e+00
1.225733520300188317e+01
6.863662517577697741e+00
1.099807968464679142e+01
1.391159267660409604e+01
7.735777827895049086e+00
1.117038385124011413e+01
8.740387444736633427e+00
1.404820733880128181e+01
6.383076486422923246e+00
6.770275002573075795e+00
1.325545386523797831e+01
1.009253008808064145e+01
9.901487006738307173e+00
1.058513485680245481e+01
9.373021315815206478e+00
1.002925341359354938e+01
1.358748446131948917e+01
9.965574970333758387e+00
1.058513485680245481e+01
9.640875829802336483e+00
1.188821220645068522e+01
9.965574970333758387e+00
1.296408962885714899e+01
1.058513485680245481e+01
9.965574970333758387e+00
1.117038385124011413e+01
8.444016491289504600e+00
6.579524642479540830e+00
9.965574970333758387e+00
1.117038385124011413e+01
1.178062436274634450e+01
1.178062436274634450e+01
9.373021315815206478e+00
7.225151993843566878e+00
1.400281721259029588e+01
7.399277020331918919e+00
8.136857890256438353e+00
1.117038385124011413e+01
4.513516668382050234e+00
1.381976597885341995e+01
1.117038385124011413e+01
1.134007028277388685e+01
8.136857890256438353e+00
9.373021315815206478e+00
1.070474469691662733e+01
1.291488987023529766e+01
6.482044814428574497e+00
9.640875829802336483e+00
8.519075891779829490e+00
8.136857890256438353e+00
1.070474469691662733e+01
9.373021315815206478e+00
1.354055000514615159e+01
3.385137501286537898e+00
1.015541250385961369e+01
9.965574970333758387e+00
9.166995688475081394e+00
1.344618962205996482e+01
4.787307364817191768e+00
8.667244841319218907e+00
9.027033336764100468e+00
1.210051848659980855e+01
1.178062436274634450e+01
7.978845608028653835e+00
6.955796338302048021e+00
6.955796338302048021e+00
6.955796338302048021e+00
6.383076486422923246e+00
7.136496464611084889e+00
1.225733520300188317e+01
1.178062436274634450e+01
1.167204486311898926e+01
8.740387444736633427e+00
1.296408962885714899e+01
6.955796338302048021e+00
1.339876023397903637e+01
1.276615297284584649e+01
8.593479713983121826e+00
1.117038385124011413e+01
8.136857890256438353e+00
1.547155565579009817e+01
8.740387444736633427e+00
3.568248232305542444e+00
4.222008245644752300e+00
9.373021315815206478e+00
1.276615297284584649e+01
8.593479713983121826e+00
1.418350619798065715e+01
1.058513485680245481e+01
9.901487006738307173e+00
1.215301555949299761e+01
1.156244577056221523e+01
8.136857890256438353e+00
9.373021315815206478e+00
1.427299292922216978e+01
1.291488987023529766e+01
8.291859587312051971e+00
1.344618962205996482e+01
1.291488987023529766e+01
4.222008245644752300e+00
7.978845608028653835e+00
8.136857890256438353e+00
1.236077446474206631e+01
8.740387444736633427e+00
3.568248232305542444e+00
2.985410660720923204e+00
8.136857890256438353e+00
6.955796338302048021e+00
1.156244577056221523e+01
8.291859587312051971e+00
1.210051848659980855e+01
1.194164264288369282e+01
9.373021315815206478e+00
1.150725478350318376e+01
1.306193320280393344e+01
1.058513485680245481e+01
8.519075891779829490e+00
1.117038385124011413e+01
1.194164264288369282e+01
1.002925341359354938e+01
9.640875829802336483e+00
1.339876023397903637e+01
1.015541250385961369e+01
1.194164264288369282e+01
1.236077446474206631e+01
1.296408962885714899e+01
6.383076486422923246e+00
1.150725478350318376e+01
1.256509862862843541e+01
1.204779266504070279e+01
1.330339418036568588e+01
9.373021315815206478e+00
8.740387444736633427e+00
1.064510777218481152e+01
8.884866446580955923e+00
8.812923024107547576e+00
2.985410660720923204e+00
