1.178062436274634450e+01
6.955796338302048021e+00
1.167204486311898926e+01
1.325545386523797831e+01
9.965574970333758387e+00
1.046415791390898242e+01
1.534761596392107741e+01
1.466892917224166482e+01
1.496964127403822076e+01
1.105581278308273596e+01
1.513879513212096128e+01
1.418350619798065715e+01
1.117038385124011413e+01
1.040314189572019821e+01
9.373021315815206478e+00
1.058513485680245481e+01
1.522266721510391640e+01
9.901487006738307173e+00
1.009253008808064145e+01
9.373021315815206478e+00
1.236077446474206631e+01
8.740387444736633427e+00
1.501210842680413826e+01
1.225733520300188317e+01
9.965574970333758387e+00
1.156244577056221523e+01
3.742410318509555189e+00
1.040314189572019821e+01
1.349345229721172146e+01
1.178062436274634450e+01
1.178062436274634450e+01
9.236181543108379799e+00
1.496964127403822076e+01
1.167204486311898926e+01
1.737117647432762624e+01
1.261566261010080048e+01
1.400281721259029588e+01
1.381976597885341995e+01
6.383076486422923246e+00
1.431752655671925822e+01
9.373021315815206478e+00
1.603728119216292924e+01
1.088169461344923583e+01
9.236181543108379799e+00
1.117038385124011413e+01
1.088169461344923583e+01
1.627371578051287671e+01
8.444016491289504600e+00
8.667244841319218907e+00
1.471226436021925466e+01
8.740387444736633427e+00
1.225733520300188317e+01
1.381976597885341995e+01
1.418350619798065715e+01
1.349345229721172146e+01
8.136857890256438353e+00
1.575695754970980111e+01
1.501210842680413826e+01
1.311058116710494836e+01
1.301310337505149661e+01
1.819456736586892021e+01
2.985410660720923204e+00
1.339876023397903637e+01
1.737117647432762624e+01
3.385137501286537898e+00
5.753627391751591880e+00
1.070474469691662733e+01
1.070474469691662733e+01
1.296408962885714899e+01
1.391159267660409604e+01
1.714987856615383066e+01
9.166995688475081394e+00
1.368087033328175828e+01
1.513879513212096128e+01
1.475547227809780537e+01
8.667244841319218907e+00
1.445030398768713376e+01
2.763953195770683990e+00
7.399277020331918919e+00
1.117038385124011413e+01
1.488434347843123184e+01
1.358748446131948917e+01
1.194164264288369282e+01
7.484820637019110379e+00
1.409345127989185542e+01
1.058513485680245481e+01
8.368283871884004910e+00
1.117038385124011413e+01
1.306193320280393344e+01
9.836981518731869656e+00
9.373021315815206478e+00
1.413855043925722121e+01
1.058513485680245481e+01
1.286550196516137312e+01
1.276615297284584649e+01
1.354055000514615159e+01
1.178062436274634450e+01
1.349345229721172146e+01
1.315904928495908166e+01
1.427299292922216978e+01
9.901487006738307173e+00
5.292567428401227403e+00
1.178062436274634450e+01
8.740387444736633427e+00
