1.161737456321036532e+01
8.136857890256438353e+00
6.955796338302048021e+00
1.139607097042601680e+01
1.122723095552866468e+01
8.593479713983121826e+00
1.070474469691662733e+01
7.978845608028653835e+00
5.863230142835038627e+00
1.236077446474206631e+01
5.970821321441846408e+00
1.105581278308273596e+01
1.150725478350318376e+01
1.404820733880128181e+01
7.569397566060480642e+00
8.593479713983121826e+00
1.418350619798065715e+01
6.383076486422923246e+00
6.383076486422923246e+00
1.344618962205996482e+01
1.034176589165282145e+01
1.009253008808064145e+01
1.058513485680245481e+01
9.373021315815206478e+00
1.009253008808064145e+01
1.372732503515539548e+01
9.965574970333758387e+00
1.058513485680245481e+01
9.574614729634383536e+00
1.210051848659980855e+01
9.901487006738307173e+00
1.325545386523797831e+01
1.070474469691662733e+01
9.965574970333758387e+00
1.117038385124011413e+01
8.136857890256438353e+00
6.383076486422923246e+00
9.965574970333758387e+00
1.122723095552866468e+01
1.178062436274634450e+01
1.178062436274634450e+01
9.574614729634383536e+00
7.569397566060480642e+00
1.413855043925722121e+01
6.863662517577697741e+00
8.136857890256438353e+00
1.117038385124011413e+01
1.422831991532699902e+01
1.117038385124011413e+01
1.220528683538465842e+01
8.136857890256438353e+00
9.373021315815206478e+00
1.105581278308273596e+01
1.306193320280393344e+01
6.482044814428574497e+00
9.507891862878782518e+00
7.978845608028653835e+00
7.817640190446718762e+00
1.094004191971426110e+01
1.368087033328175828e+01
9.373021315815206478e+00
1.040314189572019821e+01
9.965574970333758387e+00
9.166995688475081394e+00
1.368087033328175828e+01
9.027033336764100468e+00
9.097283682934460103e+00
1.251433034574463399e+01
1.178062436274634450e+01
6.863662517577697741e+00
5.970821321441846408e+00
7.653039857325811823e+00
5.970821321441846408e+00
5.411516379806009525e+00
6.579524642479540830e+00
1.236077446474206631e+01
1.194164264288369282e+01
1.210051848659980855e+01
8.956231982162769611e+00
1.330339418036568588e+01
6.770275002573075795e+00
1.386575534383213970e+01
1.276615297284584649e+01
8.444016491289504600e+00
1.117038385124011413e+01
7.817640190446718762e+00
1.579730833933717626e+01
8.740387444736633427e+00
9.507891862878782518e+00
1.276615297284584649e+01
8.136857890256438353e+00
1.484151074652385738e+01
1.058513485680245481e+01
1.009253008808064145e+01
1.236077446474206631e+01
1.188821220645068522e+01
7.653039857325811823e+00
9.373021315815206478e+00
1.509668435477122017e+01
1.320733953636073110e+01
8.136857890256438353e+00
1.418350619798065715e+01
1.296408962885714899e+01
7.484820637019110379e+00
8.136857890256438353e+00
1.266602473693425601e+01
8.740387444736633427e+00
8.136857890256438353e+00
6.383076486422923246e+00
1.156244577056221523e+01
8.136857890256438353e+00
1.194164264288369282e+01
1.246335526484300615e+01
1.204779266504070279e+01
9.373021315815206478e+00
1.311058116710494836e+01
1.058513485680245481e+01
8.136857890256438353e+00
1.117038385124011413e+01
1.210051848659980855e+01
9.901487006738307173e+00
9.507891862878782518e+00
1.363425735166143049e+01
1.034176589165282145e+01
1.215301555949299761e+01
1.251433034574463399e+01
1.311058116710494836e+01
4.513516668382050234e+00
1.156244577056221523e+01
1.276615297284584649e+01
1.215301555949299761e+01
1.344618962205996482e+01
9.373021315815206478e+00
8.593479713983121826e+00
1.128379167095512514e+01
9.027033336764100468e+00
8.593479713983121826e+00
