1.178062436274634450e+01
6.076507779746498805e+00
1.156244577056221523e+01
1.199483507827737583e+01
9.574614729634383536e+00
1.058513485680245481e+01
6.383076486422923246e+00
1.363425735166143049e+01
1.271618740744904485e+01
1.462546558286290477e+01
1.105581278308273596e+01
7.399277020331918919e+00
7.312732791431452384e+00
1.436192209445157708e+01
5.527906391541367981e+00
1.386575534383213970e+01
1.105581278308273596e+01
1.058513485680245481e+01
9.507891862878782518e+00
1.034176589165282145e+01
1.440618081907316395e+01
9.965574970333758387e+00
1.058513485680245481e+01
9.507891862878782518e+00
1.225733520300188317e+01
9.507891862878782518e+00
1.404820733880128181e+01
1.178062436274634450e+01
9.965574970333758387e+00
1.117038385124011413e+01
7.978845608028653835e+00
9.965574970333758387e+00
1.256509862862843541e+01
1.178062436274634450e+01
1.178062436274634450e+01
9.373021315815206478e+00
7.399277020331918919e+00
1.445030398768713376e+01
1.117038385124011413e+01
6.579524642479540830e+00
1.583755632390385770e+01
1.178062436274634450e+01
1.330339418036568588e+01
7.225151993843566878e+00
8.667244841319218907e+00
1.178062436274634450e+01
1.363425735166143049e+01
9.373021315815206478e+00
6.076507779746498805e+00
1.111324596323282954e+01
1.471226436021925466e+01
7.136496464611084889e+00
9.373021315815206478e+00
1.117038385124011413e+01
1.040314189572019821e+01
9.236181543108379799e+00
1.505445578434700415e+01
8.884866446580955923e+00
9.166995688475081394e+00
1.381976597885341995e+01
1.225733520300188317e+01
6.955796338302048021e+00
1.261566261010080048e+01
1.306193320280393344e+01
1.325545386523797831e+01
9.166995688475081394e+00
1.440618081907316395e+01
4.918490759365934828e+00
1.436192209445157708e+01
1.315904928495908166e+01
7.817640190446718762e+00
1.172646028567007725e+01
6.955796338302048021e+00
1.681247093473193388e+01
7.978845608028653835e+00
8.812923024107547576e+00
1.296408962885714899e+01
7.817640190446718762e+00
1.587770228520368221e+01
1.058513485680245481e+01
1.021790793990058255e+01
1.266602473693425601e+01
1.236077446474206631e+01
5.753627391751591880e+00
9.373021315815206478e+00
1.587770228520368221e+01
1.335116235624909109e+01
7.136496464611084889e+00
1.458187244392064308e+01
1.354055000514615159e+01
6.863662517577697741e+00
8.593479713983121826e+00
1.363425735166143049e+01
8.593479713983121826e+00
7.225151993843566878e+00
1.134007028277388685e+01
7.312732791431452384e+00
1.236077446474206631e+01
1.315904928495908166e+01
1.194164264288369282e+01
9.166995688475081394e+00
1.354055000514615159e+01
1.058513485680245481e+01
8.136857890256438353e+00
1.117038385124011413e+01
1.286550196516137312e+01
9.965574970333758387e+00
9.373021315815206478e+00
1.391159267660409604e+01
1.046415791390898242e+01
1.236077446474206631e+01
1.271618740744904485e+01
1.325545386523797831e+01
1.178062436274634450e+01
1.306193320280393344e+01
1.276615297284584649e+01
1.395727947504383337e+01
9.373021315815206478e+00
8.136857890256438353e+00
9.373021315815206478e+00
1.167204486311898926e+01
7.898654169668588132e+00
