1.150725478350318376e+01
1.194164264288369282e+01
1.339876023397903637e+01
1.046415791390898242e+01
1.009253008808064145e+01
1.642944866646030988e+01
1.563528038089343752e+01
1.547155565579009817e+01
1.070474469691662733e+01
1.571650316319191809e+01
1.445030398768713376e+01
1.070474469691662733e+01
1.009253008808064145e+01
9.166995688475081394e+00
9.965574970333758387e+00
1.631278838364701755e+01
9.373021315815206478e+00
9.097283682934460103e+00
9.373021315815206478e+00
1.236077446474206631e+01
1.534761596392107741e+01
4.513516668382050234e+00
1.296408962885714899e+01
9.965574970333758387e+00
1.220528683538465842e+01
9.965574970333758387e+00
1.368087033328175828e+01
1.251433034574463399e+01
1.178062436274634450e+01
7.817640190446718762e+00
1.551264883747923129e+01
1.199483507827737583e+01
1.808929415419343556e+01
1.276615297284584649e+01
1.471226436021925466e+01
1.418350619798065715e+01
1.534761596392107741e+01
7.978845608028653835e+00
1.696325844612841038e+01
1.070474469691662733e+01
8.058239062071395509e+00
1.156244577056221523e+01
1.064510777218481152e+01
1.658371917462410394e+01
4.222008245644752300e+00
1.496964127403822076e+01
6.863662517577697741e+00
8.740387444736633427e+00
1.204779266504070279e+01
1.431752655671925822e+01
1.534761596392107741e+01
1.315904928495908166e+01
1.619528777809902209e+01
1.591774699517169012e+01
1.306193320280393344e+01
1.440618081907316395e+01
1.871205159254777683e+01
1.368087033328175828e+01
1.829923496393627147e+01
1.122723095552866468e+01
1.094004191971426110e+01
1.315904928495908166e+01
1.543035303761632804e+01
1.808929415419343556e+01
8.291859587312051971e+00
1.368087033328175828e+01
1.583755632390385770e+01
1.475547227809780537e+01
6.955796338302048021e+00
1.513879513212096128e+01
1.111324596323282954e+01
1.591774699517169012e+01
1.404820733880128181e+01
1.183454054540639433e+01
1.505445578434700415e+01
1.094004191971426110e+01
7.225151993843566878e+00
1.070474469691662733e+01
1.306193320280393344e+01
9.304852983362556174e+00
9.373021315815206478e+00
1.413855043925722121e+01
1.368087033328175828e+01
1.040314189572019821e+01
1.291488987023529766e+01
1.354055000514615159e+01
1.178062436274634450e+01
1.386575534383213970e+01
1.436192209445157708e+01
1.484151074652385738e+01
9.965574970333758387e+00
1.230916348999737586e+01
8.136857890256438353e+00
