1.178062436274634450e+01
6.076507779746498805e+00
1.167204486311898926e+01
1.330339418036568588e+01
9.965574970333758387e+00
1.034176589165282145e+01
1.543035303761632804e+01
1.492705330360461602e+01
1.505445578434700415e+01
1.105581278308273596e+01
1.530607971465162365e+01
1.436192209445157708e+01
1.117038385124011413e+01
1.034176589165282145e+01
9.373021315815206478e+00
1.034176589165282145e+01
1.559451034962034477e+01
9.836981518731869656e+00
9.901487006738307173e+00
9.373021315815206478e+00
1.236077446474206631e+01
1.505445578434700415e+01
8.136857890256438353e+00
1.256509862862843541e+01
1.009253008808064145e+01
1.178062436274634450e+01
1.028002345391383443e+01
1.354055000514615159e+01
1.188821220645068522e+01
1.178062436274634450e+01
9.166995688475081394e+00
1.496964127403822076e+01
1.188821220645068522e+01
1.766192765414112031e+01
1.261566261010080048e+01
1.418350619798065715e+01
1.391159267660409604e+01
5.527906391541367981e+00
1.445030398768713376e+01
9.097283682934460103e+00
1.623454913941802857e+01
1.076405121554611632e+01
8.956231982162769611e+00
1.117038385124011413e+01
1.094004191971426110e+01
1.635176762293251684e+01
7.978845608028653835e+00
1.475547227809780537e+01
8.444016491289504600e+00
8.740387444736633427e+00
1.215301555949299761e+01
1.391159267660409604e+01
1.436192209445157708e+01
1.344618962205996482e+01
7.978845608028653835e+00
1.599753570059363028e+01
1.543035303761632804e+01
1.311058116710494836e+01
1.325545386523797831e+01
1.829923496393627147e+01
1.339876023397903637e+01
1.776973289316191185e+01
1.105581278308273596e+01
1.117038385124011413e+01
4.222008245644752300e+00
1.296408962885714899e+01
1.440618081907316395e+01
1.758969042850511855e+01
9.166995688475081394e+00
1.363425735166143049e+01
1.534761596392107741e+01
1.479855404066383784e+01
8.519075891779829490e+00
1.471226436021925466e+01
7.046725639945927711e+00
1.117038385124011413e+01
1.530607971465162365e+01
1.368087033328175828e+01
1.194164264288369282e+01
6.770275002573075795e+00
1.427299292922216978e+01
1.058513485680245481e+01
8.368283871884004910e+00
1.111324596323282954e+01
1.306193320280393344e+01
9.772050238058398008e+00
9.373021315815206478e+00
1.413855043925722121e+01
1.070474469691662733e+01
1.306193320280393344e+01
1.276615297284584649e+01
1.354055000514615159e+01
1.178062436274634450e+01
1.368087033328175828e+01
1.344618962205996482e+01
1.436192209445157708e+01
9.965574970333758387e+00
1.204779266504070279e+01
8.593479713983121826e+00
