1.178062436274634450e+01
5.527906391541367981e+00
1.156244577056221523e+01
1.220528683538465842e+01
9.574614729634383536e+00
1.058513485680245481e+01
5.753627391751591880e+00
1.372732503515539548e+01
1.301310337505149661e+01
1.475547227809780537e+01
1.105581278308273596e+01
7.225151993843566878e+00
6.863662517577697741e+00
1.453814859003845150e+01
5.170882945826410726e+00
1.386575534383213970e+01
1.105581278308273596e+01
1.058513485680245481e+01
9.507891862878782518e+00
1.040314189572019821e+01
1.449429283826230197e+01
9.965574970333758387e+00
1.052482020710848865e+01
9.507891862878782518e+00
1.225733520300188317e+01
9.373021315815206478e+00
1.413855043925722121e+01
1.178062436274634450e+01
9.965574970333758387e+00
1.117038385124011413e+01
7.653039857325811823e+00
1.009253008808064145e+01
1.271618740744904485e+01
1.178062436274634450e+01
1.178062436274634450e+01
9.373021315815206478e+00
7.225151993843566878e+00
1.445030398768713376e+01
1.117038385124011413e+01
6.180387232371033157e+00
1.595769121605730767e+01
1.178062436274634450e+01
1.335116235624909109e+01
6.863662517577697741e+00
8.593479713983121826e+00
1.178062436274634450e+01
1.368087033328175828e+01
9.373021315815206478e+00
5.527906391541367981e+00
1.111324596323282954e+01
1.479855404066383784e+01
6.863662517577697741e+00
9.373021315815206478e+00
1.117038385124011413e+01
1.046415791390898242e+01
9.236181543108379799e+00
1.526443044094783019e+01
8.812923024107547576e+00
1.404820733880128181e+01
8.956231982162769611e+00
1.236077446474206631e+01
6.383076486422923246e+00
1.276615297284584649e+01
1.306193320280393344e+01
1.330339418036568588e+01
9.027033336764100468e+00
1.471226436021925466e+01
1.445030398768713376e+01
3.568248232305542444e+00
1.311058116710494836e+01
7.312732791431452384e+00
1.183454054540639433e+01
6.770275002573075795e+00
1.692568750643268771e+01
7.735777827895049086e+00
8.444016491289504600e+00
1.296408962885714899e+01
7.735777827895049086e+00
1.595769121605730767e+01
1.058513485680245481e+01
1.040314189572019821e+01
1.271618740744904485e+01
1.251433034574463399e+01
4.513516668382050234e+00
9.373021315815206478e+00
1.595769121605730767e+01
1.339876023397903637e+01
7.136496464611084889e+00
1.462546558286290477e+01
1.354055000514615159e+01
6.770275002573075795e+00
8.444016491289504600e+00
1.363425735166143049e+01
8.444016491289504600e+00
7.225151993843566878e+00
1.134007028277388685e+01
7.225151993843566878e+00
1.236077446474206631e+01
1.330339418036568588e+01
1.194164264288369282e+01
9.027033336764100468e+00
1.372732503515539548e+01
1.058513485680245481e+01
8.136857890256438353e+00
1.117038385124011413e+01
1.286550196516137312e+01
9.965574970333758387e+00
9.373021315815206478e+00
1.395727947504383337e+01
1.046415791390898242e+01
1.236077446474206631e+01
1.276615297284584649e+01
1.335116235624909109e+01
1.178062436274634450e+01
1.315904928495908166e+01
1.296408962885714899e+01
1.395727947504383337e+01
9.373021315815206478e+00
8.136857890256438353e+00
9.236181543108379799e+00
1.178062436274634450e+01
7.653039857325811823e+00
