1.178062436274634450e+01
4.068428945128219176e+00
1.167204486311898926e+01
1.241217083805063837e+01
9.640875829802336483e+00
1.058513485680245481e+01
4.513516668382050234e+00
1.400281721259029588e+01
1.335116235624909109e+01
1.484151074652385738e+01
1.105581278308273596e+01
7.046725639945927711e+00
6.180387232371033157e+00
1.453814859003845150e+01
1.391159267660409604e+01
3.385137501286537898e+00
1.105581278308273596e+01
1.058513485680245481e+01
9.507891862878782518e+00
1.046415791390898242e+01
1.462546558286290477e+01
9.965574970333758387e+00
1.009253008808064145e+01
9.507891862878782518e+00
1.236077446474206631e+01
9.236181543108379799e+00
1.422831991532699902e+01
1.178062436274634450e+01
9.965574970333758387e+00
1.117038385124011413e+01
7.136496464611084889e+00
1.009253008808064145e+01
1.271618740744904485e+01
1.178062436274634450e+01
1.178062436274634450e+01
9.373021315815206478e+00
6.579524642479540830e+00
1.475547227809780537e+01
1.117038385124011413e+01
5.527906391541367981e+00
1.619528777809902209e+01
1.225733520300188317e+01
1.349345229721172146e+01
6.383076486422923246e+00
1.225733520300188317e+01
8.368283871884004910e+00
1.386575534383213970e+01
9.373021315815206478e+00
1.111324596323282954e+01
1.496964127403822076e+01
9.373021315815206478e+00
3.191538243211461623e+00
6.180387232371033157e+00
1.117038385124011413e+01
1.052482020710848865e+01
9.236181543108379799e+00
1.571650316319191809e+01
8.740387444736633427e+00
1.418350619798065715e+01
8.884866446580955923e+00
1.236077446474206631e+01
5.863230142835038627e+00
1.296408962885714899e+01
1.335116235624909109e+01
1.335116235624909109e+01
8.740387444736633427e+00
1.484151074652385738e+01
1.449429283826230197e+01
1.311058116710494836e+01
6.955796338302048021e+00
1.204779266504070279e+01
1.714987856615383066e+01
6.383076486422923246e+00
7.225151993843566878e+00
7.978845608028653835e+00
1.296408962885714899e+01
1.635176762293251684e+01
8.136857890256438353e+00
1.058513485680245481e+01
1.058513485680245481e+01
1.276615297284584649e+01
1.281592373849173683e+01
9.373021315815206478e+00
1.639065416446577927e+01
1.344618962205996482e+01
6.863662517577697741e+00
1.475547227809780537e+01
1.372732503515539548e+01
6.482044814428574497e+00
8.291859587312051971e+00
1.377362305878664728e+01
8.291859587312051971e+00
6.863662517577697741e+00
1.128379167095512514e+01
6.675581178124545545e+00
1.261566261010080048e+01
1.344618962205996482e+01
1.194164264288369282e+01
8.812923024107547576e+00
1.372732503515539548e+01
1.058513485680245481e+01
8.136857890256438353e+00
1.117038385124011413e+01
1.286550196516137312e+01
9.901487006738307173e+00
9.373021315815206478e+00
1.395727947504383337e+01
1.052482020710848865e+01
1.236077446474206631e+01
1.276615297284584649e+01
1.335116235624909109e+01
1.178062436274634450e+01
1.325545386523797831e+01
1.296408962885714899e+01
1.395727947504383337e+01
9.373021315815206478e+00
7.817640190446718762e+00
9.166995688475081394e+00
1.178062436274634450e+01
7.225151993843566878e+00
