1.178062436274634450e+01
4.222008245644752300e+00
1.194164264288369282e+01
1.315904928495908166e+01
1.009253008808064145e+01
1.021790793990058255e+01
1.571650316319191809e+01
1.513879513212096128e+01
1.534761596392107741e+01
1.082303275961201905e+01
1.543035303761632804e+01
1.445030398768713376e+01
1.117038385124011413e+01
1.034176589165282145e+01
9.373021315815206478e+00
1.009253008808064145e+01
1.579730833933717626e+01
9.772050238058398008e+00
9.507891862878782518e+00
9.373021315815206478e+00
1.236077446474206631e+01
1.522266721510391640e+01
7.225151993843566878e+00
1.266602473693425601e+01
9.965574970333758387e+00
1.178062436274634450e+01
1.021790793990058255e+01
1.363425735166143049e+01
1.225733520300188317e+01
1.178062436274634450e+01
8.740387444736633427e+00
1.518078909665319287e+01
1.199483507827737583e+01
1.769793569896924623e+01
1.266602473693425601e+01
1.431752655671925822e+01
1.404820733880128181e+01
1.505445578434700415e+01
8.884866446580955923e+00
1.642944866646030988e+01
1.070474469691662733e+01
8.444016491289504600e+00
1.111324596323282954e+01
1.082303275961201905e+01
1.650676414605009157e+01
7.225151993843566878e+00
1.484151074652385738e+01
7.978845608028653835e+00
8.740387444736633427e+00
1.210051848659980855e+01
1.395727947504383337e+01
1.466892917224166482e+01
1.335116235624909109e+01
7.136496464611084889e+00
1.595769121605730767e+01
1.575695754970980111e+01
1.311058116710494836e+01
1.344618962205996482e+01
1.836868202552426155e+01
1.339876023397903637e+01
1.791246396432553922e+01
1.122723095552866468e+01
1.099807968464679142e+01
1.296408962885714899e+01
1.475547227809780537e+01
1.794796937867891984e+01
8.740387444736633427e+00
1.363425735166143049e+01
1.538904010394216471e+01
1.475547227809780537e+01
8.058239062071395509e+00
1.479855404066383784e+01
5.753627391751591880e+00
1.111324596323282954e+01
1.538904010394216471e+01
1.372732503515539548e+01
1.183454054540639433e+01
1.436192209445157708e+01
5.046265044040320724e+00
1.058513485680245481e+01
8.136857890256438353e+00
1.088169461344923583e+01
1.306193320280393344e+01
9.772050238058398008e+00
9.373021315815206478e+00
1.413855043925722121e+01
1.070474469691662733e+01
1.325545386523797831e+01
1.276615297284584649e+01
1.354055000514615159e+01
1.178062436274634450e+01
1.368087033328175828e+01
1.368087033328175828e+01
1.466892917224166482e+01
9.965574970333758387e+00
1.220528683538465842e+01
8.368283871884004910e+00
