1.178062436274634450e+01
6.180387232371033157e+00
1.167204486311898926e+01
1.330339418036568588e+01
9.965574970333758387e+00
1.034176589165282145e+01
1.538904010394216471e+01
1.484151074652385738e+01
1.505445578434700415e+01
1.105581278308273596e+01
1.530607971465162365e+01
1.436192209445157708e+01
1.117038385124011413e+01
1.034176589165282145e+01
9.373021315815206478e+00
1.040314189572019821e+01
1.559451034962034477e+01
9.901487006738307173e+00
9.901487006738307173e+00
9.373021315815206478e+00
1.236077446474206631e+01
8.444016491289504600e+00
1.505445578434700415e+01
1.251433034574463399e+01
1.009253008808064145e+01
1.178062436274634450e+01
1.034176589165282145e+01
1.354055000514615159e+01
1.178062436274634450e+01
1.178062436274634450e+01
9.236181543108379799e+00
1.496964127403822076e+01
1.194164264288369282e+01
1.766192765414112031e+01
1.266602473693425601e+01
1.413855043925722121e+01
1.391159267660409604e+01
6.076507779746498805e+00
1.445030398768713376e+01
9.373021315815206478e+00
1.619528777809902209e+01
1.076405121554611632e+01
8.956231982162769611e+00
1.117038385124011413e+01
1.094004191971426110e+01
1.635176762293251684e+01
8.058239062071395509e+00
1.471226436021925466e+01
8.444016491289504600e+00
8.740387444736633427e+00
1.215301555949299761e+01
1.386575534383213970e+01
1.436192209445157708e+01
1.349345229721172146e+01
8.136857890256438353e+00
1.599753570059363028e+01
1.538904010394216471e+01
1.311058116710494836e+01
1.320733953636073110e+01
1.829923496393627147e+01
1.339876023397903637e+01
1.766192765414112031e+01
1.117038385124011413e+01
4.652426491681278087e+00
1.105581278308273596e+01
1.296408962885714899e+01
1.436192209445157708e+01
1.751715531361111644e+01
9.166995688475081394e+00
1.363425735166143049e+01
1.526443044094783019e+01
1.479855404066383784e+01
8.593479713983121826e+00
1.471226436021925466e+01
7.225151993843566878e+00
1.117038385124011413e+01
1.522266721510391640e+01
1.358748446131948917e+01
1.194164264288369282e+01
6.955796338302048021e+00
1.422831991532699902e+01
1.058513485680245481e+01
8.444016491289504600e+00
1.111324596323282954e+01
1.306193320280393344e+01
9.836981518731869656e+00
9.373021315815206478e+00
1.413855043925722121e+01
1.070474469691662733e+01
1.301310337505149661e+01
1.276615297284584649e+01
1.354055000514615159e+01
1.178062436274634450e+01
1.358748446131948917e+01
1.344618962205996482e+01
1.431752655671925822e+01
9.965574970333758387e+00
1.194164264288369282e+01
8.740387444736633427e+00
3.568248232305542444e+00
