1.161737456321036532e+01
8.136857890256438353e+00
7.136496464611084889e+00
1.139607097042601680e+01
1.117038385124011413e+01
8.593479713983121826e+00
1.070474469691662733e+01
7.978845608028653835e+00
6.180387232371033157e+00
1.236077446474206631e+01
6.180387232371033157e+00
1.105581278308273596e+01
1.139607097042601680e+01
1.395727947504383337e+01
7.569397566060480642e+00
8.667244841319218907e+00
1.418350619798065715e+01
6.383076486422923246e+00
6.383076486422923246e+00
1.339876023397903637e+01
1.028002345391383443e+01
1.009253008808064145e+01
1.058513485680245481e+01
9.373021315815206478e+00
1.009253008808064145e+01
1.372732503515539548e+01
9.965574970333758387e+00
1.058513485680245481e+01
9.640875829802336483e+00
1.210051848659980855e+01
9.965574970333758387e+00
1.325545386523797831e+01
1.070474469691662733e+01
9.965574970333758387e+00
1.117038385124011413e+01
8.136857890256438353e+00
6.383076486422923246e+00
9.965574970333758387e+00
1.117038385124011413e+01
1.178062436274634450e+01
1.178062436274634450e+01
9.574614729634383536e+00
7.312732791431452384e+00
1.409345127989185542e+01
7.046725639945927711e+00
8.136857890256438353e+00
1.117038385124011413e+01
1.413855043925722121e+01
1.117038385124011413e+01
1.199483507827737583e+01
8.136857890256438353e+00
9.373021315815206478e+00
1.099807968464679142e+01
1.306193320280393344e+01
6.482044814428574497e+00
9.507891862878782518e+00
8.291859587312051971e+00
7.898654169668588132e+00
1.094004191971426110e+01
9.373021315815206478e+00
1.354055000514615159e+01
1.028002345391383443e+01
9.965574970333758387e+00
9.166995688475081394e+00
1.354055000514615159e+01
3.908820095223359381e+00
9.027033336764100468e+00
9.097283682934460103e+00
1.246335526484300615e+01
1.178062436274634450e+01
6.383076486422923246e+00
6.579524642479540830e+00
6.076507779746498805e+00
7.735777827895049086e+00
5.970821321441846408e+00
6.675581178124545545e+00
1.236077446474206631e+01
1.188821220645068522e+01
1.204779266504070279e+01
8.812923024107547576e+00
1.325545386523797831e+01
6.863662517577697741e+00
1.372732503515539548e+01
1.276615297284584649e+01
8.444016491289504600e+00
1.117038385124011413e+01
7.898654169668588132e+00
1.563528038089343752e+01
8.740387444736633427e+00
9.574614729634383536e+00
1.276615297284584649e+01
8.214724333230154940e+00
1.471226436021925466e+01
1.058513485680245481e+01
1.009253008808064145e+01
1.230916348999737586e+01
1.172646028567007725e+01
7.898654169668588132e+00
9.373021315815206478e+00
1.492705330360461602e+01
1.320733953636073110e+01
8.136857890256438353e+00
1.418350619798065715e+01
1.296408962885714899e+01
7.484820637019110379e+00
8.136857890256438353e+00
1.261566261010080048e+01
8.740387444736633427e+00
8.136857890256438353e+00
6.770275002573075795e+00
1.156244577056221523e+01
8.136857890256438353e+00
1.188821220645068522e+01
1.246335526484300615e+01
1.204779266504070279e+01
9.373021315815206478e+00
1.306193320280393344e+01
1.058513485680245481e+01
8.136857890256438353e+00
1.117038385124011413e+01
1.204779266504070279e+01
9.965574970333758387e+00
9.507891862878782518e+00
1.358748446131948917e+01
1.028002345391383443e+01
1.210051848659980855e+01
1.246335526484300615e+01
1.306193320280393344e+01
5.527906391541367981e+00
1.156244577056221523e+01
1.271618740744904485e+01
1.215301555949299761e+01
1.339876023397903637e+01
9.373021315815206478e+00
8.740387444736633427e+00
1.117038385124011413e+01
9.027033336764100468e+00
8.593479713983121826e+00
