1.150725478350318376e+01
8.136857890256438353e+00
7.653039857325811823e+00
1.099807968464679142e+01
1.117038385124011413e+01
8.593479713983121826e+00
1.058513485680245481e+01
8.136857890256438353e+00
6.383076486422923246e+00
1.225733520300188317e+01
6.675581178124545545e+00
1.099807968464679142e+01
1.395727947504383337e+01
7.569397566060480642e+00
1.117038385124011413e+01
8.740387444736633427e+00
1.413855043925722121e+01
6.383076486422923246e+00
6.675581178124545545e+00
1.325545386523797831e+01
1.009253008808064145e+01
9.965574970333758387e+00
1.058513485680245481e+01
9.373021315815206478e+00
1.009253008808064145e+01
1.368087033328175828e+01
9.965574970333758387e+00
1.058513485680245481e+01
9.640875829802336483e+00
1.194164264288369282e+01
9.965574970333758387e+00
1.306193320280393344e+01
1.058513485680245481e+01
9.965574970333758387e+00
1.117038385124011413e+01
8.444016491289504600e+00
6.383076486422923246e+00
9.965574970333758387e+00
1.117038385124011413e+01
1.178062436274634450e+01
1.178062436274634450e+01
9.373021315815206478e+00
7.225151993843566878e+00
1.404820733880128181e+01
7.399277020331918919e+00
8.136857890256438353e+00
1.117038385124011413e+01
4.222008245644752300e+00
1.395727947504383337e+01
1.117038385124011413e+01
1.156244577056221523e+01
8.136857890256438353e+00
9.373021315815206478e+00
1.076405121554611632e+01
1.291488987023529766e+01
6.383076486422923246e+00
9.640875829802336483e+00
8.291859587312051971e+00
8.058239062071395509e+00
1.082303275961201905e+01
9.373021315815206478e+00
1.354055000514615159e+01
1.015541250385961369e+01
9.965574970333758387e+00
9.166995688475081394e+00
1.344618962205996482e+01
4.513516668382050234e+00
8.740387444736633427e+00
9.027033336764100468e+00
1.215301555949299761e+01
1.178062436274634450e+01
7.978845608028653835e+00
6.770275002573075795e+00
6.955796338302048021e+00
6.770275002573075795e+00
6.282549314314217703e+00
6.863662517577697741e+00
1.236077446474206631e+01
1.178062436274634450e+01
1.183454054540639433e+01
8.740387444736633427e+00
1.311058116710494836e+01
6.955796338302048021e+00
1.354055000514615159e+01
1.276615297284584649e+01
8.593479713983121826e+00
1.117038385124011413e+01
7.978845608028653835e+00
1.551264883747923129e+01
8.740387444736633427e+00
2.985410660720923204e+00
9.373021315815206478e+00
1.276615297284584649e+01
8.444016491289504600e+00
1.449429283826230197e+01
1.058513485680245481e+01
1.009253008808064145e+01
1.220528683538465842e+01
1.156244577056221523e+01
7.978845608028653835e+00
9.373021315815206478e+00
1.445030398768713376e+01
1.301310337505149661e+01
8.291859587312051971e+00
1.377362305878664728e+01
1.296408962885714899e+01
2.985410660720923204e+00
7.817640190446718762e+00
8.136857890256438353e+00
1.236077446474206631e+01
8.740387444736633427e+00
8.291859587312051971e+00
6.955796338302048021e+00
1.156244577056221523e+01
8.291859587312051971e+00
1.230916348999737586e+01
1.194164264288369282e+01
9.373021315815206478e+00
1.161737456321036532e+01
1.306193320280393344e+01
1.058513485680245481e+01
8.136857890256438353e+00
1.117038385124011413e+01
1.199483507827737583e+01
1.002925341359354938e+01
9.574614729634383536e+00
1.344618962205996482e+01
1.021790793990058255e+01
1.199483507827737583e+01
1.236077446474206631e+01
1.296408962885714899e+01
6.282549314314217703e+00
1.150725478350318376e+01
1.266602473693425601e+01
1.210051848659980855e+01
1.335116235624909109e+01
9.373021315815206478e+00
8.740387444736633427e+00
1.076405121554611632e+01
8.884866446580955923e+00
8.740387444736633427e+00
4.068428945128219176e+00
