1.082303275961201905e+01
8.136857890256438353e+00
8.136857890256438353e+00
5.753627391751591880e+00
1.028002345391383443e+01
1.088169461344923583e+01
8.291859587312051971e+00
1.058513485680245481e+01
8.136857890256438353e+00
6.955796338302048021e+00
1.178062436274634450e+01
7.484820637019110379e+00
1.082303275961201905e+01
1.296408962885714899e+01
8.136857890256438353e+00
1.099807968464679142e+01
8.740387444736633427e+00
1.363425735166143049e+01
7.046725639945927711e+00
1.306193320280393344e+01
9.965574970333758387e+00
9.706684619910241452e+00
1.058513485680245481e+01
5.527906391541367981e+00
9.373021315815206478e+00
1.009253008808064145e+01
1.339876023397903637e+01
9.901487006738307173e+00
9.901487006738307173e+00
1.009253008808064145e+01
1.161737456321036532e+01
9.965574970333758387e+00
1.256509862862843541e+01
1.052482020710848865e+01
9.965574970333758387e+00
8.667244841319218907e+00
1.117038385124011413e+01
7.225151993843566878e+00
1.009253008808064145e+01
1.094004191971426110e+01
1.156244577056221523e+01
1.128379167095512514e+01
9.373021315815206478e+00
7.569397566060480642e+00
8.136857890256438353e+00
1.339876023397903637e+01
8.136857890256438353e+00
1.111324596323282954e+01
5.970821321441846408e+00
1.099807968464679142e+01
1.325545386523797831e+01
1.070474469691662733e+01
8.444016491289504600e+00
5.046265044040320724e+00
5.046265044040320724e+00
9.373021315815206478e+00
1.021790793990058255e+01
1.276615297284584649e+01
6.863662517577697741e+00
9.236181543108379799e+00
8.740387444736633427e+00
7.653039857325811823e+00
1.058513485680245481e+01
9.373021315815206478e+00
1.301310337505149661e+01
5.753627391751591880e+00
1.009253008808064145e+01
9.965574970333758387e+00
9.166995688475081394e+00
1.306193320280393344e+01
6.383076486422923246e+00
8.444016491289504600e+00
8.884866446580955923e+00
1.139607097042601680e+01
1.178062436274634450e+01
7.569397566060480642e+00
8.136857890256438353e+00
7.312732791431452384e+00
7.399277020331918919e+00
7.136496464611084889e+00
7.817640190446718762e+00
1.215301555949299761e+01
1.178062436274634450e+01
1.128379167095512514e+01
8.740387444736633427e+00
1.215301555949299761e+01
7.046725639945927711e+00
1.246335526484300615e+01
1.261566261010080048e+01
8.740387444736633427e+00
1.117038385124011413e+01
8.368283871884004910e+00
1.522266721510391640e+01
8.740387444736633427e+00
5.411516379806009525e+00
6.180387232371033157e+00
6.482044814428574497e+00
9.373021315815206478e+00
1.266602473693425601e+01
8.812923024107547576e+00
1.344618962205996482e+01
1.058513485680245481e+01
9.507891862878782518e+00
1.172646028567007725e+01
1.117038385124011413e+01
8.058239062071395509e+00
9.373021315815206478e+00
1.349345229721172146e+01
1.236077446474206631e+01
8.593479713983121826e+00
6.383076486422923246e+00
1.296408962885714899e+01
1.271618740744904485e+01
8.136857890256438353e+00
8.136857890256438353e+00
1.225733520300188317e+01
8.956231982162769611e+00
6.076507779746498805e+00
6.180387232371033157e+00
8.136857890256438353e+00
7.817640190446718762e+00
1.122723095552866468e+01
8.444016491289504600e+00
1.172646028567007725e+01
9.507891862878782518e+00
1.111324596323282954e+01
1.178062436274634450e+01
1.210051848659980855e+01
1.034176589165282145e+01
8.667244841319218907e+00
1.117038385124011413e+01
1.139607097042601680e+01
3.191538243211461623e+00
9.166995688475081394e+00
4.652426491681278087e+00
9.507891862878782518e+00
1.296408962885714899e+01
9.507891862878782518e+00
1.178062436274634450e+01
1.225733520300188317e+01
1.246335526484300615e+01
7.046725639945927711e+00
5.411516379806009525e+00
1.117038385124011413e+01
1.188821220645068522e+01
5.170882945826410726e+00
1.172646028567007725e+01
1.266602473693425601e+01
9.166995688475081394e+00
8.136857890256438353e+00
9.965574970333758387e+00
8.740387444736633427e+00
8.740387444736633427e+00
6.180387232371033157e+00
4.068428945128219176e+00
