1.178062436274634450e+01
1.167204486311898926e+01
1.325545386523797831e+01
9.965574970333758387e+00
1.058513485680245481e+01
1.534761596392107741e+01
1.440618081907316395e+01
1.496964127403822076e+01
1.105581278308273596e+01
3.908820095223359381e+00
1.509668435477122017e+01
1.413855043925722121e+01
1.117038385124011413e+01
1.046415791390898242e+01
9.373021315815206478e+00
1.058513485680245481e+01
1.501210842680413826e+01
9.901487006738307173e+00
1.009253008808064145e+01
9.373021315815206478e+00
1.236077446474206631e+01
8.740387444736633427e+00
1.471226436021925466e+01
1.199483507827737583e+01
9.965574970333758387e+00
1.145179781116143225e+01
4.918490759365934828e+00
1.046415791390898242e+01
1.349345229721172146e+01
1.178062436274634450e+01
1.178062436274634450e+01
9.304852983362556174e+00
1.492705330360461602e+01
1.161737456321036532e+01
1.714987856615383066e+01
1.261566261010080048e+01
1.395727947504383337e+01
1.372732503515539548e+01
6.770275002573075795e+00
1.427299292922216978e+01
9.373021315815206478e+00
1.603728119216292924e+01
1.094004191971426110e+01
9.373021315815206478e+00
1.117038385124011413e+01
1.094004191971426110e+01
8.593479713983121826e+00
1.627371578051287671e+01
8.740387444736633427e+00
1.466892917224166482e+01
8.740387444736633427e+00
1.225733520300188317e+01
1.368087033328175828e+01
1.400281721259029588e+01
1.354055000514615159e+01
8.136857890256438353e+00
1.547155565579009817e+01
1.501210842680413826e+01
1.311058116710494836e+01
1.271618740744904485e+01
1.808929415419343556e+01
4.513516668382050234e+00
1.325545386523797831e+01
5.170882945826410726e+00
1.722396045987370883e+01
6.482044814428574497e+00
1.070474469691662733e+01
1.070474469691662733e+01
1.296408962885714899e+01
1.377362305878664728e+01
1.700074635581867355e+01
9.166995688475081394e+00
1.358748446131948917e+01
1.496964127403822076e+01
1.475547227809780537e+01
8.593479713983121826e+00
1.445030398768713376e+01
4.513516668382050234e+00
7.484820637019110379e+00
1.117038385124011413e+01
1.335116235624909109e+01
1.466892917224166482e+01
1.194164264288369282e+01
7.569397566060480642e+00
1.404820733880128181e+01
1.058513485680245481e+01
8.368283871884004910e+00
1.117038385124011413e+01
1.301310337505149661e+01
9.836981518731869656e+00
9.373021315815206478e+00
1.413855043925722121e+01
1.058513485680245481e+01
1.281592373849173683e+01
1.276615297284584649e+01
1.349345229721172146e+01
1.178062436274634450e+01
1.349345229721172146e+01
1.296408962885714899e+01
1.413855043925722121e+01
9.640875829802336483e+00
5.970821321441846408e+00
1.178062436274634450e+01
8.812923024107547576e+00
4.513516668382050234e+00
