1.156244577056221523e+01
1.188821220645068522e+01
1.325545386523797831e+01
1.046415791390898242e+01
1.009253008808064145e+01
1.635176762293251684e+01
1.563528038089343752e+01
1.547155565579009817e+01
1.070474469691662733e+01
1.563528038089343752e+01
1.445030398768713376e+01
1.070474469691662733e+01
1.009253008808064145e+01
9.166995688475081394e+00
9.965574970333758387e+00
1.631278838364701755e+01
9.440697438826296306e+00
9.166995688475081394e+00
9.373021315815206478e+00
1.236077446474206631e+01
1.530607971465162365e+01
4.918490759365934828e+00
1.296408962885714899e+01
9.965574970333758387e+00
1.215301555949299761e+01
1.002925341359354938e+01
1.368087033328175828e+01
1.251433034574463399e+01
1.178062436274634450e+01
7.817640190446718762e+00
1.551264883747923129e+01
1.194164264288369282e+01
1.801877032173578996e+01
1.276615297284584649e+01
1.462546558286290477e+01
1.418350619798065715e+01
1.534761596392107741e+01
7.978845608028653835e+00
1.681247093473193388e+01
1.070474469691662733e+01
8.136857890256438353e+00
1.145179781116143225e+01
1.064510777218481152e+01
1.658371917462410394e+01
4.652426491681278087e+00
1.492705330360461602e+01
6.863662517577697741e+00
8.740387444736633427e+00
1.204779266504070279e+01
1.427299292922216978e+01
1.522266721510391640e+01
1.315904928495908166e+01
1.615593100600235843e+01
3.385137501286537898e+00
1.591774699517169012e+01
1.306193320280393344e+01
1.427299292922216978e+01
1.860970596672511235e+01
1.368087033328175828e+01
1.815954410458608237e+01
1.122723095552866468e+01
1.094004191971426110e+01
1.315904928495908166e+01
1.543035303761632804e+01
1.801877032173578996e+01
8.291859587312051971e+00
1.368087033328175828e+01
1.583755632390385770e+01
1.475547227809780537e+01
6.955796338302048021e+00
1.513879513212096128e+01
1.111324596323282954e+01
1.591774699517169012e+01
1.404820733880128181e+01
1.183454054540639433e+01
1.501210842680413826e+01
1.094004191971426110e+01
7.312732791431452384e+00
1.070474469691662733e+01
1.306193320280393344e+01
9.373021315815206478e+00
9.373021315815206478e+00
1.413855043925722121e+01
1.368087033328175828e+01
1.052482020710848865e+01
1.286550196516137312e+01
1.354055000514615159e+01
1.178062436274634450e+01
1.386575534383213970e+01
1.409345127989185542e+01
1.484151074652385738e+01
9.965574970333758387e+00
1.230916348999737586e+01
8.136857890256438353e+00
