1.167204486311898926e+01
6.579524642479540830e+00
4.513516668382050234e+00
1.156244577056221523e+01
1.178062436274634450e+01
9.440697438826296306e+00
1.058513485680245481e+01
6.675581178124545545e+00
1.325545386523797831e+01
1.246335526484300615e+01
1.453814859003845150e+01
1.105581278308273596e+01
7.225151993843566878e+00
7.484820637019110379e+00
1.436192209445157708e+01
5.970821321441846408e+00
1.377362305878664728e+01
1.099807968464679142e+01
1.058513485680245481e+01
9.507891862878782518e+00
1.028002345391383443e+01
1.436192209445157708e+01
9.965574970333758387e+00
1.058513485680245481e+01
9.574614729634383536e+00
1.225733520300188317e+01
9.640875829802336483e+00
1.395727947504383337e+01
1.167204486311898926e+01
9.965574970333758387e+00
1.117038385124011413e+01
8.136857890256438353e+00
9.965574970333758387e+00
1.225733520300188317e+01
1.178062436274634450e+01
1.178062436274634450e+01
9.373021315815206478e+00
7.484820637019110379e+00
1.445030398768713376e+01
7.136496464611084889e+00
1.117038385124011413e+01
2.763953195770683990e+00
1.538904010394216471e+01
1.178062436274634450e+01
1.296408962885714899e+01
7.312732791431452384e+00
8.956231982162769611e+00
1.172646028567007725e+01
1.349345229721172146e+01
2.523132522020160362e+00
9.373021315815206478e+00
6.770275002573075795e+00
1.111324596323282954e+01
1.449429283826230197e+01
7.312732791431452384e+00
9.373021315815206478e+00
1.105581278308273596e+01
1.021790793990058255e+01
9.373021315815206478e+00
1.488434347843123184e+01
8.884866446580955923e+00
9.304852983362556174e+00
1.368087033328175828e+01
1.225733520300188317e+01
3.568248232305542444e+00
6.955796338302048021e+00
1.256509862862843541e+01
1.301310337505149661e+01
1.301310337505149661e+01
9.304852983362556174e+00
1.431752655671925822e+01
5.527906391541367981e+00
1.427299292922216978e+01
1.301310337505149661e+01
7.978845608028653835e+00
1.150725478350318376e+01
7.136496464611084889e+00
1.650676414605009157e+01
8.058239062071395509e+00
8.884866446580955923e+00
1.296408962885714899e+01
7.817640190446718762e+00
1.559451034962034477e+01
1.058513485680245481e+01
1.002925341359354938e+01
1.256509862862843541e+01
1.236077446474206631e+01
5.753627391751591880e+00
9.373021315815206478e+00
1.575695754970980111e+01
1.335116235624909109e+01
7.312732791431452384e+00
1.449429283826230197e+01
1.344618962205996482e+01
7.136496464611084889e+00
8.593479713983121826e+00
1.363425735166143049e+01
8.667244841319218907e+00
7.653039857325811823e+00
1.134007028277388685e+01
7.312732791431452384e+00
1.236077446474206631e+01
1.296408962885714899e+01
1.194164264288369282e+01
9.373021315815206478e+00
1.335116235624909109e+01
1.058513485680245481e+01
8.136857890256438353e+00
1.117038385124011413e+01
1.281592373849173683e+01
9.965574970333758387e+00
9.373021315815206478e+00
1.381976597885341995e+01
1.046415791390898242e+01
1.236077446474206631e+01
1.261566261010080048e+01
1.325545386523797831e+01
1.178062436274634450e+01
1.296408962885714899e+01
1.266602473693425601e+01
1.386575534383213970e+01
9.373021315815206478e+00
8.136857890256438353e+00
9.373021315815206478e+00
1.167204486311898926e+01
8.136857890256438353e+00
