1.178062436274634450e+01
4.652426491681278087e+00
1.167204486311898926e+01
1.225733520300188317e+01
9.640875829802336483e+00
1.058513485680245481e+01
5.170882945826410726e+00
1.391159267660409604e+01
1.330339418036568588e+01
1.484151074652385738e+01
1.105581278308273596e+01
7.046725639945927711e+00
6.383076486422923246e+00
1.453814859003845150e+01
3.742410318509555189e+00
1.386575534383213970e+01
1.105581278308273596e+01
1.058513485680245481e+01
9.507891862878782518e+00
1.046415791390898242e+01
1.462546558286290477e+01
9.965574970333758387e+00
1.021790793990058255e+01
9.507891862878782518e+00
1.230916348999737586e+01
9.236181543108379799e+00
1.413855043925722121e+01
1.178062436274634450e+01
9.965574970333758387e+00
1.117038385124011413e+01
7.312732791431452384e+00
1.009253008808064145e+01
1.271618740744904485e+01
1.178062436274634450e+01
1.178062436274634450e+01
9.373021315815206478e+00
7.046725639945927711e+00
1.466892917224166482e+01
1.117038385124011413e+01
5.753627391751591880e+00
1.611647812414279102e+01
1.210051848659980855e+01
1.339876023397903637e+01
6.579524642479540830e+00
1.194164264288369282e+01
8.444016491289504600e+00
1.377362305878664728e+01
9.373021315815206478e+00
4.370193722368316713e+00
1.111324596323282954e+01
1.484151074652385738e+01
9.373021315815206478e+00
6.282549314314217703e+00
1.117038385124011413e+01
1.052482020710848865e+01
9.236181543108379799e+00
1.559451034962034477e+01
8.740387444736633427e+00
1.413855043925722121e+01
8.956231982162769611e+00
1.236077446474206631e+01
6.076507779746498805e+00
1.281592373849173683e+01
1.330339418036568588e+01
1.335116235624909109e+01
8.884866446580955923e+00
1.484151074652385738e+01
1.449429283826230197e+01
1.311058116710494836e+01
7.136496464611084889e+00
1.194164264288369282e+01
6.383076486422923246e+00
1.696325844612841038e+01
7.399277020331918919e+00
8.058239062071395509e+00
1.296408962885714899e+01
7.898654169668588132e+00
1.623454913941802857e+01
1.058513485680245481e+01
1.046415791390898242e+01
1.276615297284584649e+01
1.261566261010080048e+01
9.373021315815206478e+00
2.523132522020160362e+00
1.627371578051287671e+01
1.344618962205996482e+01
6.955796338302048021e+00
1.471226436021925466e+01
1.368087033328175828e+01
6.579524642479540830e+00
8.444016491289504600e+00
1.377362305878664728e+01
8.291859587312051971e+00
6.863662517577697741e+00
1.128379167095512514e+01
6.770275002573075795e+00
1.256509862862843541e+01
1.344618962205996482e+01
1.194164264288369282e+01
8.884866446580955923e+00
1.372732503515539548e+01
1.058513485680245481e+01
8.136857890256438353e+00
1.117038385124011413e+01
1.286550196516137312e+01
9.965574970333758387e+00
9.373021315815206478e+00
1.395727947504383337e+01
1.046415791390898242e+01
1.236077446474206631e+01
1.276615297284584649e+01
1.335116235624909109e+01
1.178062436274634450e+01
1.320733953636073110e+01
1.296408962885714899e+01
1.395727947504383337e+01
9.373021315815206478e+00
7.817640190446718762e+00
9.236181543108379799e+00
1.178062436274634450e+01
7.225151993843566878e+00
