1.161737456321036532e+01
7.898654169668588132e+00
6.955796338302048021e+00
1.139607097042601680e+01
1.139607097042601680e+01
8.593479713983121826e+00
1.064510777218481152e+01
7.898654169668588132e+00
5.753627391751591880e+00
1.236077446474206631e+01
5.641895835477562571e+00
1.105581278308273596e+01
1.156244577056221523e+01
1.413855043925722121e+01
7.569397566060480642e+00
8.519075891779829490e+00
1.418350619798065715e+01
6.180387232371033157e+00
6.180387232371033157e+00
1.344618962205996482e+01
1.046415791390898242e+01
1.009253008808064145e+01
1.058513485680245481e+01
9.373021315815206478e+00
1.009253008808064145e+01
1.372732503515539548e+01
9.965574970333758387e+00
1.058513485680245481e+01
9.574614729634383536e+00
1.210051848659980855e+01
9.901487006738307173e+00
1.325545386523797831e+01
1.070474469691662733e+01
9.965574970333758387e+00
1.117038385124011413e+01
8.136857890256438353e+00
6.383076486422923246e+00
9.965574970333758387e+00
1.134007028277388685e+01
1.178062436274634450e+01
1.178062436274634450e+01
9.507891862878782518e+00
7.484820637019110379e+00
1.418350619798065715e+01
6.863662517577697741e+00
8.136857890256438353e+00
1.117038385124011413e+01
1.436192209445157708e+01
1.117038385124011413e+01
1.230916348999737586e+01
8.136857890256438353e+00
9.373021315815206478e+00
1.105581278308273596e+01
1.315904928495908166e+01
6.383076486422923246e+00
9.507891862878782518e+00
7.978845608028653835e+00
7.817640190446718762e+00
1.099807968464679142e+01
1.391159267660409604e+01
9.373021315815206478e+00
1.040314189572019821e+01
9.965574970333758387e+00
9.166995688475081394e+00
1.391159267660409604e+01
9.027033336764100468e+00
9.097283682934460103e+00
1.261566261010080048e+01
1.178062436274634450e+01
6.863662517577697741e+00
5.292567428401227403e+00
7.484820637019110379e+00
5.753627391751591880e+00
6.383076486422923246e+00
5.292567428401227403e+00
1.236077446474206631e+01
1.204779266504070279e+01
1.225733520300188317e+01
9.027033336764100468e+00
1.344618962205996482e+01
6.675581178124545545e+00
1.391159267660409604e+01
1.276615297284584649e+01
8.368283871884004910e+00
1.117038385124011413e+01
7.817640190446718762e+00
1.571650316319191809e+01
8.740387444736633427e+00
9.373021315815206478e+00
1.276615297284584649e+01
8.136857890256438353e+00
1.496964127403822076e+01
1.058513485680245481e+01
1.002925341359354938e+01
1.236077446474206631e+01
1.194164264288369282e+01
7.399277020331918919e+00
9.373021315815206478e+00
1.518078909665319287e+01
1.320733953636073110e+01
8.136857890256438353e+00
1.422831991532699902e+01
1.296408962885714899e+01
7.484820637019110379e+00
8.136857890256438353e+00
1.276615297284584649e+01
8.740387444736633427e+00
8.136857890256438353e+00
6.282549314314217703e+00
1.156244577056221523e+01
8.058239062071395509e+00
1.194164264288369282e+01
1.256509862862843541e+01
1.204779266504070279e+01
9.373021315815206478e+00
1.315904928495908166e+01
1.058513485680245481e+01
8.136857890256438353e+00
1.117038385124011413e+01
1.220528683538465842e+01
9.965574970333758387e+00
9.373021315815206478e+00
1.368087033328175828e+01
1.034176589165282145e+01
1.220528683538465842e+01
1.256509862862843541e+01
1.311058116710494836e+01
4.370193722368316713e+00
1.156244577056221523e+01
1.286550196516137312e+01
1.215301555949299761e+01
1.354055000514615159e+01
9.373021315815206478e+00
8.593479713983121826e+00
1.134007028277388685e+01
9.027033336764100468e+00
8.444016491289504600e+00
