1.178062436274634450e+01
1.167204486311898926e+01
1.301310337505149661e+01
9.901487006738307173e+00
1.058513485680245481e+01
1.431752655671925822e+01
1.377362305878664728e+01
1.484151074652385738e+01
1.105581278308273596e+01
6.863662517577697741e+00
5.641895835477562571e+00
1.453814859003845150e+01
1.395727947504383337e+01
1.105581278308273596e+01
1.058513485680245481e+01
9.507891862878782518e+00
1.046415791390898242e+01
1.466892917224166482e+01
9.965574970333758387e+00
1.009253008808064145e+01
9.507891862878782518e+00
1.236077446474206631e+01
9.236181543108379799e+00
1.427299292922216978e+01
1.178062436274634450e+01
9.965574970333758387e+00
1.117038385124011413e+01
6.863662517577697741e+00
1.021790793990058255e+01
1.281592373849173683e+01
1.178062436274634450e+01
1.178062436274634450e+01
9.373021315815206478e+00
6.076507779746498805e+00
1.475547227809780537e+01
1.117038385124011413e+01
4.652426491681278087e+00
1.627371578051287671e+01
1.251433034574463399e+01
1.354055000514615159e+01
5.753627391751591880e+00
1.256509862862843541e+01
8.136857890256438353e+00
1.386575534383213970e+01
9.373021315815206478e+00
1.530607971465162365e+01
1.099807968464679142e+01
9.507891862878782518e+00
5.753627391751591880e+00
1.117038385124011413e+01
1.052482020710848865e+01
9.166995688475081394e+00
1.587770228520368221e+01
8.740387444736633427e+00
1.418350619798065715e+01
8.740387444736633427e+00
1.236077446474206631e+01
5.046265044040320724e+00
1.306193320280393344e+01
1.335116235624909109e+01
1.335116235624909109e+01
8.740387444736633427e+00
1.496964127403822076e+01
1.466892917224166482e+01
1.311058116710494836e+01
6.579524642479540830e+00
1.215301555949299761e+01
1.744431859350498826e+01
6.282549314314217703e+00
7.225151993843566878e+00
7.484820637019110379e+00
1.315904928495908166e+01
1.666031874701878124e+01
7.978845608028653835e+00
1.058513485680245481e+01
1.058513485680245481e+01
1.281592373849173683e+01
1.296408962885714899e+01
1.654528640181426269e+01
9.304852983362556174e+00
1.344618962205996482e+01
6.579524642479540830e+00
1.391159267660409604e+01
1.475547227809780537e+01
8.291859587312051971e+00
6.282549314314217703e+00
1.377362305878664728e+01
8.136857890256438353e+00
6.482044814428574497e+00
1.128379167095512514e+01
6.383076486422923246e+00
1.368087033328175828e+01
1.276615297284584649e+01
1.194164264288369282e+01
8.444016491289504600e+00
1.377362305878664728e+01
1.058513485680245481e+01
8.291859587312051971e+00
1.117038385124011413e+01
1.296408962885714899e+01
9.901487006738307173e+00
9.373021315815206478e+00
1.395727947504383337e+01
1.058513485680245481e+01
1.236077446474206631e+01
1.276615297284584649e+01
1.335116235624909109e+01
1.178062436274634450e+01
1.335116235624909109e+01
1.296408962885714899e+01
1.404820733880128181e+01
9.373021315815206478e+00
7.225151993843566878e+00
9.166995688475081394e+00
1.178062436274634450e+01
6.955796338302048021e+00
