1.111324596323282954e+01
8.136857890256438353e+00
8.136857890256438353e+00
4.513516668382050234e+00
1.040314189572019821e+01
1.099807968464679142e+01
8.444016491289504600e+00
1.058513485680245481e+01
8.136857890256438353e+00
6.579524642479540830e+00
1.194164264288369282e+01
7.225151993843566878e+00
1.088169461344923583e+01
1.311058116710494836e+01
8.058239062071395509e+00
1.117038385124011413e+01
8.740387444736633427e+00
1.372732503515539548e+01
6.863662517577697741e+00
1.306193320280393344e+01
1.002925341359354938e+01
9.706684619910241452e+00
1.058513485680245481e+01
4.513516668382050234e+00
9.373021315815206478e+00
1.002925341359354938e+01
1.349345229721172146e+01
9.965574970333758387e+00
1.040314189572019821e+01
9.772050238058398008e+00
1.178062436274634450e+01
9.965574970333758387e+00
1.266602473693425601e+01
1.058513485680245481e+01
9.965574970333758387e+00
8.593479713983121826e+00
1.117038385124011413e+01
7.046725639945927711e+00
1.002925341359354938e+01
1.099807968464679142e+01
1.161737456321036532e+01
1.145179781116143225e+01
9.373021315815206478e+00
7.312732791431452384e+00
7.978845608028653835e+00
1.354055000514615159e+01
8.136857890256438353e+00
1.117038385124011413e+01
5.753627391751591880e+00
1.117038385124011413e+01
1.335116235624909109e+01
1.099807968464679142e+01
8.444016491289504600e+00
4.068428945128219176e+00
3.568248232305542444e+00
9.373021315815206478e+00
1.034176589165282145e+01
1.286550196516137312e+01
6.770275002573075795e+00
9.373021315815206478e+00
8.740387444736633427e+00
7.817640190446718762e+00
1.058513485680245481e+01
9.373021315815206478e+00
1.325545386523797831e+01
5.753627391751591880e+00
1.021790793990058255e+01
9.965574970333758387e+00
9.166995688475081394e+00
1.315904928495908166e+01
6.383076486422923246e+00
8.444016491289504600e+00
9.027033336764100468e+00
1.156244577056221523e+01
1.178062436274634450e+01
7.312732791431452384e+00
8.136857890256438353e+00
7.225151993843566878e+00
7.225151993843566878e+00
7.046725639945927711e+00
7.484820637019110379e+00
1.220528683538465842e+01
1.178062436274634450e+01
1.145179781116143225e+01
8.740387444736633427e+00
1.246335526484300615e+01
7.136496464611084889e+00
1.286550196516137312e+01
1.266602473693425601e+01
8.740387444736633427e+00
1.117038385124011413e+01
8.291859587312051971e+00
1.526443044094783019e+01
8.740387444736633427e+00
4.370193722368316713e+00
5.527906391541367981e+00
5.753627391751591880e+00
9.373021315815206478e+00
1.271618740744904485e+01
8.740387444736633427e+00
1.377362305878664728e+01
1.058513485680245481e+01
9.507891862878782518e+00
1.172646028567007725e+01
1.117038385124011413e+01
8.058239062071395509e+00
9.373021315815206478e+00
1.368087033328175828e+01
1.236077446474206631e+01
8.444016491289504600e+00
6.180387232371033157e+00
1.320733953636073110e+01
1.271618740744904485e+01
8.136857890256438353e+00
8.136857890256438353e+00
1.225733520300188317e+01
8.884866446580955923e+00
5.753627391751591880e+00
5.527906391541367981e+00
8.136857890256438353e+00
7.484820637019110379e+00
1.150725478350318376e+01
8.444016491289504600e+00
1.172646028567007725e+01
9.507891862878782518e+00
1.128379167095512514e+01
1.178062436274634450e+01
1.261566261010080048e+01
1.046415791390898242e+01
8.593479713983121826e+00
1.117038385124011413e+01
1.150725478350318376e+01
9.373021315815206478e+00
9.640875829802336483e+00
2.763953195770683990e+00
1.315904928495908166e+01
9.574614729634383536e+00
1.178062436274634450e+01
1.236077446474206631e+01
1.266602473693425601e+01
7.136496464611084889e+00
1.128379167095512514e+01
4.652426491681278087e+00
1.210051848659980855e+01
1.183454054540639433e+01
4.222008245644752300e+00
1.301310337505149661e+01
9.304852983362556174e+00
8.291859587312051971e+00
1.009253008808064145e+01
8.812923024107547576e+00
8.740387444736633427e+00
5.641895835477562571e+00
