1.178062436274634450e+01
1.167204486311898926e+01
1.315904928495908166e+01
9.965574970333758387e+00
1.058513485680245481e+01
1.513879513212096128e+01
1.427299292922216978e+01
1.496964127403822076e+01
1.105581278308273596e+01
5.527906391541367981e+00
1.505445578434700415e+01
1.413855043925722121e+01
1.117038385124011413e+01
1.046415791390898242e+01
9.373021315815206478e+00
1.058513485680245481e+01
1.484151074652385738e+01
9.965574970333758387e+00
1.009253008808064145e+01
9.373021315815206478e+00
1.236077446474206631e+01
9.097283682934460103e+00
1.449429283826230197e+01
1.178062436274634450e+01
9.965574970333758387e+00
1.134007028277388685e+01
5.970821321441846408e+00
1.046415791390898242e+01
1.339876023397903637e+01
1.178062436274634450e+01
1.178062436274634450e+01
9.373021315815206478e+00
1.492705330360461602e+01
3.908820095223359381e+00
1.150725478350318376e+01
1.669848676668040710e+01
1.261566261010080048e+01
1.377362305878664728e+01
1.372732503515539548e+01
7.735777827895049086e+00
1.418350619798065715e+01
9.373021315815206478e+00
1.595769121605730767e+01
1.099807968464679142e+01
9.373021315815206478e+00
1.117038385124011413e+01
1.088169461344923583e+01
8.740387444736633427e+00
1.623454913941802857e+01
8.740387444736633427e+00
1.440618081907316395e+01
8.740387444736633427e+00
1.225733520300188317e+01
1.354055000514615159e+01
1.363425735166143049e+01
1.349345229721172146e+01
8.444016491289504600e+00
1.530607971465162365e+01
1.479855404066383784e+01
1.315904928495908166e+01
1.246335526484300615e+01
4.652426491681278087e+00
1.787688803255549530e+01
5.753627391751591880e+00
1.320733953636073110e+01
6.383076486422923246e+00
1.707547527140466670e+01
6.955796338302048021e+00
1.070474469691662733e+01
1.058513485680245481e+01
1.296408962885714899e+01
1.330339418036568588e+01
1.685029431422315938e+01
9.166995688475081394e+00
1.363425735166143049e+01
4.787307364817191768e+00
1.449429283826230197e+01
1.475547227809780537e+01
8.291859587312051971e+00
1.427299292922216978e+01
5.046265044040320724e+00
7.735777827895049086e+00
4.787307364817191768e+00
1.117038385124011413e+01
4.513516668382050234e+00
1.311058116710494836e+01
1.422831991532699902e+01
1.194164264288369282e+01
8.136857890256438353e+00
1.400281721259029588e+01
1.058513485680245481e+01
8.291859587312051971e+00
1.117038385124011413e+01
1.296408962885714899e+01
9.836981518731869656e+00
9.373021315815206478e+00
1.413855043925722121e+01
1.058513485680245481e+01
1.271618740744904485e+01
1.276615297284584649e+01
1.349345229721172146e+01
1.178062436274634450e+01
1.335116235624909109e+01
1.296408962885714899e+01
1.413855043925722121e+01
9.507891862878782518e+00
9.097283682934460103e+00
6.383076486422923246e+00
1.178062436274634450e+01
5.753627391751591880e+00
