1.178062436274634450e+01
1.167204486311898926e+01
1.306193320280393344e+01
9.965574970333758387e+00
1.058513485680245481e+01
1.466892917224166482e+01
1.413855043925722121e+01
1.492705330360461602e+01
1.105581278308273596e+01
6.383076486422923246e+00
3.742410318509555189e+00
1.479855404066383784e+01
1.395727947504383337e+01
1.117038385124011413e+01
1.058513485680245481e+01
9.507891862878782518e+00
1.052482020710848865e+01
1.475547227809780537e+01
9.965574970333758387e+00
1.009253008808064145e+01
9.373021315815206478e+00
1.236077446474206631e+01
9.166995688475081394e+00
1.431752655671925822e+01
1.178062436274634450e+01
9.965574970333758387e+00
1.117038385124011413e+01
6.383076486422923246e+00
1.052482020710848865e+01
1.301310337505149661e+01
1.178062436274634450e+01
1.178062436274634450e+01
9.373021315815206478e+00
5.527906391541367981e+00
1.488434347843123184e+01
1.134007028277388685e+01
1.650676414605009157e+01
1.256509862862843541e+01
1.354055000514615159e+01
1.306193320280393344e+01
4.513516668382050234e+00
8.058239062071395509e+00
1.395727947504383337e+01
9.373021315815206478e+00
1.563528038089343752e+01
1.099807968464679142e+01
9.373021315815206478e+00
4.068428945128219176e+00
1.117038385124011413e+01
1.076405121554611632e+01
8.812923024107547576e+00
1.615593100600235843e+01
8.740387444736633427e+00
1.431752655671925822e+01
8.740387444736633427e+00
1.236077446474206631e+01
1.325545386523797831e+01
1.339876023397903637e+01
1.339876023397903637e+01
8.593479713983121826e+00
1.518078909665319287e+01
1.475547227809780537e+01
1.311058116710494836e+01
5.753627391751591880e+00
1.236077446474206631e+01
1.762584604821509515e+01
5.046265044040320724e+00
6.579524642479540830e+00
1.325545386523797831e+01
7.046725639945927711e+00
1.681247093473193388e+01
7.569397566060480642e+00
1.058513485680245481e+01
1.058513485680245481e+01
1.296408962885714899e+01
1.315904928495908166e+01
1.677456227108388731e+01
9.166995688475081394e+00
1.349345229721172146e+01
5.863230142835038627e+00
1.422831991532699902e+01
1.475547227809780537e+01
8.291859587312051971e+00
5.970821321441846408e+00
1.400281721259029588e+01
7.978845608028653835e+00
6.076507779746498805e+00
1.128379167095512514e+01
5.863230142835038627e+00
1.391159267660409604e+01
1.281592373849173683e+01
1.194164264288369282e+01
8.593479713983121826e+00
1.377362305878664728e+01
1.058513485680245481e+01
8.291859587312051971e+00
1.117038385124011413e+01
1.296408962885714899e+01
9.901487006738307173e+00
9.373021315815206478e+00
1.409345127989185542e+01
1.058513485680245481e+01
1.256509862862843541e+01
1.276615297284584649e+01
1.339876023397903637e+01
1.178062436274634450e+01
1.335116235624909109e+01
1.296408962885714899e+01
1.413855043925722121e+01
9.373021315815206478e+00
7.046725639945927711e+00
9.166995688475081394e+00
1.178062436274634450e+01
6.383076486422923246e+00
