1.178062436274634450e+01
1.167204486311898926e+01
1.306193320280393344e+01
9.965574970333758387e+00
1.058513485680245481e+01
1.445030398768713376e+01
1.395727947504383337e+01
1.488434347843123184e+01
1.105581278308273596e+01
6.675581178124545545e+00
5.170882945826410726e+00
1.453814859003845150e+01
1.395727947504383337e+01
1.117038385124011413e+01
1.058513485680245481e+01
9.507891862878782518e+00
1.046415791390898242e+01
1.475547227809780537e+01
9.965574970333758387e+00
1.009253008808064145e+01
9.507891862878782518e+00
1.236077446474206631e+01
9.236181543108379799e+00
1.427299292922216978e+01
1.178062436274634450e+01
9.965574970333758387e+00
1.117038385124011413e+01
6.863662517577697741e+00
1.034176589165282145e+01
1.286550196516137312e+01
1.178062436274634450e+01
1.178062436274634450e+01
9.373021315815206478e+00
5.753627391751591880e+00
1.479855404066383784e+01
1.117038385124011413e+01
3.908820095223359381e+00
1.642944866646030988e+01
1.251433034574463399e+01
1.354055000514615159e+01
5.527906391541367981e+00
1.276615297284584649e+01
8.136857890256438353e+00
1.395727947504383337e+01
9.373021315815206478e+00
1.547155565579009817e+01
1.099807968464679142e+01
9.373021315815206478e+00
5.046265044040320724e+00
1.117038385124011413e+01
1.064510777218481152e+01
9.097283682934460103e+00
1.595769121605730767e+01
8.740387444736633427e+00
1.427299292922216978e+01
8.740387444736633427e+00
1.236077446474206631e+01
4.370193722368316713e+00
1.306193320280393344e+01
1.335116235624909109e+01
1.335116235624909109e+01
8.667244841319218907e+00
1.496964127403822076e+01
1.471226436021925466e+01
1.311058116710494836e+01
6.282549314314217703e+00
1.215301555949299761e+01
1.751715531361111644e+01
5.970821321441846408e+00
6.955796338302048021e+00
7.484820637019110379e+00
1.315904928495908166e+01
1.673656774376800982e+01
7.817640190446718762e+00
1.058513485680245481e+01
1.058513485680245481e+01
1.296408962885714899e+01
1.306193320280393344e+01
1.662206308517478703e+01
9.304852983362556174e+00
1.344618962205996482e+01
6.282549314314217703e+00
1.400281721259029588e+01
1.475547227809780537e+01
8.291859587312051971e+00
6.383076486422923246e+00
1.391159267660409604e+01
8.136857890256438353e+00
6.282549314314217703e+00
1.128379167095512514e+01
6.383076486422923246e+00
1.372732503515539548e+01
1.281592373849173683e+01
1.194164264288369282e+01
8.519075891779829490e+00
1.381976597885341995e+01
1.058513485680245481e+01
8.291859587312051971e+00
1.117038385124011413e+01
1.296408962885714899e+01
9.901487006738307173e+00
9.373021315815206478e+00
1.395727947504383337e+01
1.058513485680245481e+01
1.236077446474206631e+01
1.276615297284584649e+01
1.335116235624909109e+01
1.178062436274634450e+01
1.335116235624909109e+01
1.296408962885714899e+01
1.404820733880128181e+01
9.373021315815206478e+00
7.225151993843566878e+00
9.166995688475081394e+00
1.178062436274634450e+01
6.675581178124545545e+00
