1.117038385124011413e+01
8.136857890256438353e+00
7.978845608028653835e+00
3.191538243211461623e+00
1.058513485680245481e+01
1.117038385124011413e+01
8.444016491289504600e+00
1.058513485680245481e+01
8.136857890256438353e+00
6.579524642479540830e+00
1.215301555949299761e+01
6.955796338302048021e+00
1.094004191971426110e+01
1.358748446131948917e+01
7.817640190446718762e+00
1.117038385124011413e+01
8.740387444736633427e+00
1.391159267660409604e+01
6.482044814428574497e+00
1.311058116710494836e+01
1.009253008808064145e+01
9.772050238058398008e+00
1.058513485680245481e+01
9.373021315815206478e+00
9.965574970333758387e+00
1.358748446131948917e+01
9.965574970333758387e+00
1.058513485680245481e+01
9.640875829802336483e+00
1.183454054540639433e+01
9.965574970333758387e+00
1.281592373849173683e+01
1.058513485680245481e+01
9.965574970333758387e+00
1.117038385124011413e+01
8.444016491289504600e+00
6.955796338302048021e+00
9.965574970333758387e+00
1.111324596323282954e+01
1.178062436274634450e+01
1.172646028567007725e+01
9.373021315815206478e+00
7.225151993843566878e+00
7.817640190446718762e+00
1.391159267660409604e+01
8.136857890256438353e+00
1.117038385124011413e+01
5.411516379806009525e+00
1.117038385124011413e+01
1.349345229721172146e+01
1.117038385124011413e+01
8.136857890256438353e+00
9.373021315815206478e+00
1.046415791390898242e+01
1.291488987023529766e+01
6.675581178124545545e+00
9.640875829802336483e+00
8.593479713983121826e+00
7.978845608028653835e+00
1.064510777218481152e+01
9.373021315815206478e+00
1.325545386523797831e+01
4.513516668382050234e+00
1.015541250385961369e+01
9.965574970333758387e+00
9.166995688475081394e+00
1.330339418036568588e+01
5.527906391541367981e+00
8.444016491289504600e+00
9.027033336764100468e+00
1.194164264288369282e+01
1.178062436274634450e+01
8.136857890256438353e+00
7.046725639945927711e+00
7.225151993843566878e+00
6.955796338302048021e+00
6.675581178124545545e+00
7.312732791431452384e+00
1.220528683538465842e+01
1.178062436274634450e+01
1.161737456321036532e+01
8.740387444736633427e+00
1.271618740744904485e+01
7.136496464611084889e+00
1.315904928495908166e+01
1.271618740744904485e+01
8.740387444736633427e+00
1.117038385124011413e+01
8.214724333230154940e+00
1.534761596392107741e+01
8.740387444736633427e+00
5.292567428401227403e+00
4.652426491681278087e+00
9.373021315815206478e+00
1.276615297284584649e+01
8.740387444736633427e+00
1.409345127989185542e+01
1.058513485680245481e+01
9.640875829802336483e+00
1.199483507827737583e+01
1.122723095552866468e+01
8.136857890256438353e+00
9.373021315815206478e+00
1.395727947504383337e+01
1.271618740744904485e+01
8.368283871884004910e+00
5.292567428401227403e+00
1.335116235624909109e+01
1.276615297284584649e+01
8.136857890256438353e+00
8.136857890256438353e+00
1.236077446474206631e+01
8.740387444736633427e+00
4.787307364817191768e+00
4.787307364817191768e+00
8.136857890256438353e+00
7.484820637019110379e+00
1.150725478350318376e+01
8.291859587312051971e+00
1.188821220645068522e+01
1.183454054540639433e+01
9.373021315815206478e+00
1.145179781116143225e+01
1.296408962885714899e+01
1.058513485680245481e+01
8.593479713983121826e+00
1.117038385124011413e+01
1.172646028567007725e+01
9.640875829802336483e+00
9.640875829802336483e+00
1.325545386523797831e+01
9.965574970333758387e+00
1.178062436274634450e+01
1.236077446474206631e+01
1.281592373849173683e+01
6.675581178124545545e+00
1.150725478350318376e+01
2.763953195770683990e+00
1.230916348999737586e+01
1.194164264288369282e+01
1.320733953636073110e+01
9.236181543108379799e+00
8.519075891779829490e+00
1.034176589165282145e+01
8.884866446580955923e+00
8.956231982162769611e+00
4.652426491681278087e+00
