1.178062436274634450e+01
1.167204486311898926e+01
1.301310337505149661e+01
9.965574970333758387e+00
1.058513485680245481e+01
1.453814859003845150e+01
1.409345127989185542e+01
1.488434347843123184e+01
1.105581278308273596e+01
6.482044814428574497e+00
4.652426491681278087e+00
1.462546558286290477e+01
1.395727947504383337e+01
1.117038385124011413e+01
1.058513485680245481e+01
9.507891862878782518e+00
1.046415791390898242e+01
1.475547227809780537e+01
9.965574970333758387e+00
1.009253008808064145e+01
9.507891862878782518e+00
1.236077446474206631e+01
9.166995688475081394e+00
1.427299292922216978e+01
1.178062436274634450e+01
9.965574970333758387e+00
1.117038385124011413e+01
6.675581178124545545e+00
1.046415791390898242e+01
1.286550196516137312e+01
1.178062436274634450e+01
1.178062436274634450e+01
9.373021315815206478e+00
5.753627391751591880e+00
1.488434347843123184e+01
1.122723095552866468e+01
1.650676414605009157e+01
1.256509862862843541e+01
1.354055000514615159e+01
4.918490759365934828e+00
1.281592373849173683e+01
8.136857890256438353e+00
1.395727947504383337e+01
9.373021315815206478e+00
1.551264883747923129e+01
1.099807968464679142e+01
9.373021315815206478e+00
4.652426491681278087e+00
1.117038385124011413e+01
1.064510777218481152e+01
9.027033336764100468e+00
1.603728119216292924e+01
8.740387444736633427e+00
1.431752655671925822e+01
8.740387444736633427e+00
1.236077446474206631e+01
3.908820095223359381e+00
1.320733953636073110e+01
1.339876023397903637e+01
1.335116235624909109e+01
8.593479713983121826e+00
1.496964127403822076e+01
1.479855404066383784e+01
1.311058116710494836e+01
6.076507779746498805e+00
1.225733520300188317e+01
1.758969042850511855e+01
5.527906391541367981e+00
6.675581178124545545e+00
7.484820637019110379e+00
1.315904928495908166e+01
1.677456227108388731e+01
7.735777827895049086e+00
1.058513485680245481e+01
1.058513485680245481e+01
1.296408962885714899e+01
1.315904928495908166e+01
1.669848676668040710e+01
9.166995688475081394e+00
1.344618962205996482e+01
6.076507779746498805e+00
1.404820733880128181e+01
1.475547227809780537e+01
8.291859587312051971e+00
6.282549314314217703e+00
1.395727947504383337e+01
8.136857890256438353e+00
6.180387232371033157e+00
1.128379167095512514e+01
6.076507779746498805e+00
1.377362305878664728e+01
1.281592373849173683e+01
1.194164264288369282e+01
8.593479713983121826e+00
1.377362305878664728e+01
1.058513485680245481e+01
8.291859587312051971e+00
1.117038385124011413e+01
1.296408962885714899e+01
9.901487006738307173e+00
9.373021315815206478e+00
1.404820733880128181e+01
1.058513485680245481e+01
1.251433034574463399e+01
1.276615297284584649e+01
1.339876023397903637e+01
1.178062436274634450e+01
1.335116235624909109e+01
1.296408962885714899e+01
1.413855043925722121e+01
9.373021315815206478e+00
7.136496464611084889e+00
9.166995688475081394e+00
1.178062436274634450e+01
6.579524642479540830e+00
