1.178062436274634450e+01
4.652426491681278087e+00
1.194164264288369282e+01
1.320733953636073110e+01
1.009253008808064145e+01
1.021790793990058255e+01
1.563528038089343752e+01
1.509668435477122017e+01
1.518078909665319287e+01
1.088169461344923583e+01
1.543035303761632804e+01
1.445030398768713376e+01
1.117038385124011413e+01
1.034176589165282145e+01
9.373021315815206478e+00
1.021790793990058255e+01
1.575695754970980111e+01
9.772050238058398008e+00
9.640875829802336483e+00
9.373021315815206478e+00
1.236077446474206631e+01
1.509668435477122017e+01
7.484820637019110379e+00
1.266602473693425601e+01
9.965574970333758387e+00
1.178062436274634450e+01
1.021790793990058255e+01
1.363425735166143049e+01
1.220528683538465842e+01
1.178062436274634450e+01
9.027033336764100468e+00
1.509668435477122017e+01
1.194164264288369282e+01
1.766192765414112031e+01
1.266602473693425601e+01
1.427299292922216978e+01
1.400281721259029588e+01
3.385137501286537898e+00
1.488434347843123184e+01
8.884866446580955923e+00
1.639065416446577927e+01
1.070474469691662733e+01
8.519075891779829490e+00
1.117038385124011413e+01
1.082303275961201905e+01
1.650676414605009157e+01
7.312732791431452384e+00
1.484151074652385738e+01
8.058239062071395509e+00
8.740387444736633427e+00
1.210051848659980855e+01
1.395727947504383337e+01
1.458187244392064308e+01
1.335116235624909109e+01
7.312732791431452384e+00
1.599753570059363028e+01
1.575695754970980111e+01
1.311058116710494836e+01
1.330339418036568588e+01
1.829923496393627147e+01
1.339876023397903637e+01
1.787688803255549530e+01
1.122723095552866468e+01
1.117038385124011413e+01
1.296408962885714899e+01
1.475547227809780537e+01
1.784124116152771222e+01
8.812923024107547576e+00
1.368087033328175828e+01
1.538904010394216471e+01
1.475547227809780537e+01
8.136857890256438353e+00
1.479855404066383784e+01
6.383076486422923246e+00
1.111324596323282954e+01
1.538904010394216471e+01
1.372732503515539548e+01
1.183454054540639433e+01
1.436192209445157708e+01
5.641895835477562571e+00
1.058513485680245481e+01
8.136857890256438353e+00
1.088169461344923583e+01
1.306193320280393344e+01
9.772050238058398008e+00
9.373021315815206478e+00
1.413855043925722121e+01
1.070474469691662733e+01
1.330339418036568588e+01
1.276615297284584649e+01
1.354055000514615159e+01
1.178062436274634450e+01
1.368087033328175828e+01
1.368087033328175828e+01
1.466892917224166482e+01
9.965574970333758387e+00
1.220528683538465842e+01
8.444016491289504600e+00
