1.178062436274634450e+01
5.863230142835038627e+00
1.156244577056221523e+01
1.210051848659980855e+01
9.574614729634383536e+00
1.058513485680245481e+01
6.076507779746498805e+00
1.363425735166143049e+01
1.286550196516137312e+01
1.475547227809780537e+01
1.105581278308273596e+01
7.399277020331918919e+00
6.863662517577697741e+00
1.436192209445157708e+01
5.170882945826410726e+00
1.386575534383213970e+01
1.105581278308273596e+01
1.058513485680245481e+01
9.507891862878782518e+00
1.040314189572019821e+01
1.449429283826230197e+01
9.965574970333758387e+00
1.058513485680245481e+01
9.507891862878782518e+00
1.225733520300188317e+01
9.373021315815206478e+00
1.413855043925722121e+01
1.178062436274634450e+01
9.965574970333758387e+00
1.117038385124011413e+01
7.817640190446718762e+00
1.002925341359354938e+01
1.261566261010080048e+01
1.178062436274634450e+01
1.178062436274634450e+01
9.373021315815206478e+00
7.312732791431452384e+00
1.445030398768713376e+01
1.117038385124011413e+01
6.482044814428574497e+00
1.591774699517169012e+01
1.178062436274634450e+01
1.330339418036568588e+01
7.225151993843566878e+00
8.593479713983121826e+00
1.178062436274634450e+01
1.368087033328175828e+01
9.373021315815206478e+00
5.970821321441846408e+00
1.111324596323282954e+01
1.479855404066383784e+01
6.863662517577697741e+00
9.373021315815206478e+00
1.117038385124011413e+01
1.040314189572019821e+01
9.236181543108379799e+00
1.518078909665319287e+01
8.884866446580955923e+00
1.395727947504383337e+01
9.097283682934460103e+00
1.236077446474206631e+01
6.770275002573075795e+00
1.266602473693425601e+01
1.306193320280393344e+01
1.330339418036568588e+01
9.166995688475081394e+00
1.458187244392064308e+01
1.440618081907316395e+01
4.222008245644752300e+00
1.320733953636073110e+01
7.653039857325811823e+00
1.183454054540639433e+01
6.770275002573075795e+00
1.692568750643268771e+01
7.817640190446718762e+00
8.444016491289504600e+00
1.296408962885714899e+01
7.817640190446718762e+00
1.587770228520368221e+01
1.058513485680245481e+01
1.028002345391383443e+01
1.266602473693425601e+01
1.236077446474206631e+01
5.046265044040320724e+00
9.373021315815206478e+00
1.591774699517169012e+01
1.339876023397903637e+01
7.225151993843566878e+00
1.458187244392064308e+01
1.354055000514615159e+01
6.863662517577697741e+00
8.444016491289504600e+00
1.368087033328175828e+01
8.444016491289504600e+00
7.225151993843566878e+00
1.134007028277388685e+01
7.225151993843566878e+00
1.236077446474206631e+01
1.325545386523797831e+01
1.194164264288369282e+01
9.027033336764100468e+00
1.368087033328175828e+01
1.058513485680245481e+01
8.136857890256438353e+00
1.117038385124011413e+01
1.286550196516137312e+01
9.965574970333758387e+00
9.373021315815206478e+00
1.391159267660409604e+01
1.046415791390898242e+01
1.236077446474206631e+01
1.271618740744904485e+01
1.325545386523797831e+01
1.178062436274634450e+01
1.315904928495908166e+01
1.296408962885714899e+01
1.395727947504383337e+01
9.373021315815206478e+00
8.136857890256438353e+00
9.304852983362556174e+00
1.178062436274634450e+01
7.817640190446718762e+00
