1.167204486311898926e+01
7.817640190446718762e+00
6.955796338302048021e+00
1.145179781116143225e+01
1.145179781116143225e+01
8.593479713983121826e+00
1.058513485680245481e+01
7.735777827895049086e+00
5.292567428401227403e+00
1.236077446474206631e+01
5.170882945826410726e+00
1.099807968464679142e+01
1.167204486311898926e+01
1.418350619798065715e+01
7.569397566060480642e+00
8.519075891779829490e+00
1.418350619798065715e+01
6.076507779746498805e+00
6.076507779746498805e+00
1.349345229721172146e+01
1.046415791390898242e+01
1.009253008808064145e+01
1.058513485680245481e+01
9.373021315815206478e+00
1.009253008808064145e+01
1.377362305878664728e+01
9.965574970333758387e+00
1.058513485680245481e+01
9.574614729634383536e+00
1.210051848659980855e+01
9.901487006738307173e+00
1.330339418036568588e+01
1.070474469691662733e+01
9.965574970333758387e+00
1.117038385124011413e+01
8.136857890256438353e+00
5.970821321441846408e+00
9.965574970333758387e+00
1.139607097042601680e+01
1.178062436274634450e+01
1.178062436274634450e+01
9.507891862878782518e+00
7.312732791431452384e+00
1.422831991532699902e+01
6.863662517577697741e+00
7.978845608028653835e+00
1.117038385124011413e+01
1.440618081907316395e+01
1.117038385124011413e+01
1.241217083805063837e+01
8.058239062071395509e+00
9.304852983362556174e+00
1.105581278308273596e+01
1.315904928495908166e+01
6.383076486422923246e+00
9.373021315815206478e+00
7.978845608028653835e+00
7.817640190446718762e+00
1.099807968464679142e+01
1.409345127989185542e+01
9.373021315815206478e+00
1.058513485680245481e+01
9.965574970333758387e+00
9.166995688475081394e+00
1.400281721259029588e+01
8.884866446580955923e+00
9.097283682934460103e+00
1.271618740744904485e+01
1.178062436274634450e+01
6.675581178124545545e+00
7.484820637019110379e+00
5.753627391751591880e+00
4.787307364817191768e+00
5.970821321441846408e+00
5.170882945826410726e+00
1.236077446474206631e+01
1.210051848659980855e+01
1.225733520300188317e+01
9.027033336764100468e+00
1.358748446131948917e+01
6.383076486422923246e+00
1.409345127989185542e+01
1.276615297284584649e+01
8.136857890256438353e+00
1.117038385124011413e+01
7.817640190446718762e+00
1.583755632390385770e+01
8.740387444736633427e+00
9.373021315815206478e+00
1.276615297284584649e+01
8.136857890256438353e+00
1.501210842680413826e+01
1.058513485680245481e+01
9.965574970333758387e+00
1.236077446474206631e+01
1.194164264288369282e+01
7.312732791431452384e+00
9.373021315815206478e+00
1.518078909665319287e+01
1.320733953636073110e+01
8.136857890256438353e+00
1.427299292922216978e+01
1.296408962885714899e+01
7.484820637019110379e+00
8.214724333230154940e+00
1.281592373849173683e+01
8.740387444736633427e+00
8.136857890256438353e+00
6.076507779746498805e+00
1.156244577056221523e+01
7.978845608028653835e+00
1.194164264288369282e+01
1.256509862862843541e+01
1.204779266504070279e+01
9.373021315815206478e+00
1.315904928495908166e+01
1.058513485680245481e+01
8.136857890256438353e+00
1.117038385124011413e+01
1.225733520300188317e+01
9.965574970333758387e+00
9.373021315815206478e+00
1.368087033328175828e+01
1.034176589165282145e+01
1.225733520300188317e+01
1.261566261010080048e+01
1.320733953636073110e+01
3.908820095223359381e+00
1.156244577056221523e+01
1.286550196516137312e+01
1.220528683538465842e+01
1.363425735166143049e+01
9.373021315815206478e+00
8.519075891779829490e+00
9.027033336764100468e+00
1.139607097042601680e+01
8.368283871884004910e+00
