1.178062436274634450e+01
6.955796338302048021e+00
1.167204486311898926e+01
1.325545386523797831e+01
9.965574970333758387e+00
1.052482020710848865e+01
1.534761596392107741e+01
1.458187244392064308e+01
1.496964127403822076e+01
1.105581278308273596e+01
2.763953195770683990e+00
1.513879513212096128e+01
1.413855043925722121e+01
1.117038385124011413e+01
1.046415791390898242e+01
9.373021315815206478e+00
1.058513485680245481e+01
1.501210842680413826e+01
9.901487006738307173e+00
1.009253008808064145e+01
9.373021315815206478e+00
1.236077446474206631e+01
8.740387444736633427e+00
1.505445578434700415e+01
1.215301555949299761e+01
9.965574970333758387e+00
1.156244577056221523e+01
4.513516668382050234e+00
1.046415791390898242e+01
1.349345229721172146e+01
1.178062436274634450e+01
1.178062436274634450e+01
9.304852983362556174e+00
1.496964127403822076e+01
1.161737456321036532e+01
1.729772508200899850e+01
1.261566261010080048e+01
1.404820733880128181e+01
1.372732503515539548e+01
6.770275002573075795e+00
1.427299292922216978e+01
9.373021315815206478e+00
1.603728119216292924e+01
1.088169461344923583e+01
9.373021315815206478e+00
1.117038385124011413e+01
1.088169461344923583e+01
1.627371578051287671e+01
8.444016491289504600e+00
8.740387444736633427e+00
1.466892917224166482e+01
8.740387444736633427e+00
1.225733520300188317e+01
1.377362305878664728e+01
1.409345127989185542e+01
1.354055000514615159e+01
8.136857890256438353e+00
1.567594437773643001e+01
1.501210842680413826e+01
1.311058116710494836e+01
1.296408962885714899e+01
1.819456736586892021e+01
4.068428945128219176e+00
1.335116235624909109e+01
1.729772508200899850e+01
4.787307364817191768e+00
5.970821321441846408e+00
1.070474469691662733e+01
1.070474469691662733e+01
1.296408962885714899e+01
1.386575534383213970e+01
1.711271735549580697e+01
9.166995688475081394e+00
1.368087033328175828e+01
1.509668435477122017e+01
1.475547227809780537e+01
8.593479713983121826e+00
1.445030398768713376e+01
3.908820095223359381e+00
7.399277020331918919e+00
1.117038385124011413e+01
1.344618962205996482e+01
1.475547227809780537e+01
1.194164264288369282e+01
7.484820637019110379e+00
1.409345127989185542e+01
1.058513485680245481e+01
8.368283871884004910e+00
1.117038385124011413e+01
1.306193320280393344e+01
9.836981518731869656e+00
9.373021315815206478e+00
1.413855043925722121e+01
1.058513485680245481e+01
1.281592373849173683e+01
1.276615297284584649e+01
1.354055000514615159e+01
1.178062436274634450e+01
1.358748446131948917e+01
1.306193320280393344e+01
1.418350619798065715e+01
9.772050238058398008e+00
5.641895835477562571e+00
1.178062436274634450e+01
8.740387444736633427e+00
3.568248232305542444e+00
