1.167204486311898926e+01
7.046725639945927711e+00
5.753627391751591880e+00
1.156244577056221523e+01
1.178062436274634450e+01
9.373021315815206478e+00
1.058513485680245481e+01
7.225151993843566878e+00
1.286550196516137312e+01
1.105581278308273596e+01
1.236077446474206631e+01
1.427299292922216978e+01
7.653039857325811823e+00
7.978845608028653835e+00
1.431752655671925822e+01
5.753627391751591880e+00
1.368087033328175828e+01
1.094004191971426110e+01
4.222008245644752300e+00
1.082303275961201905e+01
1.058513485680245481e+01
9.507891862878782518e+00
1.009253008808064145e+01
1.400281721259029588e+01
9.965574970333758387e+00
1.058513485680245481e+01
9.574614729634383536e+00
1.215301555949299761e+01
9.772050238058398008e+00
1.344618962205996482e+01
1.122723095552866468e+01
9.965574970333758387e+00
1.117038385124011413e+01
8.136857890256438353e+00
9.965574970333758387e+00
3.908820095223359381e+00
1.167204486311898926e+01
1.178062436274634450e+01
1.178062436274634450e+01
9.373021315815206478e+00
7.569397566060480642e+00
1.431752655671925822e+01
5.170882945826410726e+00
7.312732791431452384e+00
1.117038385124011413e+01
1.492705330360461602e+01
1.150725478350318376e+01
1.271618740744904485e+01
7.569397566060480642e+00
9.097283682934460103e+00
1.134007028277388685e+01
1.339876023397903637e+01
4.787307364817191768e+00
9.373021315815206478e+00
7.225151993843566878e+00
1.105581278308273596e+01
1.427299292922216978e+01
7.569397566060480642e+00
9.507891862878782518e+00
1.058513485680245481e+01
1.021790793990058255e+01
9.373021315815206478e+00
1.466892917224166482e+01
8.812923024107547576e+00
9.236181543108379799e+00
1.354055000514615159e+01
1.194164264288369282e+01
5.527906391541367981e+00
7.046725639945927711e+00
2.763953195770683990e+00
4.652426491681278087e+00
1.236077446474206631e+01
1.286550196516137312e+01
1.256509862862843541e+01
9.027033336764100468e+00
1.395727947504383337e+01
6.180387232371033157e+00
1.431752655671925822e+01
1.286550196516137312e+01
8.136857890256438353e+00
1.117038385124011413e+01
7.399277020331918919e+00
1.627371578051287671e+01
8.368283871884004910e+00
9.373021315815206478e+00
1.296408962885714899e+01
7.978845608028653835e+00
1.538904010394216471e+01
1.058513485680245481e+01
9.965574970333758387e+00
1.256509862862843541e+01
1.220528683538465842e+01
6.863662517577697741e+00
9.373021315815206478e+00
1.551264883747923129e+01
1.335116235624909109e+01
7.569397566060480642e+00
1.449429283826230197e+01
1.330339418036568588e+01
7.225151993843566878e+00
8.368283871884004910e+00
1.330339418036568588e+01
8.740387444736633427e+00
7.817640190446718762e+00
3.385137501286537898e+00
1.145179781116143225e+01
7.653039857325811823e+00
1.210051848659980855e+01
1.286550196516137312e+01
1.194164264288369282e+01
9.373021315815206478e+00
1.335116235624909109e+01
1.058513485680245481e+01
8.136857890256438353e+00
1.117038385124011413e+01
1.281592373849173683e+01
9.965574970333758387e+00
9.373021315815206478e+00
1.377362305878664728e+01
1.040314189572019821e+01
1.236077446474206631e+01
1.271618740744904485e+01
1.320733953636073110e+01
1.167204486311898926e+01
1.286550196516137312e+01
1.246335526484300615e+01
1.377362305878664728e+01
9.373021315815206478e+00
8.136857890256438353e+00
9.373021315815206478e+00
1.156244577056221523e+01
8.136857890256438353e+00
