1.156244577056221523e+01
1.188821220645068522e+01
1.320733953636073110e+01
1.046415791390898242e+01
1.009253008808064145e+01
1.599753570059363028e+01
1.543035303761632804e+01
1.543035303761632804e+01
1.076405121554611632e+01
1.547155565579009817e+01
1.445030398768713376e+01
1.088169461344923583e+01
1.021790793990058255e+01
9.236181543108379799e+00
1.002925341359354938e+01
1.603728119216292924e+01
9.772050238058398008e+00
9.166995688475081394e+00
9.373021315815206478e+00
1.236077446474206631e+01
1.526443044094783019e+01
5.970821321441846408e+00
1.286550196516137312e+01
9.965574970333758387e+00
1.188821220645068522e+01
1.009253008808064145e+01
1.368087033328175828e+01
1.246335526484300615e+01
1.178062436274634450e+01
8.291859587312051971e+00
1.547155565579009817e+01
1.194164264288369282e+01
1.798340469329240676e+01
1.271618740744904485e+01
1.449429283826230197e+01
1.418350619798065715e+01
1.526443044094783019e+01
8.368283871884004910e+00
1.658371917462410394e+01
1.070474469691662733e+01
8.136857890256438353e+00
1.117038385124011413e+01
1.070474469691662733e+01
1.658371917462410394e+01
5.753627391751591880e+00
1.488434347843123184e+01
7.312732791431452384e+00
8.740387444736633427e+00
1.204779266504070279e+01
1.422831991532699902e+01
1.492705330360461602e+01
1.325545386523797831e+01
5.292567428401227403e+00
1.619528777809902209e+01
1.591774699517169012e+01
1.311058116710494836e+01
1.400281721259029588e+01
1.850679436136249834e+01
1.363425735166143049e+01
1.801877032173578996e+01
1.122723095552866468e+01
1.094004191971426110e+01
1.306193320280393344e+01
1.530607971465162365e+01
1.794796937867891984e+01
8.593479713983121826e+00
1.368087033328175828e+01
1.579730833933717626e+01
1.475547227809780537e+01
7.312732791431452384e+00
1.492705330360461602e+01
2.763953195770683990e+00
1.111324596323282954e+01
1.571650316319191809e+01
1.404820733880128181e+01
1.183454054540639433e+01
1.479855404066383784e+01
1.094004191971426110e+01
7.653039857325811823e+00
1.070474469691662733e+01
1.306193320280393344e+01
9.373021315815206478e+00
9.373021315815206478e+00
1.413855043925722121e+01
1.363425735166143049e+01
1.058513485680245481e+01
1.286550196516137312e+01
1.354055000514615159e+01
1.178062436274634450e+01
1.377362305878664728e+01
1.395727947504383337e+01
1.479855404066383784e+01
9.965574970333758387e+00
1.225733520300188317e+01
8.136857890256438353e+00
