1.064510777218481152e+01
8.136857890256438353e+00
8.136857890256438353e+00
5.753627391751591880e+00
8.291859587312051971e+00
1.009253008808064145e+01
1.076405121554611632e+01
1.058513485680245481e+01
8.136857890256438353e+00
7.136496464611084889e+00
1.178062436274634450e+01
7.484820637019110379e+00
1.276615297284584649e+01
1.064510777218481152e+01
8.136857890256438353e+00
1.099807968464679142e+01
8.884866446580955923e+00
1.344618962205996482e+01
7.046725639945927711e+00
1.301310337505149661e+01
9.965574970333758387e+00
9.706684619910241452e+00
1.052482020710848865e+01
5.753627391751591880e+00
9.373021315815206478e+00
1.009253008808064145e+01
1.339876023397903637e+01
9.901487006738307173e+00
9.901487006738307173e+00
1.009253008808064145e+01
1.139607097042601680e+01
9.965574970333758387e+00
1.246335526484300615e+01
1.046415791390898242e+01
9.836981518731869656e+00
8.667244841319218907e+00
1.111324596323282954e+01
7.225151993843566878e+00
1.009253008808064145e+01
1.088169461344923583e+01
1.156244577056221523e+01
1.122723095552866468e+01
9.373021315815206478e+00
7.569397566060480642e+00
8.136857890256438353e+00
1.325545386523797831e+01
8.136857890256438353e+00
1.105581278308273596e+01
6.180387232371033157e+00
1.094004191971426110e+01
1.311058116710494836e+01
1.058513485680245481e+01
8.444016491289504600e+00
5.292567428401227403e+00
5.292567428401227403e+00
9.373021315815206478e+00
1.021790793990058255e+01
1.266602473693425601e+01
6.863662517577697741e+00
9.097283682934460103e+00
8.740387444736633427e+00
7.653039857325811823e+00
1.058513485680245481e+01
9.373021315815206478e+00
1.296408962885714899e+01
5.753627391751591880e+00
1.009253008808064145e+01
9.965574970333758387e+00
9.236181543108379799e+00
1.296408962885714899e+01
6.282549314314217703e+00
8.444016491289504600e+00
8.884866446580955923e+00
1.128379167095512514e+01
1.178062436274634450e+01
7.653039857325811823e+00
8.136857890256438353e+00
7.484820637019110379e+00
7.312732791431452384e+00
7.225151993843566878e+00
7.898654169668588132e+00
1.204779266504070279e+01
1.178062436274634450e+01
1.111324596323282954e+01
8.740387444736633427e+00
1.204779266504070279e+01
7.046725639945927711e+00
1.236077446474206631e+01
1.261566261010080048e+01
8.740387444736633427e+00
1.117038385124011413e+01
8.136857890256438353e+00
1.501210842680413826e+01
8.740387444736633427e+00
5.753627391751591880e+00
6.282549314314217703e+00
6.579524642479540830e+00
9.373021315815206478e+00
1.261566261010080048e+01
8.812923024107547576e+00
1.335116235624909109e+01
1.058513485680245481e+01
9.507891862878782518e+00
1.172646028567007725e+01
1.117038385124011413e+01
7.978845608028653835e+00
9.373021315815206478e+00
1.325545386523797831e+01
1.236077446474206631e+01
8.593479713983121826e+00
7.046725639945927711e+00
1.291488987023529766e+01
1.266602473693425601e+01
8.136857890256438353e+00
8.136857890256438353e+00
1.225733520300188317e+01
9.027033336764100468e+00
6.383076486422923246e+00
6.383076486422923246e+00
8.136857890256438353e+00
7.817640190446718762e+00
1.111324596323282954e+01
8.444016491289504600e+00
1.172646028567007725e+01
9.507891862878782518e+00
1.094004191971426110e+01
1.178062436274634450e+01
1.204779266504070279e+01
1.034176589165282145e+01
8.740387444736633427e+00
1.117038385124011413e+01
1.128379167095512514e+01
3.568248232305542444e+00
4.222008245644752300e+00
9.166995688475081394e+00
5.046265044040320724e+00
9.507891862878782518e+00
1.296408962885714899e+01
9.507891862878782518e+00
1.178062436274634450e+01
1.215301555949299761e+01
1.236077446474206631e+01
7.046725639945927711e+00
5.970821321441846408e+00
1.117038385124011413e+01
1.188821220645068522e+01
5.641895835477562571e+00
1.161737456321036532e+01
1.236077446474206631e+01
9.166995688475081394e+00
8.136857890256438353e+00
9.772050238058398008e+00
8.740387444736633427e+00
8.740387444736633427e+00
6.180387232371033157e+00
4.652426491681278087e+00
