1.139607097042601680e+01
8.136857890256438353e+00
7.898654169668588132e+00
1.082303275961201905e+01
1.117038385124011413e+01
8.444016491289504600e+00
1.058513485680245481e+01
8.136857890256438353e+00
6.675581178124545545e+00
1.220528683538465842e+01
6.955796338302048021e+00
1.099807968464679142e+01
1.377362305878664728e+01
7.735777827895049086e+00
1.117038385124011413e+01
8.740387444736633427e+00
1.404820733880128181e+01
6.383076486422923246e+00
1.325545386523797831e+01
1.009253008808064145e+01
9.901487006738307173e+00
1.058513485680245481e+01
9.373021315815206478e+00
9.965574970333758387e+00
1.358748446131948917e+01
9.965574970333758387e+00
1.058513485680245481e+01
9.640875829802336483e+00
1.188821220645068522e+01
9.965574970333758387e+00
1.296408962885714899e+01
1.058513485680245481e+01
9.965574970333758387e+00
1.117038385124011413e+01
8.444016491289504600e+00
6.675581178124545545e+00
9.965574970333758387e+00
1.117038385124011413e+01
1.178062436274634450e+01
1.178062436274634450e+01
9.373021315815206478e+00
7.225151993843566878e+00
1.395727947504383337e+01
7.484820637019110379e+00
8.136857890256438353e+00
1.117038385124011413e+01
4.918490759365934828e+00
1.117038385124011413e+01
1.363425735166143049e+01
1.122723095552866468e+01
8.136857890256438353e+00
9.373021315815206478e+00
1.064510777218481152e+01
1.291488987023529766e+01
6.579524642479540830e+00
9.640875829802336483e+00
8.593479713983121826e+00
8.136857890256438353e+00
1.064510777218481152e+01
9.373021315815206478e+00
1.335116235624909109e+01
4.370193722368316713e+00
1.015541250385961369e+01
9.965574970333758387e+00
9.166995688475081394e+00
1.330339418036568588e+01
5.527906391541367981e+00
8.444016491289504600e+00
9.027033336764100468e+00
1.210051848659980855e+01
1.178062436274634450e+01
7.978845608028653835e+00
6.955796338302048021e+00
6.955796338302048021e+00
6.955796338302048021e+00
6.482044814428574497e+00
7.225151993843566878e+00
1.220528683538465842e+01
1.178062436274634450e+01
1.167204486311898926e+01
8.740387444736633427e+00
1.281592373849173683e+01
7.046725639945927711e+00
1.330339418036568588e+01
1.271618740744904485e+01
8.740387444736633427e+00
1.117038385124011413e+01
8.214724333230154940e+00
1.543035303761632804e+01
8.740387444736633427e+00
4.222008245644752300e+00
4.513516668382050234e+00
9.373021315815206478e+00
1.276615297284584649e+01
8.593479713983121826e+00
1.418350619798065715e+01
1.058513485680245481e+01
9.772050238058398008e+00
1.204779266504070279e+01
1.145179781116143225e+01
8.136857890256438353e+00
9.373021315815206478e+00
1.422831991532699902e+01
1.286550196516137312e+01
8.291859587312051971e+00
4.918490759365934828e+00
1.339876023397903637e+01
1.281592373849173683e+01
8.058239062071395509e+00
8.136857890256438353e+00
1.236077446474206631e+01
8.740387444736633427e+00
4.222008245644752300e+00
3.908820095223359381e+00
8.136857890256438353e+00
7.136496464611084889e+00
1.156244577056221523e+01
8.291859587312051971e+00
1.210051848659980855e+01
1.194164264288369282e+01
9.373021315815206478e+00
1.150725478350318376e+01
1.301310337505149661e+01
1.058513485680245481e+01
8.593479713983121826e+00
1.117038385124011413e+01
1.183454054540639433e+01
1.002925341359354938e+01
9.640875829802336483e+00
1.325545386523797831e+01
1.002925341359354938e+01
1.183454054540639433e+01
1.236077446474206631e+01
1.296408962885714899e+01
6.383076486422923246e+00
1.150725478350318376e+01
1.251433034574463399e+01
1.199483507827737583e+01
1.325545386523797831e+01
9.304852983362556174e+00
8.593479713983121826e+00
1.058513485680245481e+01
8.884866446580955923e+00
9.027033336764100468e+00
4.068428945128219176e+00
