1.167204486311898926e+01
7.312732791431452384e+00
5.753627391751591880e+00
1.150725478350318376e+01
1.167204486311898926e+01
8.667244841319218907e+00
1.058513485680245481e+01
7.225151993843566878e+00
1.256509862862843541e+01
4.222008245644752300e+00
1.105581278308273596e+01
1.204779266504070279e+01
1.422831991532699902e+01
2.256758334191025117e+00
7.399277020331918919e+00
8.214724333230154940e+00
1.427299292922216978e+01
5.753627391751591880e+00
1.354055000514615159e+01
5.170882945826410726e+00
1.070474469691662733e+01
1.052482020710848865e+01
1.058513485680245481e+01
9.507891862878782518e+00
1.009253008808064145e+01
1.391159267660409604e+01
9.965574970333758387e+00
1.058513485680245481e+01
9.574614729634383536e+00
1.215301555949299761e+01
9.772050238058398008e+00
1.335116235624909109e+01
1.099807968464679142e+01
9.965574970333758387e+00
1.117038385124011413e+01
8.136857890256438353e+00
9.965574970333758387e+00
4.787307364817191768e+00
1.161737456321036532e+01
1.178062436274634450e+01
1.178062436274634450e+01
9.373021315815206478e+00
7.569397566060480642e+00
1.427299292922216978e+01
5.641895835477562571e+00
7.653039857325811823e+00
1.117038385124011413e+01
1.475547227809780537e+01
1.134007028277388685e+01
1.256509862862843541e+01
7.653039857325811823e+00
9.166995688475081394e+00
1.117038385124011413e+01
1.335116235624909109e+01
5.527906391541367981e+00
9.373021315815206478e+00
7.569397566060480642e+00
7.817640190446718762e+00
1.105581278308273596e+01
1.413855043925722121e+01
9.507891862878782518e+00
1.058513485680245481e+01
9.965574970333758387e+00
9.373021315815206478e+00
1.449429283826230197e+01
8.812923024107547576e+00
9.236181543108379799e+00
1.339876023397903637e+01
1.178062436274634450e+01
5.970821321441846408e+00
7.484820637019110379e+00
4.513516668382050234e+00
5.411516379806009525e+00
1.236077446474206631e+01
3.191538243211461623e+00
1.256509862862843541e+01
1.236077446474206631e+01
9.027033336764100468e+00
1.381976597885341995e+01
6.383076486422923246e+00
1.427299292922216978e+01
1.281592373849173683e+01
8.136857890256438353e+00
1.117038385124011413e+01
7.569397566060480642e+00
1.611647812414279102e+01
8.444016491289504600e+00
9.373021315815206478e+00
1.286550196516137312e+01
8.136857890256438353e+00
1.509668435477122017e+01
1.058513485680245481e+01
9.965574970333758387e+00
1.241217083805063837e+01
1.210051848659980855e+01
6.863662517577697741e+00
9.373021315815206478e+00
1.530607971465162365e+01
1.330339418036568588e+01
7.735777827895049086e+00
1.440618081907316395e+01
1.320733953636073110e+01
7.225151993843566878e+00
8.291859587312051971e+00
1.315904928495908166e+01
8.740387444736633427e+00
7.978845608028653835e+00
4.787307364817191768e+00
1.145179781116143225e+01
7.735777827895049086e+00
1.199483507827737583e+01
1.281592373849173683e+01
1.194164264288369282e+01
9.373021315815206478e+00
1.325545386523797831e+01
1.058513485680245481e+01
8.136857890256438353e+00
1.117038385124011413e+01
1.276615297284584649e+01
9.965574970333758387e+00
9.373021315815206478e+00
1.377362305878664728e+01
1.034176589165282145e+01
1.236077446474206631e+01
1.271618740744904485e+01
1.320733953636073110e+01
1.161737456321036532e+01
1.286550196516137312e+01
1.236077446474206631e+01
1.372732503515539548e+01
9.373021315815206478e+00
8.136857890256438353e+00
9.373021315815206478e+00
1.150725478350318376e+01
8.136857890256438353e+00
