1.178062436274634450e+01
6.955796338302048021e+00
1.167204486311898926e+01
1.330339418036568588e+01
9.965574970333758387e+00
1.040314189572019821e+01
1.534761596392107741e+01
1.484151074652385738e+01
1.505445578434700415e+01
1.105581278308273596e+01
1.518078909665319287e+01
1.427299292922216978e+01
1.117038385124011413e+01
1.040314189572019821e+01
9.373021315815206478e+00
1.058513485680245481e+01
1.534761596392107741e+01
9.901487006738307173e+00
1.002925341359354938e+01
9.373021315815206478e+00
1.236077446474206631e+01
8.593479713983121826e+00
1.505445578434700415e+01
1.241217083805063837e+01
9.965574970333758387e+00
1.156244577056221523e+01
1.595769121605730811e+00
1.040314189572019821e+01
1.354055000514615159e+01
1.178062436274634450e+01
1.178062436274634450e+01
9.236181543108379799e+00
1.496964127403822076e+01
1.167204486311898926e+01
1.748077488947326685e+01
1.266602473693425601e+01
1.413855043925722121e+01
1.381976597885341995e+01
6.383076486422923246e+00
1.431752655671925822e+01
9.373021315815206478e+00
1.607692842495848140e+01
1.082303275961201905e+01
9.166995688475081394e+00
1.117038385124011413e+01
1.088169461344923583e+01
1.635176762293251684e+01
8.214724333230154940e+00
8.593479713983121826e+00
1.475547227809780537e+01
8.740387444736633427e+00
1.220528683538465842e+01
1.386575534383213970e+01
1.422831991532699902e+01
1.349345229721172146e+01
8.136857890256438353e+00
1.587770228520368221e+01
1.501210842680413826e+01
1.311058116710494836e+01
1.311058116710494836e+01
1.822952333923949553e+01
1.339876023397903637e+01
1.744431859350498826e+01
1.105581278308273596e+01
5.753627391751591880e+00
1.088169461344923583e+01
1.296408962885714899e+01
1.413855043925722121e+01
1.726088217525477830e+01
9.166995688475081394e+00
1.368087033328175828e+01
1.522266721510391640e+01
1.475547227809780537e+01
8.667244841319218907e+00
1.449429283826230197e+01
7.399277020331918919e+00
1.117038385124011413e+01
1.501210842680413826e+01
1.358748446131948917e+01
1.194164264288369282e+01
7.312732791431452384e+00
1.409345127989185542e+01
1.058513485680245481e+01
8.444016491289504600e+00
1.117038385124011413e+01
1.306193320280393344e+01
9.836981518731869656e+00
9.373021315815206478e+00
1.413855043925722121e+01
1.082303275961201905e+01
1.286550196516137312e+01
1.276615297284584649e+01
1.354055000514615159e+01
1.178062436274634450e+01
1.349345229721172146e+01
1.325545386523797831e+01
1.427299292922216978e+01
9.965574970333758387e+00
1.178062436274634450e+01
8.740387444736633427e+00
4.652426491681278087e+00
