1.156244577056221523e+01
3.385137501286537898e+00
1.188821220645068522e+01
1.325545386523797831e+01
1.046415791390898242e+01
1.009253008808064145e+01
1.623454913941802857e+01
1.551264883747923129e+01
1.547155565579009817e+01
1.070474469691662733e+01
1.555363345008750464e+01
1.445030398768713376e+01
1.076405121554611632e+01
1.009253008808064145e+01
9.166995688475081394e+00
1.002925341359354938e+01
1.623454913941802857e+01
9.574614729634383536e+00
9.166995688475081394e+00
9.373021315815206478e+00
1.236077446474206631e+01
1.526443044094783019e+01
5.527906391541367981e+00
1.286550196516137312e+01
9.965574970333758387e+00
1.210051848659980855e+01
1.002925341359354938e+01
1.368087033328175828e+01
1.256509862862843541e+01
1.178062436274634450e+01
7.978845608028653835e+00
1.551264883747923129e+01
1.199483507827737583e+01
1.801877032173578996e+01
1.276615297284584649e+01
1.449429283826230197e+01
1.418350619798065715e+01
1.534761596392107741e+01
8.136857890256438353e+00
1.666031874701878124e+01
1.070474469691662733e+01
8.136857890256438353e+00
1.139607097042601680e+01
1.070474469691662733e+01
1.658371917462410394e+01
5.292567428401227403e+00
1.488434347843123184e+01
7.225151993843566878e+00
8.740387444736633427e+00
1.204779266504070279e+01
1.427299292922216978e+01
1.505445578434700415e+01
1.320733953636073110e+01
4.513516668382050234e+00
1.619528777809902209e+01
1.591774699517169012e+01
1.306193320280393344e+01
1.413855043925722121e+01
1.857546544836034741e+01
1.368087033328175828e+01
1.815954410458608237e+01
1.122723095552866468e+01
1.094004191971426110e+01
1.315904928495908166e+01
1.534761596392107741e+01
1.801877032173578996e+01
8.444016491289504600e+00
1.368087033328175828e+01
1.583755632390385770e+01
1.475547227809780537e+01
7.046725639945927711e+00
1.505445578434700415e+01
1.111324596323282954e+01
1.579730833933717626e+01
1.404820733880128181e+01
1.183454054540639433e+01
1.501210842680413826e+01
1.094004191971426110e+01
7.484820637019110379e+00
1.070474469691662733e+01
1.306193320280393344e+01
9.373021315815206478e+00
9.373021315815206478e+00
1.413855043925722121e+01
1.368087033328175828e+01
1.052482020710848865e+01
1.286550196516137312e+01
1.354055000514615159e+01
1.178062436274634450e+01
1.386575534383213970e+01
1.400281721259029588e+01
1.484151074652385738e+01
9.965574970333758387e+00
1.230916348999737586e+01
8.136857890256438353e+00
