1.161737456321036532e+01
1.183454054540639433e+01
1.315904928495908166e+01
1.046415791390898242e+01
1.009253008808064145e+01
1.595769121605730767e+01
1.534761596392107741e+01
1.534761596392107741e+01
1.076405121554611632e+01
1.543035303761632804e+01
1.440618081907316395e+01
1.094004191971426110e+01
1.028002345391383443e+01
9.236181543108379799e+00
1.009253008808064145e+01
1.591774699517169012e+01
9.772050238058398008e+00
9.373021315815206478e+00
9.373021315815206478e+00
1.236077446474206631e+01
1.526443044094783019e+01
6.579524642479540830e+00
1.281592373849173683e+01
9.965574970333758387e+00
1.178062436274634450e+01
1.015541250385961369e+01
1.363425735166143049e+01
1.236077446474206631e+01
1.178062436274634450e+01
8.593479713983121826e+00
1.534761596392107741e+01
1.194164264288369282e+01
1.780552292517845459e+01
1.271618740744904485e+01
1.440618081907316395e+01
1.418350619798065715e+01
1.526443044094783019e+01
8.444016491289504600e+00
1.650676414605009157e+01
1.070474469691662733e+01
8.136857890256438353e+00
1.111324596323282954e+01
1.070474469691662733e+01
1.650676414605009157e+01
6.383076486422923246e+00
1.484151074652385738e+01
7.569397566060480642e+00
8.740387444736633427e+00
1.204779266504070279e+01
1.404820733880128181e+01
1.488434347843123184e+01
1.325545386523797831e+01
6.180387232371033157e+00
1.611647812414279102e+01
1.587770228520368221e+01
1.311058116710494836e+01
1.372732503515539548e+01
1.836868202552426155e+01
1.344618962205996482e+01
1.798340469329240676e+01
1.122723095552866468e+01
1.094004191971426110e+01
1.296408962885714899e+01
1.505445578434700415e+01
1.794796937867891984e+01
8.740387444736633427e+00
1.368087033328175828e+01
1.571650316319191809e+01
1.475547227809780537e+01
7.484820637019110379e+00
1.492705330360461602e+01
4.513516668382050234e+00
1.111324596323282954e+01
1.559451034962034477e+01
1.386575534383213970e+01
1.183454054540639433e+01
1.471226436021925466e+01
1.105581278308273596e+01
7.978845608028653835e+00
1.070474469691662733e+01
1.306193320280393344e+01
9.373021315815206478e+00
9.574614729634383536e+00
1.413855043925722121e+01
1.358748446131948917e+01
1.058513485680245481e+01
1.281592373849173683e+01
1.354055000514615159e+01
1.178062436274634450e+01
1.377362305878664728e+01
1.391159267660409604e+01
1.479855404066383784e+01
9.965574970333758387e+00
1.225733520300188317e+01
8.291859587312051971e+00
