1.156244577056221523e+01
1.183454054540639433e+01
1.315904928495908166e+01
1.046415791390898242e+01
1.009253008808064145e+01
1.599753570059363028e+01
1.538904010394216471e+01
1.538904010394216471e+01
1.076405121554611632e+01
1.547155565579009817e+01
1.440618081907316395e+01
1.094004191971426110e+01
1.028002345391383443e+01
9.236181543108379799e+00
1.009253008808064145e+01
1.595769121605730767e+01
9.772050238058398008e+00
9.166995688475081394e+00
9.373021315815206478e+00
1.236077446474206631e+01
1.526443044094783019e+01
6.383076486422923246e+00
1.281592373849173683e+01
9.965574970333758387e+00
1.178062436274634450e+01
1.015541250385961369e+01
1.363425735166143049e+01
1.236077446474206631e+01
1.178062436274634450e+01
8.368283871884004910e+00
1.538904010394216471e+01
1.194164264288369282e+01
1.787688803255549530e+01
1.271618740744904485e+01
1.445030398768713376e+01
1.418350619798065715e+01
1.526443044094783019e+01
8.444016491289504600e+00
1.654528640181426269e+01
1.070474469691662733e+01
8.136857890256438353e+00
1.111324596323282954e+01
1.070474469691662733e+01
1.654528640181426269e+01
5.753627391751591880e+00
1.484151074652385738e+01
7.484820637019110379e+00
8.740387444736633427e+00
1.204779266504070279e+01
1.418350619798065715e+01
1.488434347843123184e+01
1.325545386523797831e+01
5.970821321441846408e+00
1.611647812414279102e+01
1.591774699517169012e+01
1.311058116710494836e+01
1.391159267660409604e+01
1.840330728156092377e+01
1.354055000514615159e+01
1.798340469329240676e+01
1.122723095552866468e+01
1.094004191971426110e+01
1.296408962885714899e+01
1.509668435477122017e+01
1.794796937867891984e+01
8.593479713983121826e+00
1.368087033328175828e+01
1.575695754970980111e+01
1.475547227809780537e+01
7.484820637019110379e+00
1.492705330360461602e+01
3.908820095223359381e+00
1.111324596323282954e+01
1.567594437773643001e+01
1.404820733880128181e+01
1.183454054540639433e+01
1.479855404066383784e+01
1.105581278308273596e+01
7.817640190446718762e+00
1.070474469691662733e+01
1.306193320280393344e+01
9.373021315815206478e+00
9.507891862878782518e+00
1.413855043925722121e+01
1.358748446131948917e+01
1.058513485680245481e+01
1.286550196516137312e+01
1.354055000514615159e+01
1.178062436274634450e+01
1.377362305878664728e+01
1.395727947504383337e+01
1.479855404066383784e+01
9.965574970333758387e+00
1.225733520300188317e+01
8.214724333230154940e+00
