1.363425735166143049e+01
5.641895835477562571e+00
7.817640190446718762e+00
1.271618740744904485e+01
1.266602473693425601e+01
1.296408962885714899e+01
1.058513485680245481e+01
1.296408962885714899e+01
1.335116235624909109e+01
1.058513485680245481e+01
1.358748446131948917e+01
1.296408962885714899e+01
9.965574970333758387e+00
9.373021315815206478e+00
1.034176589165282145e+01
1.236077446474206631e+01
1.271618740744904485e+01
1.306193320280393344e+01
1.215301555949299761e+01
1.358748446131948917e+01
1.156244577056221523e+01
1.492705330360461602e+01
1.587770228520368221e+01
1.413855043925722121e+01
9.965574970333758387e+00
1.070474469691662733e+01
9.373021315815206478e+00
1.484151074652385738e+01
9.373021315815206478e+00
1.286550196516137312e+01
1.117038385124011413e+01
7.978845608028653835e+00
1.595769121605730767e+01
1.311058116710494836e+01
9.836981518731869656e+00
1.877997214831907158e+01
8.368283871884004910e+00
1.776973289316191185e+01
8.812923024107547576e+00
1.436192209445157708e+01
1.440618081907316395e+01
1.028002345391383443e+01
9.965574970333758387e+00
1.145179781116143225e+01
1.488434347843123184e+01
3.385137501286537898e+00
1.462546558286290477e+01
1.377362305878664728e+01
1.530607971465162365e+01
5.527906391541367981e+00
1.315904928495908166e+01
9.373021315815206478e+00
1.587770228520368221e+01
1.368087033328175828e+01
1.492705330360461602e+01
7.735777827895049086e+00
1.296408962885714899e+01
9.373021315815206478e+00
1.028002345391383443e+01
4.222008245644752300e+00
1.951149978540382790e+01
1.484151074652385738e+01
1.215301555949299761e+01
9.965574970333758387e+00
1.306193320280393344e+01
1.650676414605009157e+01
9.965574970333758387e+00
1.543035303761632804e+01
1.256509862862843541e+01
1.178062436274634450e+01
1.358748446131948917e+01
5.753627391751591880e+00
1.642944866646030988e+01
9.706684619910241452e+00
1.105581278308273596e+01
1.381976597885341995e+01
8.136857890256438353e+00
1.436192209445157708e+01
7.312732791431452384e+00
1.595769121605730767e+01
1.413855043925722121e+01
1.156244577056221523e+01
8.291859587312051971e+00
5.970821321441846408e+00
9.901487006738307173e+00
1.315904928495908166e+01
1.559451034962034477e+01
9.097283682934460103e+00
1.194164264288369282e+01
1.117038385124011413e+01
1.583755632390385770e+01
1.058513485680245481e+01
1.040314189572019821e+01
1.281592373849173683e+01
9.236181543108379799e+00
1.058513485680245481e+01
1.117038385124011413e+01
