1.178062436274634450e+01
9.373021315815206478e+00
9.373021315815206478e+00
1.167204486311898926e+01
1.145179781116143225e+01
8.291859587312051971e+00
1.046415791390898242e+01
1.111324596323282954e+01
1.236077446474206631e+01
6.955796338302048021e+00
1.220528683538465842e+01
1.058513485680245481e+01
1.215301555949299761e+01
1.161737456321036532e+01
9.373021315815206478e+00
8.740387444736633427e+00
5.863230142835038627e+00
9.373021315815206478e+00
6.076507779746498805e+00
9.027033336764100468e+00
1.178062436274634450e+01
1.210051848659980855e+01
1.178062436274634450e+01
1.178062436274634450e+01
1.296408962885714899e+01
7.225151993843566878e+00
1.094004191971426110e+01
1.386575534383213970e+01
7.046725639945927711e+00
1.377362305878664728e+01
1.230916348999737586e+01
9.640875829802336483e+00
8.593479713983121826e+00
1.058513485680245481e+01
9.166995688475081394e+00
8.740387444736633427e+00
6.675581178124545545e+00
1.271618740744904485e+01
9.965574970333758387e+00
1.236077446474206631e+01
1.009253008808064145e+01
1.021790793990058255e+01
8.136857890256438353e+00
1.128379167095512559e+00
1.395727947504383337e+01
1.156244577056221523e+01
7.653039857325811823e+00
1.058513485680245481e+01
9.965574970333758387e+00
1.595769121605730767e+01
9.373021315815206478e+00
1.431752655671925822e+01
1.358748446131948917e+01
1.395727947504383337e+01
1.058513485680245481e+01
1.058513485680245481e+01
1.117038385124011413e+01
9.373021315815206478e+00
1.395727947504383337e+01
1.117038385124011413e+01
8.136857890256438353e+00
8.136857890256438353e+00
1.368087033328175828e+01
1.306193320280393344e+01
1.301310337505149661e+01
8.368283871884004910e+00
9.373021315815206478e+00
1.320733953636073110e+01
1.236077446474206631e+01
5.170882945826410726e+00
4.370193722368316713e+00
1.344618962205996482e+01
9.304852983362556174e+00
7.312732791431452384e+00
5.970821321441846408e+00
1.161737456321036532e+01
7.569397566060480642e+00
9.965574970333758387e+00
8.593479713983121826e+00
1.117038385124011413e+01
3.908820095223359381e+00
1.400281721259029588e+01
1.575695754970980111e+01
1.076405121554611632e+01
1.058513485680245481e+01
1.230916348999737586e+01
5.170882945826410726e+00
1.358748446131948917e+01
8.740387444736633427e+00
9.373021315815206478e+00
1.427299292922216978e+01
1.236077446474206631e+01
1.183454054540639433e+01
9.236181543108379799e+00
1.210051848659980855e+01
1.505445578434700415e+01
2.256758334191025117e+00
1.058513485680245481e+01
1.105581278308273596e+01
1.271618740744904485e+01
9.373021315815206478e+00
8.884866446580955923e+00
1.330339418036568588e+01
1.236077446474206631e+01
1.286550196516137312e+01
4.918490759365934828e+00
8.884866446580955923e+00
8.214724333230154940e+00
1.150725478350318376e+01
9.373021315815206478e+00
8.884866446580955923e+00
9.373021315815206478e+00
7.653039857325811823e+00
1.156244577056221523e+01
7.653039857325811823e+00
1.178062436274634450e+01
9.373021315815206478e+00
1.117038385124011413e+01
4.787307364817191768e+00
1.058513485680245481e+01
1.427299292922216978e+01
9.965574970333758387e+00
1.002925341359354938e+01
1.150725478350318376e+01
8.884866446580955923e+00
8.444016491289504600e+00
8.291859587312051971e+00
6.955796338302048021e+00
1.058513485680245481e+01
1.111324596323282954e+01
5.641895835477562571e+00
