1.167204486311898926e+01
9.373021315815206478e+00
9.373021315815206478e+00
1.167204486311898926e+01
1.134007028277388685e+01
8.519075891779829490e+00
1.040314189572019821e+01
1.099807968464679142e+01
1.225733520300188317e+01
7.225151993843566878e+00
1.210051848659980855e+01
1.058513485680245481e+01
1.215301555949299761e+01
1.161737456321036532e+01
9.236181543108379799e+00
8.740387444736633427e+00
6.282549314314217703e+00
9.373021315815206478e+00
6.383076486422923246e+00
9.027033336764100468e+00
1.172646028567007725e+01
1.210051848659980855e+01
1.178062436274634450e+01
1.178062436274634450e+01
1.296408962885714899e+01
7.225151993843566878e+00
1.094004191971426110e+01
1.368087033328175828e+01
7.225151993843566878e+00
1.354055000514615159e+01
1.220528683538465842e+01
9.640875829802336483e+00
8.740387444736633427e+00
1.046415791390898242e+01
9.166995688475081394e+00
8.740387444736633427e+00
6.863662517577697741e+00
1.246335526484300615e+01
9.965574970333758387e+00
1.236077446474206631e+01
1.021790793990058255e+01
1.021790793990058255e+01
4.513516668382050234e+00
8.444016491289504600e+00
1.377362305878664728e+01
1.105581278308273596e+01
7.817640190446718762e+00
1.052482020710848865e+01
9.965574970333758387e+00
1.571650316319191809e+01
9.373021315815206478e+00
1.409345127989185542e+01
1.391159267660409604e+01
1.344618962205996482e+01
1.058513485680245481e+01
1.058513485680245481e+01
1.117038385124011413e+01
9.373021315815206478e+00
1.386575534383213970e+01
1.111324596323282954e+01
8.136857890256438353e+00
8.136857890256438353e+00
1.363425735166143049e+01
1.301310337505149661e+01
1.291488987023529766e+01
8.444016491289504600e+00
9.373021315815206478e+00
1.301310337505149661e+01
1.236077446474206631e+01
5.970821321441846408e+00
5.753627391751591880e+00
1.335116235624909109e+01
9.304852983362556174e+00
7.225151993843566878e+00
6.579524642479540830e+00
1.145179781116143225e+01
7.735777827895049086e+00
9.965574970333758387e+00
8.519075891779829490e+00
1.117038385124011413e+01
4.918490759365934828e+00
1.377362305878664728e+01
1.547155565579009817e+01
1.070474469691662733e+01
1.058513485680245481e+01
1.172646028567007725e+01
5.753627391751591880e+00
8.740387444736633427e+00
9.373021315815206478e+00
1.344618962205996482e+01
1.427299292922216978e+01
1.236077446474206631e+01
1.167204486311898926e+01
9.236181543108379799e+00
1.199483507827737583e+01
1.479855404066383784e+01
4.787307364817191768e+00
1.058513485680245481e+01
1.105581278308273596e+01
1.241217083805063837e+01
9.373021315815206478e+00
8.884866446580955923e+00
1.325545386523797831e+01
1.236077446474206631e+01
1.271618740744904485e+01
5.753627391751591880e+00
8.884866446580955923e+00
8.519075891779829490e+00
1.150725478350318376e+01
9.373021315815206478e+00
8.740387444736633427e+00
9.373021315815206478e+00
7.978845608028653835e+00
7.817640190446718762e+00
1.150725478350318376e+01
1.178062436274634450e+01
9.373021315815206478e+00
5.527906391541367981e+00
1.117038385124011413e+01
1.040314189572019821e+01
1.427299292922216978e+01
9.965574970333758387e+00
9.965574970333758387e+00
1.134007028277388685e+01
8.884866446580955923e+00
8.593479713983121826e+00
8.291859587312051971e+00
6.955796338302048021e+00
1.058513485680245481e+01
1.111324596323282954e+01
6.076507779746498805e+00
