1.256509862862843541e+01
9.027033336764100468e+00
9.373021315815206478e+00
1.178062436274634450e+01
1.178062436274634450e+01
7.898654169668588132e+00
1.058513485680245481e+01
1.199483507827737583e+01
1.291488987023529766e+01
1.311058116710494836e+01
1.058513485680245481e+01
1.271618740744904485e+01
1.236077446474206631e+01
9.373021315815206478e+00
7.653039857325811823e+00
9.507891862878782518e+00
1.009253008808064145e+01
1.204779266504070279e+01
1.236077446474206631e+01
1.210051848659980855e+01
1.178062436274634450e+01
1.296408962885714899e+01
1.105581278308273596e+01
4.222008245644752300e+00
1.449429283826230197e+01
1.492705330360461602e+01
1.954410047611679691e+00
1.296408962885714899e+01
9.901487006738307173e+00
8.214724333230154940e+00
1.058513485680245481e+01
9.640875829802336483e+00
7.484820637019110379e+00
1.320733953636073110e+01
9.965574970333758387e+00
1.261566261010080048e+01
2.256758334191025117e+00
1.009253008808064145e+01
1.046415791390898242e+01
6.180387232371033157e+00
1.427299292922216978e+01
1.225733520300188317e+01
1.046415791390898242e+01
5.411516379806009525e+00
9.965574970333758387e+00
1.692568750643268771e+01
9.373021315815206478e+00
1.505445578434700415e+01
1.400281721259029588e+01
1.413855043925722121e+01
1.058513485680245481e+01
1.058513485680245481e+01
1.117038385124011413e+01
9.097283682934460103e+00
1.418350619798065715e+01
1.236077446474206631e+01
1.377362305878664728e+01
7.569397566060480642e+00
7.569397566060480642e+00
1.377362305878664728e+01
1.315904928495908166e+01
7.225151993843566878e+00
9.965574970333758387e+00
1.462546558286290477e+01
1.230916348999737586e+01
1.381976597885341995e+01
9.373021315815206478e+00
5.970821321441846408e+00
1.251433034574463399e+01
1.021790793990058255e+01
3.908820095223359381e+00
8.291859587312051971e+00
1.082303275961201905e+01
1.427299292922216978e+01
1.707547527140466670e+01
1.194164264288369282e+01
1.058513485680245481e+01
1.296408962885714899e+01
1.427299292922216978e+01
8.291859587312051971e+00
9.373021315815206478e+00
1.453814859003845150e+01
1.236077446474206631e+01
1.194164264288369282e+01
9.236181543108379799e+00
1.246335526484300615e+01
1.538904010394216471e+01
1.021790793990058255e+01
1.117038385124011413e+01
1.330339418036568588e+01
9.373021315815206478e+00
1.368087033328175828e+01
8.136857890256438353e+00
1.311058116710494836e+01
1.391159267660409604e+01
8.740387444736633427e+00
7.898654169668588132e+00
1.167204486311898926e+01
9.373021315815206478e+00
8.740387444736633427e+00
9.373021315815206478e+00
6.863662517577697741e+00
1.178062436274634450e+01
4.787307364817191768e+00
1.220528683538465842e+01
9.507891862878782518e+00
1.128379167095512514e+01
1.117038385124011413e+01
1.453814859003845150e+01
1.009253008808064145e+01
1.058513485680245481e+01
1.178062436274634450e+01
9.373021315815206478e+00
7.817640190446718762e+00
8.136857890256438353e+00
1.058513485680245481e+01
1.117038385124011413e+01
