1.058513485680245481e+01
9.373021315815206478e+00
6.482044814428574497e+00
9.574614729634383536e+00
1.117038385124011413e+01
8.136857890256438353e+00
1.094004191971426110e+01
9.836981518731869656e+00
1.058513485680245481e+01
8.136857890256438353e+00
1.145179781116143225e+01
1.172646028567007725e+01
1.058513485680245481e+01
5.753627391751591880e+00
1.105581278308273596e+01
8.444016491289504600e+00
1.088169461344923583e+01
7.225151993843566878e+00
8.740387444736633427e+00
4.787307364817191768e+00
9.373021315815206478e+00
6.579524642479540830e+00
7.225151993843566878e+00
8.740387444736633427e+00
1.099807968464679142e+01
6.482044814428574497e+00
4.787307364817191768e+00
1.070474469691662733e+01
1.111324596323282954e+01
1.058513485680245481e+01
1.194164264288369282e+01
7.484820637019110379e+00
9.706684619910241452e+00
8.136857890256438353e+00
1.246335526484300615e+01
1.256509862862843541e+01
5.046265044040320724e+00
1.117038385124011413e+01
9.373021315815206478e+00
7.136496464611084889e+00
9.027033336764100468e+00
9.772050238058398008e+00
8.368283871884004910e+00
1.188821220645068522e+01
9.097283682934460103e+00
7.484820637019110379e+00
1.178062436274634450e+01
9.965574970333758387e+00
1.225733520300188317e+01
6.863662517577697741e+00
1.058513485680245481e+01
6.863662517577697741e+00
1.002925341359354938e+01
8.740387444736633427e+00
3.568248232305542444e+00
1.281592373849173683e+01
1.015541250385961369e+01
7.978845608028653835e+00
9.965574970333758387e+00
9.965574970333758387e+00
1.413855043925722121e+01
7.225151993843566878e+00
9.373021315815206478e+00
1.306193320280393344e+01
3.568248232305542444e+00
1.306193320280393344e+01
1.246335526484300615e+01
3.568248232305542444e+00
4.787307364817191768e+00
1.046415791390898242e+01
1.058513485680245481e+01
4.513516668382050234e+00
1.082303275961201905e+01
9.373021315815206478e+00
1.349345229721172146e+01
7.898654169668588132e+00
1.002925341359354938e+01
8.136857890256438353e+00
1.315904928495908166e+01
6.863662517577697741e+00
1.117038385124011413e+01
1.178062436274634450e+01
8.740387444736633427e+00
9.373021315815206478e+00
1.236077446474206631e+01
4.918490759365934828e+00
1.204779266504070279e+01
7.046725639945927711e+00
7.136496464611084889e+00
4.918490759365934828e+00
1.230916348999737586e+01
8.136857890256438353e+00
7.399277020331918919e+00
5.170882945826410726e+00
7.569397566060480642e+00
8.136857890256438353e+00
9.027033336764100468e+00
1.009253008808064145e+01
8.444016491289504600e+00
6.955796338302048021e+00
7.484820637019110379e+00
1.070474469691662733e+01
5.411516379806009525e+00
1.325545386523797831e+01
3.742410318509555189e+00
1.325545386523797831e+01
1.070474469691662733e+01
9.901487006738307173e+00
7.136496464611084889e+00
1.088169461344923583e+01
9.640875829802336483e+00
1.296408962885714899e+01
8.444016491289504600e+00
1.381976597885341995e+01
1.122723095552866468e+01
6.383076486422923246e+00
1.105581278308273596e+01
9.027033336764100468e+00
1.064510777218481152e+01
7.569397566060480642e+00
3.568248232305542444e+00
1.058513485680245481e+01
5.411516379806009525e+00
1.070474469691662733e+01
1.261566261010080048e+01
5.753627391751591880e+00
9.507891862878782518e+00
1.076405121554611632e+01
1.271618740744904485e+01
7.898654169668588132e+00
1.178062436274634450e+01
7.046725639945927711e+00
1.194164264288369282e+01
4.222008245644752300e+00
9.027033336764100468e+00
8.593479713983121826e+00
3.568248232305542444e+00
1.105581278308273596e+01
8.956231982162769611e+00
8.812923024107547576e+00
9.373021315815206478e+00
8.368283871884004910e+00
8.058239062071395509e+00
1.088169461344923583e+01
1.117038385124011413e+01
7.312732791431452384e+00
9.507891862878782518e+00
1.009253008808064145e+01
9.965574970333758387e+00
1.335116235624909109e+01
9.574614729634383536e+00
9.965574970333758387e+00
1.082303275961201905e+01
3.385137501286537898e+00
8.740387444736633427e+00
9.097283682934460103e+00
5.753627391751591880e+00
8.291859587312051971e+00
8.136857890256438353e+00
1.058513485680245481e+01
1.046415791390898242e+01
1.002925341359354938e+01
6.955796338302048021e+00
