1.335116235624909109e+01
7.978845608028653835e+00
8.519075891779829490e+00
1.236077446474206631e+01
1.230916348999737586e+01
1.058513485680245481e+01
1.230916348999737586e+01
1.291488987023529766e+01
1.335116235624909109e+01
1.058513485680245481e+01
1.335116235624909109e+01
1.286550196516137312e+01
9.901487006738307173e+00
9.373021315815206478e+00
1.034176589165282145e+01
1.236077446474206631e+01
1.256509862862843541e+01
1.291488987023529766e+01
1.204779266504070279e+01
1.368087033328175828e+01
1.156244577056221523e+01
1.484151074652385738e+01
1.547155565579009817e+01
1.404820733880128181e+01
9.965574970333758387e+00
1.117038385124011413e+01
9.373021315815206478e+00
1.471226436021925466e+01
9.772050238058398008e+00
1.271618740744904485e+01
1.111324596323282954e+01
9.166995688475081394e+00
1.505445578434700415e+01
1.281592373849173683e+01
1.009253008808064145e+01
1.840330728156092377e+01
9.236181543108379799e+00
1.692568750643268771e+01
9.373021315815206478e+00
1.436192209445157708e+01
1.413855043925722121e+01
1.034176589165282145e+01
1.028002345391383443e+01
1.117038385124011413e+01
1.484151074652385738e+01
7.225151993843566878e+00
1.418350619798065715e+01
1.377362305878664728e+01
1.445030398768713376e+01
6.675581178124545545e+00
1.315904928495908166e+01
9.772050238058398008e+00
1.547155565579009817e+01
1.296408962885714899e+01
1.471226436021925466e+01
9.027033336764100468e+00
1.281592373849173683e+01
9.772050238058398008e+00
7.225151993843566878e+00
1.052482020710848865e+01
1.874604263163041296e+01
1.471226436021925466e+01
1.215301555949299761e+01
1.002925341359354938e+01
1.306193320280393344e+01
1.547155565579009817e+01
9.574614729634383536e+00
4.918490759365934828e+00
1.518078909665319287e+01
1.236077446474206631e+01
1.194164264288369282e+01
1.286550196516137312e+01
7.817640190446718762e+00
1.607692842495848140e+01
1.002925341359354938e+01
1.105581278308273596e+01
1.339876023397903637e+01
8.593479713983121826e+00
1.427299292922216978e+01
8.136857890256438353e+00
1.395727947504383337e+01
1.522266721510391640e+01
6.770275002573075795e+00
1.156244577056221523e+01
9.027033336764100468e+00
7.653039857325811823e+00
9.772050238058398008e+00
1.271618740744904485e+01
1.431752655671925822e+01
9.373021315815206478e+00
1.194164264288369282e+01
1.117038385124011413e+01
1.543035303761632804e+01
1.058513485680245481e+01
1.058513485680245481e+01
1.246335526484300615e+01
9.373021315815206478e+00
1.058513485680245481e+01
4.513516668382050234e+00
1.117038385124011413e+01
