1.296408962885714899e+01
8.519075891779829490e+00
9.236181543108379799e+00
1.178062436274634450e+01
1.178062436274634450e+01
1.058513485680245481e+01
6.482044814428574497e+00
1.215301555949299761e+01
1.296408962885714899e+01
1.320733953636073110e+01
1.058513485680245481e+01
1.306193320280393344e+01
1.236077446474206631e+01
9.507891862878782518e+00
6.770275002573075795e+00
9.373021315815206478e+00
1.028002345391383443e+01
1.236077446474206631e+01
1.256509862862843541e+01
1.236077446474206631e+01
1.178062436274634450e+01
1.296408962885714899e+01
1.117038385124011413e+01
1.475547227809780537e+01
1.530607971465162365e+01
1.377362305878664728e+01
9.965574970333758387e+00
6.863662517577697741e+00
1.058513485680245481e+01
9.772050238058398008e+00
1.377362305878664728e+01
5.753627391751591880e+00
9.965574970333758387e+00
1.266602473693425601e+01
9.772050238058398008e+00
1.099807968464679142e+01
1.479855404066383784e+01
1.261566261010080048e+01
1.058513485680245481e+01
1.773387063078969206e+01
9.640875829802336483e+00
1.611647812414279102e+01
9.373021315815206478e+00
1.427299292922216978e+01
1.413855043925722121e+01
1.028002345391383443e+01
1.058513485680245481e+01
1.117038385124011413e+01
8.667244841319218907e+00
1.431752655671925822e+01
1.320733953636073110e+01
1.377362305878664728e+01
7.225151993843566878e+00
1.391159267660409604e+01
6.383076486422923246e+00
1.315904928495908166e+01
9.901487006738307173e+00
4.787307364817191768e+00
1.530607971465162365e+01
1.271618740744904485e+01
1.418350619798065715e+01
9.236181543108379799e+00
1.276615297284584649e+01
9.965574970333758387e+00
8.444016491289504600e+00
1.070474469691662733e+01
1.798340469329240676e+01
1.440618081907316395e+01
1.220528683538465842e+01
1.021790793990058255e+01
1.296408962885714899e+01
1.484151074652385738e+01
9.373021315815206478e+00
7.225151993843566878e+00
1.466892917224166482e+01
1.236077446474206631e+01
1.194164264288369282e+01
8.519075891779829490e+00
1.276615297284584649e+01
1.551264883747923129e+01
1.009253008808064145e+01
1.111324596323282954e+01
1.335116235624909109e+01
9.027033336764100468e+00
1.395727947504383337e+01
8.136857890256438353e+00
1.339876023397903637e+01
1.471226436021925466e+01
8.136857890256438353e+00
6.863662517577697741e+00
1.156244577056221523e+01
9.166995688475081394e+00
8.593479713983121826e+00
9.373021315815206478e+00
1.188821220645068522e+01
4.222008245644752300e+00
1.301310337505149661e+01
9.373021315815206478e+00
1.183454054540639433e+01
1.117038385124011413e+01
1.509668435477122017e+01
1.058513485680245481e+01
1.058513485680245481e+01
1.204779266504070279e+01
9.373021315815206478e+00
6.076507779746498805e+00
7.484820637019110379e+00
1.058513485680245481e+01
1.117038385124011413e+01
