1.167204486311898926e+01
9.373021315815206478e+00
9.373021315815206478e+00
1.167204486311898926e+01
1.139607097042601680e+01
8.444016491289504600e+00
1.046415791390898242e+01
1.099807968464679142e+01
1.225733520300188317e+01
7.136496464611084889e+00
1.215301555949299761e+01
1.058513485680245481e+01
1.215301555949299761e+01
1.161737456321036532e+01
9.236181543108379799e+00
8.740387444736633427e+00
6.180387232371033157e+00
9.373021315815206478e+00
6.383076486422923246e+00
9.027033336764100468e+00
1.178062436274634450e+01
1.210051848659980855e+01
1.178062436274634450e+01
1.178062436274634450e+01
1.296408962885714899e+01
7.225151993843566878e+00
1.094004191971426110e+01
1.386575534383213970e+01
7.225151993843566878e+00
1.368087033328175828e+01
1.225733520300188317e+01
9.640875829802336483e+00
8.593479713983121826e+00
1.058513485680245481e+01
9.166995688475081394e+00
8.740387444736633427e+00
6.675581178124545545e+00
1.256509862862843541e+01
9.965574970333758387e+00
1.236077446474206631e+01
1.021790793990058255e+01
1.021790793990058255e+01
3.908820095223359381e+00
8.291859587312051971e+00
1.377362305878664728e+01
1.145179781116143225e+01
7.735777827895049086e+00
1.058513485680245481e+01
9.965574970333758387e+00
1.591774699517169012e+01
9.373021315815206478e+00
1.427299292922216978e+01
1.391159267660409604e+01
1.344618962205996482e+01
1.058513485680245481e+01
1.058513485680245481e+01
1.117038385124011413e+01
9.373021315815206478e+00
1.391159267660409604e+01
1.117038385124011413e+01
8.136857890256438353e+00
8.136857890256438353e+00
1.368087033328175828e+01
1.301310337505149661e+01
1.296408962885714899e+01
8.444016491289504600e+00
9.373021315815206478e+00
1.306193320280393344e+01
1.236077446474206631e+01
5.863230142835038627e+00
4.918490759365934828e+00
1.335116235624909109e+01
9.304852983362556174e+00
7.225151993843566878e+00
6.282549314314217703e+00
1.150725478350318376e+01
7.735777827895049086e+00
9.965574970333758387e+00
8.593479713983121826e+00
1.117038385124011413e+01
4.370193722368316713e+00
1.391159267660409604e+01
1.563528038089343752e+01
1.070474469691662733e+01
1.058513485680245481e+01
1.188821220645068522e+01
5.753627391751591880e+00
8.740387444736633427e+00
9.373021315815206478e+00
1.354055000514615159e+01
1.427299292922216978e+01
1.236077446474206631e+01
1.167204486311898926e+01
9.236181543108379799e+00
1.210051848659980855e+01
1.492705330360461602e+01
3.908820095223359381e+00
1.058513485680245481e+01
1.105581278308273596e+01
1.256509862862843541e+01
9.373021315815206478e+00
8.884866446580955923e+00
1.330339418036568588e+01
1.236077446474206631e+01
1.281592373849173683e+01
5.527906391541367981e+00
8.884866446580955923e+00
8.368283871884004910e+00
1.150725478350318376e+01
9.373021315815206478e+00
8.884866446580955923e+00
9.373021315815206478e+00
7.817640190446718762e+00
1.150725478350318376e+01
7.735777827895049086e+00
1.178062436274634450e+01
9.373021315815206478e+00
5.046265044040320724e+00
1.117038385124011413e+01
1.058513485680245481e+01
1.427299292922216978e+01
9.965574970333758387e+00
9.965574970333758387e+00
1.139607097042601680e+01
8.884866446580955923e+00
8.444016491289504600e+00
8.291859587312051971e+00
6.955796338302048021e+00
1.058513485680245481e+01
1.111324596323282954e+01
5.970821321441846408e+00
