1.266602473693425601e+01
8.812923024107547576e+00
9.373021315815206478e+00
1.178062436274634450e+01
1.178062436274634450e+01
1.058513485680245481e+01
7.569397566060480642e+00
1.204779266504070279e+01
1.296408962885714899e+01
1.311058116710494836e+01
1.058513485680245481e+01
1.296408962885714899e+01
1.236077446474206631e+01
9.640875829802336483e+00
7.484820637019110379e+00
9.574614729634383536e+00
1.034176589165282145e+01
1.220528683538465842e+01
1.236077446474206631e+01
1.225733520300188317e+01
1.178062436274634450e+01
1.296408962885714899e+01
1.111324596323282954e+01
1.458187244392064308e+01
1.522266721510391640e+01
1.354055000514615159e+01
9.965574970333758387e+00
7.898654169668588132e+00
1.058513485680245481e+01
9.836981518731869656e+00
7.225151993843566878e+00
1.330339418036568588e+01
9.965574970333758387e+00
1.261566261010080048e+01
1.002925341359354938e+01
1.058513485680245481e+01
1.458187244392064308e+01
5.292567428401227403e+00
1.246335526484300615e+01
1.052482020710848865e+01
3.908820095223359381e+00
9.836981518731869656e+00
1.707547527140466670e+01
9.373021315815206478e+00
1.534761596392107741e+01
1.409345127989185542e+01
1.413855043925722121e+01
1.046415791390898242e+01
1.058513485680245481e+01
1.117038385124011413e+01
9.097283682934460103e+00
1.427299292922216978e+01
1.256509862862843541e+01
1.377362305878664728e+01
7.046725639945927711e+00
7.225151993843566878e+00
1.381976597885341995e+01
1.315904928495908166e+01
9.965574970333758387e+00
6.955796338302048021e+00
1.505445578434700415e+01
1.251433034574463399e+01
1.391159267660409604e+01
9.373021315815206478e+00
5.170882945826410726e+00
1.256509862862843541e+01
9.965574970333758387e+00
8.368283871884004910e+00
1.076405121554611632e+01
1.729772508200899850e+01
1.427299292922216978e+01
1.220528683538465842e+01
1.040314189572019821e+01
1.296408962885714899e+01
1.436192209445157708e+01
9.373021315815206478e+00
8.136857890256438353e+00
1.453814859003845150e+01
1.236077446474206631e+01
1.194164264288369282e+01
9.097283682934460103e+00
1.256509862862843541e+01
1.538904010394216471e+01
1.009253008808064145e+01
1.117038385124011413e+01
1.335116235624909109e+01
9.236181543108379799e+00
1.377362305878664728e+01
8.136857890256438353e+00
1.315904928495908166e+01
1.413855043925722121e+01
8.593479713983121826e+00
7.399277020331918919e+00
1.167204486311898926e+01
9.373021315815206478e+00
8.740387444736633427e+00
9.373021315815206478e+00
1.178062436274634450e+01
6.383076486422923246e+00
1.236077446474206631e+01
9.373021315815206478e+00
1.167204486311898926e+01
1.117038385124011413e+01
1.471226436021925466e+01
1.021790793990058255e+01
1.058513485680245481e+01
1.178062436274634450e+01
9.373021315815206478e+00
7.312732791431452384e+00
8.136857890256438353e+00
1.058513485680245481e+01
1.117038385124011413e+01
