1.105581278308273596e+01
9.373021315815206478e+00
5.411516379806009525e+00
9.640875829802336483e+00
1.134007028277388685e+01
8.368283871884004910e+00
1.117038385124011413e+01
1.021790793990058255e+01
1.058513485680245481e+01
1.204779266504070279e+01
8.136857890256438353e+00
1.178062436274634450e+01
1.058513485680245481e+01
2.256758334191025117e+00
1.139607097042601680e+01
8.519075891779829490e+00
1.105581278308273596e+01
8.593479713983121826e+00
6.675581178124545545e+00
9.373021315815206478e+00
6.863662517577697741e+00
5.753627391751591880e+00
8.740387444736633427e+00
1.117038385124011413e+01
5.527906391541367981e+00
1.156244577056221523e+01
1.150725478350318376e+01
1.167204486311898926e+01
1.276615297284584649e+01
7.399277020331918919e+00
1.070474469691662733e+01
8.058239062071395509e+00
1.286550196516137312e+01
1.271618740744904485e+01
1.139607097042601680e+01
9.507891862878782518e+00
6.076507779746498805e+00
8.740387444736633427e+00
9.965574970333758387e+00
8.740387444736633427e+00
8.884866446580955923e+00
6.863662517577697741e+00
1.204779266504070279e+01
9.965574970333758387e+00
1.236077446474206631e+01
5.527906391541367981e+00
1.058513485680245481e+01
6.579524642479540830e+00
9.965574970333758387e+00
8.740387444736633427e+00
1.363425735166143049e+01
1.058513485680245481e+01
7.653039857325811823e+00
1.034176589165282145e+01
9.965574970333758387e+00
1.475547227809780537e+01
6.282549314314217703e+00
9.574614729634383536e+00
1.354055000514615159e+01
1.349345229721172146e+01
1.320733953636073110e+01
1.058513485680245481e+01
1.058513485680245481e+01
1.117038385124011413e+01
9.373021315815206478e+00
1.386575534383213970e+01
8.368283871884004910e+00
1.070474469691662733e+01
8.444016491289504600e+00
1.330339418036568588e+01
1.194164264288369282e+01
5.753627391751591880e+00
1.246335526484300615e+01
8.740387444736633427e+00
9.373021315815206478e+00
1.236077446474206631e+01
1.236077446474206631e+01
6.955796338302048021e+00
6.579524642479540830e+00
1.325545386523797831e+01
8.740387444736633427e+00
7.653039857325811823e+00
7.225151993843566878e+00
3.191538243211461623e+00
8.136857890256438353e+00
1.070474469691662733e+01
9.574614729634383536e+00
8.519075891779829490e+00
1.105581278308273596e+01
6.955796338302048021e+00
5.753627391751591880e+00
1.339876023397903637e+01
1.395727947504383337e+01
1.064510777218481152e+01
1.064510777218481152e+01
1.150725478350318376e+01
6.770275002573075795e+00
8.740387444736633427e+00
9.640875829802336483e+00
1.325545386523797831e+01
1.404820733880128181e+01
1.188821220645068522e+01
4.513516668382050234e+00
1.117038385124011413e+01
9.236181543108379799e+00
1.150725478350318376e+01
7.046725639945927711e+00
1.058513485680245481e+01
1.377362305878664728e+01
1.094004191971426110e+01
5.170882945826410726e+00
9.373021315815206478e+00
1.172646028567007725e+01
1.311058116710494836e+01
8.368283871884004910e+00
1.194164264288369282e+01
6.863662517577697741e+00
1.220528683538465842e+01
9.027033336764100468e+00
8.740387444736633427e+00
1.145179781116143225e+01
9.373021315815206478e+00
8.740387444736633427e+00
9.373021315815206478e+00
8.136857890256438353e+00
8.136857890256438353e+00
1.117038385124011413e+01
1.150725478350318376e+01
9.507891862878782518e+00
6.955796338302048021e+00
1.094004191971426110e+01
9.965574970333758387e+00
1.404820733880128181e+01
9.965574970333758387e+00
9.965574970333758387e+00
1.117038385124011413e+01
8.812923024107547576e+00
8.956231982162769611e+00
8.291859587312051971e+00
7.978845608028653835e+00
1.058513485680245481e+01
1.070474469691662733e+01
7.046725639945927711e+00
