1.251433034574463399e+01
9.373021315815206478e+00
9.373021315815206478e+00
1.178062436274634450e+01
1.178062436274634450e+01
8.136857890256438353e+00
1.058513485680245481e+01
1.194164264288369282e+01
1.281592373849173683e+01
1.311058116710494836e+01
1.058513485680245481e+01
1.271618740744904485e+01
1.236077446474206631e+01
9.373021315815206478e+00
7.898654169668588132e+00
9.507891862878782518e+00
9.901487006738307173e+00
1.194164264288369282e+01
1.236077446474206631e+01
1.199483507827737583e+01
1.178062436274634450e+01
1.296408962885714899e+01
1.105581278308273596e+01
4.787307364817191768e+00
1.449429283826230197e+01
1.484151074652385738e+01
3.568248232305542444e+00
1.286550196516137312e+01
9.640875829802336483e+00
8.214724333230154940e+00
1.058513485680245481e+01
9.304852983362556174e+00
7.817640190446718762e+00
1.320733953636073110e+01
4.068428945128219176e+00
9.965574970333758387e+00
1.261566261010080048e+01
1.009253008808064145e+01
1.040314189572019821e+01
6.383076486422923246e+00
1.413855043925722121e+01
1.225733520300188317e+01
1.046415791390898242e+01
5.753627391751591880e+00
9.965574970333758387e+00
1.677456227108388731e+01
9.373021315815206478e+00
1.501210842680413826e+01
1.400281721259029588e+01
1.413855043925722121e+01
1.058513485680245481e+01
1.058513485680245481e+01
1.117038385124011413e+01
9.097283682934460103e+00
1.409345127989185542e+01
1.236077446474206631e+01
1.377362305878664728e+01
7.569397566060480642e+00
7.735777827895049086e+00
1.377362305878664728e+01
1.315904928495908166e+01
7.484820637019110379e+00
9.965574970333758387e+00
1.458187244392064308e+01
1.230916348999737586e+01
1.381976597885341995e+01
9.373021315815206478e+00
6.180387232371033157e+00
1.251433034574463399e+01
1.021790793990058255e+01
4.652426491681278087e+00
8.368283871884004910e+00
1.082303275961201905e+01
1.427299292922216978e+01
1.703815178355965898e+01
1.178062436274634450e+01
1.058513485680245481e+01
1.296408962885714899e+01
1.413855043925722121e+01
8.444016491289504600e+00
9.373021315815206478e+00
1.453814859003845150e+01
1.236077446474206631e+01
1.194164264288369282e+01
9.236181543108379799e+00
1.246335526484300615e+01
1.538904010394216471e+01
1.021790793990058255e+01
1.117038385124011413e+01
1.330339418036568588e+01
9.373021315815206478e+00
1.372732503515539548e+01
8.136857890256438353e+00
1.301310337505149661e+01
1.381976597885341995e+01
8.740387444736633427e+00
7.978845608028653835e+00
1.167204486311898926e+01
9.373021315815206478e+00
8.740387444736633427e+00
9.373021315815206478e+00
7.046725639945927711e+00
1.178062436274634450e+01
5.411516379806009525e+00
1.215301555949299761e+01
9.507891862878782518e+00
1.128379167095512514e+01
1.117038385124011413e+01
1.453814859003845150e+01
1.002925341359354938e+01
1.070474469691662733e+01
1.178062436274634450e+01
9.373021315815206478e+00
8.058239062071395509e+00
8.136857890256438353e+00
1.058513485680245481e+01
1.117038385124011413e+01
