1.246335526484300615e+01
9.373021315815206478e+00
9.373021315815206478e+00
1.178062436274634450e+01
1.178062436274634450e+01
8.136857890256438353e+00
1.058513485680245481e+01
1.188821220645068522e+01
1.266602473693425601e+01
1.315904928495908166e+01
3.385137501286537898e+00
1.058513485680245481e+01
1.256509862862843541e+01
1.236077446474206631e+01
9.373021315815206478e+00
8.136857890256438353e+00
9.373021315815206478e+00
9.772050238058398008e+00
1.194164264288369282e+01
1.236077446474206631e+01
1.183454054540639433e+01
1.178062436274634450e+01
1.296408962885714899e+01
5.527906391541367981e+00
1.105581278308273596e+01
1.445030398768713376e+01
1.479855404066383784e+01
5.170882945826410726e+00
1.286550196516137312e+01
9.640875829802336483e+00
8.136857890256438353e+00
1.058513485680245481e+01
9.027033336764100468e+00
8.136857890256438353e+00
1.311058116710494836e+01
4.918490759365934828e+00
9.965574970333758387e+00
1.256509862862843541e+01
1.009253008808064145e+01
1.021790793990058255e+01
7.046725639945927711e+00
1.413855043925722121e+01
1.225733520300188317e+01
6.076507779746498805e+00
1.046415791390898242e+01
9.965574970333758387e+00
1.658371917462410394e+01
9.373021315815206478e+00
1.479855404066383784e+01
1.386575534383213970e+01
1.404820733880128181e+01
1.058513485680245481e+01
1.058513485680245481e+01
1.117038385124011413e+01
9.236181543108379799e+00
1.404820733880128181e+01
1.220528683538465842e+01
7.898654169668588132e+00
1.377362305878664728e+01
7.817640190446718762e+00
1.377362305878664728e+01
1.315904928495908166e+01
7.898654169668588132e+00
9.901487006738307173e+00
1.418350619798065715e+01
1.236077446474206631e+01
1.381976597885341995e+01
9.373021315815206478e+00
6.675581178124545545e+00
1.241217083805063837e+01
1.028002345391383443e+01
6.076507779746498805e+00
8.593479713983121826e+00
1.082303275961201905e+01
1.422831991532699902e+01
1.692568750643268771e+01
1.139607097042601680e+01
1.058513485680245481e+01
1.296408962885714899e+01
1.404820733880128181e+01
8.667244841319218907e+00
9.373021315815206478e+00
1.436192209445157708e+01
1.236077446474206631e+01
1.188821220645068522e+01
9.236181543108379799e+00
1.236077446474206631e+01
1.538904010394216471e+01
1.052482020710848865e+01
1.117038385124011413e+01
1.330339418036568588e+01
9.373021315815206478e+00
1.363425735166143049e+01
8.444016491289504600e+00
1.291488987023529766e+01
1.372732503515539548e+01
8.884866446580955923e+00
8.136857890256438353e+00
1.167204486311898926e+01
9.373021315815206478e+00
8.884866446580955923e+00
9.373021315815206478e+00
7.399277020331918919e+00
1.178062436274634450e+01
5.753627391751591880e+00
1.194164264288369282e+01
9.440697438826296306e+00
1.117038385124011413e+01
1.111324596323282954e+01
1.453814859003845150e+01
9.965574970333758387e+00
1.058513485680245481e+01
1.178062436274634450e+01
9.236181543108379799e+00
8.136857890256438353e+00
8.291859587312051971e+00
1.064510777218481152e+01
3.191538243211461623e+00
1.117038385124011413e+01
