1.210051848659980855e+01
9.373021315815206478e+00
9.373021315815206478e+00
1.178062436274634450e+01
1.167204486311898926e+01
8.136857890256438353e+00
1.058513485680245481e+01
1.117038385124011413e+01
1.236077446474206631e+01
1.276615297284584649e+01
5.863230142835038627e+00
1.058513485680245481e+01
1.215301555949299761e+01
1.188821220645068522e+01
9.373021315815206478e+00
8.519075891779829490e+00
9.373021315815206478e+00
3.908820095223359381e+00
4.370193722368316713e+00
9.097283682934460103e+00
1.194164264288369282e+01
1.236077446474206631e+01
1.178062436274634450e+01
1.178062436274634450e+01
1.296408962885714899e+01
6.482044814428574497e+00
1.099807968464679142e+01
1.395727947504383337e+01
6.579524642479540830e+00
1.409345127989185542e+01
1.251433034574463399e+01
9.640875829802336483e+00
8.291859587312051971e+00
1.058513485680245481e+01
9.027033336764100468e+00
8.593479713983121826e+00
6.383076486422923246e+00
1.291488987023529766e+01
9.965574970333758387e+00
1.236077446474206631e+01
1.009253008808064145e+01
1.009253008808064145e+01
7.735777827895049086e+00
1.413855043925722121e+01
1.188821220645068522e+01
7.136496464611084889e+00
1.058513485680245481e+01
9.965574970333758387e+00
1.623454913941802857e+01
9.373021315815206478e+00
1.453814859003845150e+01
1.381976597885341995e+01
1.395727947504383337e+01
1.058513485680245481e+01
1.058513485680245481e+01
1.117038385124011413e+01
9.373021315815206478e+00
1.404820733880128181e+01
1.172646028567007725e+01
8.136857890256438353e+00
8.136857890256438353e+00
1.377362305878664728e+01
1.358748446131948917e+01
1.306193320280393344e+01
8.136857890256438353e+00
9.440697438826296306e+00
1.368087033328175828e+01
1.236077446474206631e+01
1.363425735166143049e+01
9.373021315815206478e+00
7.136496464611084889e+00
1.236077446474206631e+01
4.918490759365934828e+00
7.136496464611084889e+00
9.965574970333758387e+00
8.740387444736633427e+00
1.117038385124011413e+01
1.418350619798065715e+01
1.642944866646030988e+01
1.117038385124011413e+01
1.058513485680245481e+01
1.281592373849173683e+01
1.386575534383213970e+01
8.740387444736633427e+00
9.373021315815206478e+00
1.431752655671925822e+01
1.236077446474206631e+01
1.199483507827737583e+01
9.236181543108379799e+00
1.236077446474206631e+01
1.526443044094783019e+01
1.058513485680245481e+01
1.117038385124011413e+01
1.315904928495908166e+01
9.373021315815206478e+00
8.740387444736633427e+00
1.335116235624909109e+01
1.256509862862843541e+01
1.320733953636073110e+01
9.027033336764100468e+00
8.136857890256438353e+00
1.161737456321036532e+01
9.373021315815206478e+00
8.956231982162769611e+00
9.373021315815206478e+00
7.817640190446718762e+00
1.167204486311898926e+01
6.955796338302048021e+00
1.178062436274634450e+01
9.373021315815206478e+00
1.117038385124011413e+01
1.088169461344923583e+01
1.440618081907316395e+01
9.965574970333758387e+00
1.015541250385961369e+01
1.167204486311898926e+01
9.027033336764100468e+00
8.136857890256438353e+00
8.291859587312051971e+00
5.753627391751591880e+00
1.064510777218481152e+01
1.117038385124011413e+01
3.191538243211461623e+00
