1.188821220645068522e+01
9.373021315815206478e+00
9.373021315815206478e+00
1.178062436274634450e+01
1.156244577056221523e+01
8.136857890256438353e+00
1.052482020710848865e+01
1.117038385124011413e+01
1.236077446474206631e+01
1.246335526484300615e+01
6.482044814428574497e+00
1.058513485680245481e+01
1.215301555949299761e+01
1.178062436274634450e+01
9.373021315815206478e+00
8.740387444736633427e+00
5.170882945826410726e+00
9.373021315815206478e+00
5.292567428401227403e+00
9.027033336764100468e+00
1.188821220645068522e+01
1.220528683538465842e+01
1.178062436274634450e+01
1.178062436274634450e+01
1.296408962885714899e+01
6.955796338302048021e+00
1.094004191971426110e+01
1.395727947504383337e+01
6.863662517577697741e+00
1.400281721259029588e+01
1.241217083805063837e+01
9.640875829802336483e+00
8.444016491289504600e+00
1.058513485680245481e+01
9.027033336764100468e+00
8.740387444736633427e+00
6.383076486422923246e+00
1.291488987023529766e+01
9.965574970333758387e+00
1.236077446474206631e+01
1.009253008808064145e+01
1.021790793990058255e+01
7.978845608028653835e+00
1.409345127989185542e+01
1.167204486311898926e+01
7.484820637019110379e+00
1.058513485680245481e+01
9.965574970333758387e+00
1.607692842495848140e+01
9.373021315815206478e+00
1.440618081907316395e+01
1.372732503515539548e+01
1.395727947504383337e+01
1.058513485680245481e+01
1.058513485680245481e+01
1.117038385124011413e+01
9.373021315815206478e+00
1.404820733880128181e+01
1.128379167095512514e+01
8.136857890256438353e+00
8.136857890256438353e+00
1.372732503515539548e+01
1.325545386523797831e+01
1.306193320280393344e+01
8.136857890256438353e+00
9.373021315815206478e+00
1.349345229721172146e+01
1.236077446474206631e+01
4.222008245644752300e+00
1.358748446131948917e+01
9.373021315815206478e+00
7.046725639945927711e+00
1.204779266504070279e+01
5.753627391751591880e+00
7.225151993843566878e+00
9.965574970333758387e+00
8.593479713983121826e+00
1.117038385124011413e+01
1.409345127989185542e+01
1.599753570059363028e+01
1.105581278308273596e+01
1.058513485680245481e+01
1.281592373849173683e+01
4.222008245644752300e+00
1.377362305878664728e+01
8.740387444736633427e+00
9.373021315815206478e+00
1.427299292922216978e+01
1.236077446474206631e+01
1.194164264288369282e+01
9.236181543108379799e+00
1.230916348999737586e+01
1.513879513212096128e+01
1.058513485680245481e+01
1.105581278308273596e+01
1.311058116710494836e+01
9.373021315815206478e+00
8.740387444736633427e+00
1.335116235624909109e+01
1.236077446474206631e+01
1.306193320280393344e+01
3.908820095223359381e+00
8.884866446580955923e+00
8.136857890256438353e+00
1.156244577056221523e+01
9.373021315815206478e+00
8.884866446580955923e+00
9.373021315815206478e+00
7.569397566060480642e+00
1.167204486311898926e+01
7.225151993843566878e+00
1.178062436274634450e+01
9.373021315815206478e+00
1.117038385124011413e+01
3.568248232305542444e+00
1.058513485680245481e+01
1.427299292922216978e+01
9.965574970333758387e+00
1.002925341359354938e+01
1.161737456321036532e+01
8.884866446580955923e+00
8.214724333230154940e+00
8.291859587312051971e+00
6.482044814428574497e+00
1.058513485680245481e+01
1.117038385124011413e+01
4.652426491681278087e+00
