1.276615297284584649e+01
8.519075891779829490e+00
9.373021315815206478e+00
1.178062436274634450e+01
1.178062436274634450e+01
1.058513485680245481e+01
6.955796338302048021e+00
1.215301555949299761e+01
1.296408962885714899e+01
1.320733953636073110e+01
1.058513485680245481e+01
1.306193320280393344e+01
1.236077446474206631e+01
9.373021315815206478e+00
6.955796338302048021e+00
9.507891862878782518e+00
1.028002345391383443e+01
1.236077446474206631e+01
1.256509862862843541e+01
1.236077446474206631e+01
1.178062436274634450e+01
1.296408962885714899e+01
1.117038385124011413e+01
1.475547227809780537e+01
1.530607971465162365e+01
1.377362305878664728e+01
9.965574970333758387e+00
7.225151993843566878e+00
1.058513485680245481e+01
9.772050238058398008e+00
6.482044814428574497e+00
1.368087033328175828e+01
9.965574970333758387e+00
1.261566261010080048e+01
9.965574970333758387e+00
1.099807968464679142e+01
1.471226436021925466e+01
1.261566261010080048e+01
1.058513485680245481e+01
1.758969042850511855e+01
9.706684619910241452e+00
1.599753570059363028e+01
9.373021315815206478e+00
1.427299292922216978e+01
1.413855043925722121e+01
1.034176589165282145e+01
1.058513485680245481e+01
1.117038385124011413e+01
8.740387444736633427e+00
1.431752655671925822e+01
1.296408962885714899e+01
1.377362305878664728e+01
7.225151993843566878e+00
1.386575534383213970e+01
6.383076486422923246e+00
1.315904928495908166e+01
9.901487006738307173e+00
5.753627391751591880e+00
1.526443044094783019e+01
1.261566261010080048e+01
1.409345127989185542e+01
9.304852983362556174e+00
1.261566261010080048e+01
9.965574970333758387e+00
8.444016491289504600e+00
1.070474469691662733e+01
1.773387063078969206e+01
1.436192209445157708e+01
1.220528683538465842e+01
1.034176589165282145e+01
1.296408962885714899e+01
1.462546558286290477e+01
9.373021315815206478e+00
7.484820637019110379e+00
1.458187244392064308e+01
1.236077446474206631e+01
1.194164264288369282e+01
8.740387444736633427e+00
1.261566261010080048e+01
1.547155565579009817e+01
1.009253008808064145e+01
1.117038385124011413e+01
1.335116235624909109e+01
9.097283682934460103e+00
1.386575534383213970e+01
8.136857890256438353e+00
1.335116235624909109e+01
1.458187244392064308e+01
8.136857890256438353e+00
6.863662517577697741e+00
1.161737456321036532e+01
9.236181543108379799e+00
8.740387444736633427e+00
9.373021315815206478e+00
1.178062436274634450e+01
5.292567428401227403e+00
1.296408962885714899e+01
9.373021315815206478e+00
1.183454054540639433e+01
1.117038385124011413e+01
1.501210842680413826e+01
1.052482020710848865e+01
1.058513485680245481e+01
1.194164264288369282e+01
9.373021315815206478e+00
6.383076486422923246e+00
7.817640190446718762e+00
1.058513485680245481e+01
1.117038385124011413e+01
