1.094004191971426110e+01
9.373021315815206478e+00
5.753627391751591880e+00
9.640875829802336483e+00
1.117038385124011413e+01
8.214724333230154940e+00
1.111324596323282954e+01
1.009253008808064145e+01
1.058513485680245481e+01
1.188821220645068522e+01
8.136857890256438353e+00
1.161737456321036532e+01
1.058513485680245481e+01
4.513516668382050234e+00
1.117038385124011413e+01
8.444016491289504600e+00
1.105581278308273596e+01
7.136496464611084889e+00
8.593479713983121826e+00
9.373021315815206478e+00
6.076507779746498805e+00
7.046725639945927711e+00
8.740387444736633427e+00
1.117038385124011413e+01
5.753627391751591880e+00
1.122723095552866468e+01
1.139607097042601680e+01
1.145179781116143225e+01
1.251433034574463399e+01
7.312732791431452384e+00
1.046415791390898242e+01
8.136857890256438353e+00
1.266602473693425601e+01
1.271618740744904485e+01
2.256758334191025117e+00
1.128379167095512514e+01
9.507891862878782518e+00
6.482044814428574497e+00
8.884866446580955923e+00
9.836981518731869656e+00
8.593479713983121826e+00
1.251433034574463399e+01
9.166995688475081394e+00
7.046725639945927711e+00
1.194164264288369282e+01
9.965574970333758387e+00
1.236077446474206631e+01
6.076507779746498805e+00
1.058513485680245481e+01
6.863662517577697741e+00
9.965574970333758387e+00
8.740387444736633427e+00
1.358748446131948917e+01
1.058513485680245481e+01
7.735777827895049086e+00
1.028002345391383443e+01
9.965574970333758387e+00
1.445030398768713376e+01
6.675581178124545545e+00
9.574614729634383536e+00
1.325545386523797831e+01
1.330339418036568588e+01
1.311058116710494836e+01
1.058513485680245481e+01
1.058513485680245481e+01
1.117038385124011413e+01
9.507891862878782518e+00
1.372732503515539548e+01
7.898654169668588132e+00
1.046415791390898242e+01
8.214724333230154940e+00
1.325545386523797831e+01
1.156244577056221523e+01
6.076507779746498805e+00
1.220528683538465842e+01
8.740387444736633427e+00
9.373021315815206478e+00
1.236077446474206631e+01
3.568248232305542444e+00
1.225733520300188317e+01
7.046725639945927711e+00
6.955796338302048021e+00
1.291488987023529766e+01
8.444016491289504600e+00
1.595769121605730811e+00
7.312732791431452384e+00
7.225151993843566878e+00
4.513516668382050234e+00
8.136857890256438353e+00
1.058513485680245481e+01
9.440697438826296306e+00
8.444016491289504600e+00
1.088169461344923583e+01
6.076507779746498805e+00
6.955796338302048021e+00
3.385137501286537898e+00
1.335116235624909109e+01
1.377362305878664728e+01
1.058513485680245481e+01
1.034176589165282145e+01
1.128379167095512514e+01
6.863662517577697741e+00
8.740387444736633427e+00
9.640875829802336483e+00
1.315904928495908166e+01
1.404820733880128181e+01
1.188821220645068522e+01
5.641895835477562571e+00
1.117038385124011413e+01
9.236181543108379799e+00
1.134007028277388685e+01
7.312732791431452384e+00
1.058513485680245481e+01
1.088169461344923583e+01
1.330339418036568588e+01
2.985410660720923204e+00
5.411516379806009525e+00
9.507891862878782518e+00
1.122723095552866468e+01
1.306193320280393344e+01
8.214724333230154940e+00
1.178062436274634450e+01
7.046725639945927711e+00
1.210051848659980855e+01
9.027033336764100468e+00
8.740387444736633427e+00
1.134007028277388685e+01
9.373021315815206478e+00
8.740387444736633427e+00
9.373021315815206478e+00
8.444016491289504600e+00
8.136857890256438353e+00
1.117038385124011413e+01
1.145179781116143225e+01
9.507891862878782518e+00
6.955796338302048021e+00
1.052482020710848865e+01
9.965574970333758387e+00
1.377362305878664728e+01
9.965574970333758387e+00
9.965574970333758387e+00
1.105581278308273596e+01
8.812923024107547576e+00
9.097283682934460103e+00
4.513516668382050234e+00
8.291859587312051971e+00
8.136857890256438353e+00
1.058513485680245481e+01
1.058513485680245481e+01
6.955796338302048021e+00
