1.230916348999737586e+01
9.373021315815206478e+00
9.373021315815206478e+00
1.178062436274634450e+01
1.178062436274634450e+01
8.136857890256438353e+00
1.058513485680245481e+01
1.161737456321036532e+01
1.266602473693425601e+01
1.311058116710494836e+01
5.170882945826410726e+00
1.058513485680245481e+01
1.230916348999737586e+01
1.230916348999737586e+01
9.373021315815206478e+00
8.291859587312051971e+00
9.373021315815206478e+00
9.507891862878782518e+00
1.194164264288369282e+01
1.236077446474206631e+01
1.178062436274634450e+01
1.178062436274634450e+01
1.296408962885714899e+01
6.076507779746498805e+00
1.105581278308273596e+01
1.436192209445157708e+01
1.453814859003845150e+01
5.753627391751591880e+00
1.281592373849173683e+01
9.640875829802336483e+00
8.291859587312051971e+00
1.058513485680245481e+01
9.027033336764100468e+00
8.291859587312051971e+00
5.863230142835038627e+00
1.291488987023529766e+01
9.965574970333758387e+00
1.251433034574463399e+01
1.009253008808064145e+01
1.009253008808064145e+01
7.312732791431452384e+00
1.413855043925722121e+01
1.204779266504070279e+01
6.770275002573075795e+00
1.052482020710848865e+01
9.965574970333758387e+00
1.646815177937675045e+01
9.373021315815206478e+00
1.475547227809780537e+01
1.386575534383213970e+01
1.395727947504383337e+01
1.058513485680245481e+01
1.058513485680245481e+01
1.117038385124011413e+01
9.236181543108379799e+00
1.404820733880128181e+01
1.210051848659980855e+01
7.978845608028653835e+00
1.377362305878664728e+01
7.898654169668588132e+00
1.368087033328175828e+01
1.315904928495908166e+01
8.058239062071395509e+00
9.640875829802336483e+00
1.381976597885341995e+01
1.236077446474206631e+01
1.368087033328175828e+01
9.373021315815206478e+00
6.955796338302048021e+00
1.246335526484300615e+01
2.985410660720923204e+00
1.009253008808064145e+01
6.579524642479540830e+00
8.593479713983121826e+00
1.094004191971426110e+01
1.422831991532699902e+01
1.677456227108388731e+01
1.117038385124011413e+01
1.058513485680245481e+01
1.296408962885714899e+01
1.391159267660409604e+01
8.740387444736633427e+00
9.373021315815206478e+00
1.436192209445157708e+01
1.236077446474206631e+01
1.199483507827737583e+01
9.236181543108379799e+00
1.225733520300188317e+01
1.538904010394216471e+01
1.058513485680245481e+01
1.117038385124011413e+01
1.330339418036568588e+01
9.373021315815206478e+00
8.593479713983121826e+00
1.349345229721172146e+01
1.271618740744904485e+01
1.354055000514615159e+01
9.027033336764100468e+00
8.136857890256438353e+00
1.167204486311898926e+01
9.373021315815206478e+00
8.884866446580955923e+00
9.373021315815206478e+00
7.399277020331918919e+00
1.178062436274634450e+01
6.482044814428574497e+00
1.183454054540639433e+01
9.373021315815206478e+00
1.117038385124011413e+01
1.099807968464679142e+01
1.453814859003845150e+01
9.965574970333758387e+00
1.046415791390898242e+01
1.178062436274634450e+01
9.236181543108379799e+00
8.136857890256438353e+00
8.291859587312051971e+00
4.652426491681278087e+00
1.064510777218481152e+01
1.117038385124011413e+01
