1.354055000514615159e+01
7.399277020331918919e+00
8.291859587312051971e+00
1.246335526484300615e+01
1.256509862862843541e+01
1.058513485680245481e+01
1.251433034574463399e+01
1.291488987023529766e+01
1.335116235624909109e+01
1.058513485680245481e+01
1.339876023397903637e+01
1.286550196516137312e+01
9.965574970333758387e+00
9.373021315815206478e+00
1.034176589165282145e+01
1.236077446474206631e+01
1.256509862862843541e+01
1.306193320280393344e+01
1.210051848659980855e+01
1.354055000514615159e+01
1.156244577056221523e+01
1.488434347843123184e+01
1.551264883747923129e+01
1.413855043925722121e+01
9.965574970333758387e+00
1.117038385124011413e+01
9.373021315815206478e+00
1.484151074652385738e+01
9.772050238058398008e+00
1.276615297284584649e+01
1.111324596323282954e+01
9.097283682934460103e+00
1.547155565579009817e+01
1.306193320280393344e+01
1.009253008808064145e+01
1.854116169711310036e+01
9.166995688475081394e+00
1.700074635581867355e+01
8.812923024107547576e+00
1.436192209445157708e+01
1.427299292922216978e+01
1.034176589165282145e+01
1.021790793990058255e+01
1.117038385124011413e+01
1.488434347843123184e+01
6.675581178124545545e+00
1.440618081907316395e+01
1.377362305878664728e+01
1.466892917224166482e+01
6.180387232371033157e+00
1.315904928495908166e+01
9.574614729634383536e+00
1.551264883747923129e+01
1.311058116710494836e+01
1.471226436021925466e+01
8.667244841319218907e+00
1.286550196516137312e+01
9.772050238058398008e+00
6.770275002573075795e+00
1.034176589165282145e+01
1.881384047546846006e+01
1.479855404066383784e+01
1.215301555949299761e+01
1.002925341359354938e+01
1.306193320280393344e+01
1.603728119216292924e+01
9.965574970333758387e+00
1.522266721510391640e+01
1.241217083805063837e+01
1.178062436274634450e+01
1.286550196516137312e+01
7.225151993843566878e+00
1.615593100600235843e+01
9.965574970333758387e+00
1.105581278308273596e+01
1.354055000514615159e+01
8.444016491289504600e+00
1.431752655671925822e+01
8.136857890256438353e+00
1.395727947504383337e+01
1.538904010394216471e+01
5.753627391751591880e+00
1.156244577056221523e+01
8.740387444736633427e+00
7.225151993843566878e+00
9.836981518731869656e+00
1.301310337505149661e+01
1.466892917224166482e+01
9.373021315815206478e+00
1.194164264288369282e+01
1.117038385124011413e+01
1.547155565579009817e+01
1.058513485680245481e+01
1.046415791390898242e+01
1.266602473693425601e+01
9.373021315815206478e+00
1.058513485680245481e+01
1.117038385124011413e+01
