1.276615297284584649e+01
8.812923024107547576e+00
9.373021315815206478e+00
1.178062436274634450e+01
1.178062436274634450e+01
1.058513485680245481e+01
7.312732791431452384e+00
1.204779266504070279e+01
1.296408962885714899e+01
1.315904928495908166e+01
1.058513485680245481e+01
1.296408962885714899e+01
1.236077446474206631e+01
9.640875829802336483e+00
7.484820637019110379e+00
9.574614729634383536e+00
1.034176589165282145e+01
1.230916348999737586e+01
1.236077446474206631e+01
1.225733520300188317e+01
1.178062436274634450e+01
1.296408962885714899e+01
1.117038385124011413e+01
1.458187244392064308e+01
1.530607971465162365e+01
1.358748446131948917e+01
9.965574970333758387e+00
7.653039857325811823e+00
1.058513485680245481e+01
9.836981518731869656e+00
7.225151993843566878e+00
1.339876023397903637e+01
9.965574970333758387e+00
1.261566261010080048e+01
9.965574970333758387e+00
1.064510777218481152e+01
1.458187244392064308e+01
4.918490759365934828e+00
1.256509862862843541e+01
1.052482020710848865e+01
2.523132522020160362e+00
9.836981518731869656e+00
1.707547527140466670e+01
9.373021315815206478e+00
1.543035303761632804e+01
1.413855043925722121e+01
1.413855043925722121e+01
1.046415791390898242e+01
1.058513485680245481e+01
1.117038385124011413e+01
9.097283682934460103e+00
1.431752655671925822e+01
1.266602473693425601e+01
1.377362305878664728e+01
7.046725639945927711e+00
7.312732791431452384e+00
1.381976597885341995e+01
1.315904928495908166e+01
9.965574970333758387e+00
6.770275002573075795e+00
1.509668435477122017e+01
1.246335526484300615e+01
1.391159267660409604e+01
9.373021315815206478e+00
4.787307364817191768e+00
1.261566261010080048e+01
9.965574970333758387e+00
8.368283871884004910e+00
1.070474469691662733e+01
1.740778594902202769e+01
1.427299292922216978e+01
1.215301555949299761e+01
1.040314189572019821e+01
1.296408962885714899e+01
1.436192209445157708e+01
9.373021315815206478e+00
8.058239062071395509e+00
1.453814859003845150e+01
1.236077446474206631e+01
1.194164264288369282e+01
9.097283682934460103e+00
1.261566261010080048e+01
1.543035303761632804e+01
1.009253008808064145e+01
1.117038385124011413e+01
1.335116235624909109e+01
9.236181543108379799e+00
1.381976597885341995e+01
8.136857890256438353e+00
1.315904928495908166e+01
1.436192209445157708e+01
8.593479713983121826e+00
7.399277020331918919e+00
1.167204486311898926e+01
9.373021315815206478e+00
8.740387444736633427e+00
9.373021315815206478e+00
1.178062436274634450e+01
6.282549314314217703e+00
1.236077446474206631e+01
9.373021315815206478e+00
1.183454054540639433e+01
1.117038385124011413e+01
1.475547227809780537e+01
1.034176589165282145e+01
1.058513485680245481e+01
1.178062436274634450e+01
9.373021315815206478e+00
7.225151993843566878e+00
8.136857890256438353e+00
1.058513485680245481e+01
1.117038385124011413e+01
