1.246335526484300615e+01
9.373021315815206478e+00
9.373021315815206478e+00
1.178062436274634450e+01
1.178062436274634450e+01
8.136857890256438353e+00
1.058513485680245481e+01
1.194164264288369282e+01
1.276615297284584649e+01
1.315904928495908166e+01
1.058513485680245481e+01
1.266602473693425601e+01
1.236077446474206631e+01
9.373021315815206478e+00
8.136857890256438353e+00
9.507891862878782518e+00
9.836981518731869656e+00
1.194164264288369282e+01
1.236077446474206631e+01
1.194164264288369282e+01
1.178062436274634450e+01
1.296408962885714899e+01
5.046265044040320724e+00
1.105581278308273596e+01
1.449429283826230197e+01
1.475547227809780537e+01
4.513516668382050234e+00
1.286550196516137312e+01
9.640875829802336483e+00
8.136857890256438353e+00
1.058513485680245481e+01
9.027033336764100468e+00
7.978845608028653835e+00
1.315904928495908166e+01
4.652426491681278087e+00
9.965574970333758387e+00
1.261566261010080048e+01
1.009253008808064145e+01
1.034176589165282145e+01
6.770275002573075795e+00
1.413855043925722121e+01
1.225733520300188317e+01
6.076507779746498805e+00
1.046415791390898242e+01
9.965574970333758387e+00
1.673656774376800982e+01
9.373021315815206478e+00
1.492705330360461602e+01
1.391159267660409604e+01
1.404820733880128181e+01
1.058513485680245481e+01
1.058513485680245481e+01
1.117038385124011413e+01
9.097283682934460103e+00
1.404820733880128181e+01
1.236077446474206631e+01
1.377362305878664728e+01
7.817640190446718762e+00
7.735777827895049086e+00
1.377362305878664728e+01
1.315904928495908166e+01
7.735777827895049086e+00
9.901487006738307173e+00
1.440618081907316395e+01
1.236077446474206631e+01
1.381976597885341995e+01
9.373021315815206478e+00
6.383076486422923246e+00
1.251433034574463399e+01
1.028002345391383443e+01
5.411516379806009525e+00
8.593479713983121826e+00
1.082303275961201905e+01
1.427299292922216978e+01
1.703815178355965898e+01
1.161737456321036532e+01
1.058513485680245481e+01
1.296408962885714899e+01
1.404820733880128181e+01
8.519075891779829490e+00
9.373021315815206478e+00
1.453814859003845150e+01
1.236077446474206631e+01
1.188821220645068522e+01
9.236181543108379799e+00
1.241217083805063837e+01
1.538904010394216471e+01
1.028002345391383443e+01
1.117038385124011413e+01
1.330339418036568588e+01
9.373021315815206478e+00
1.363425735166143049e+01
8.444016491289504600e+00
1.301310337505149661e+01
1.377362305878664728e+01
8.884866446580955923e+00
8.058239062071395509e+00
1.167204486311898926e+01
9.373021315815206478e+00
8.740387444736633427e+00
9.373021315815206478e+00
7.136496464611084889e+00
1.178062436274634450e+01
5.753627391751591880e+00
1.210051848659980855e+01
9.507891862878782518e+00
1.128379167095512514e+01
1.117038385124011413e+01
1.453814859003845150e+01
9.965574970333758387e+00
1.070474469691662733e+01
1.178062436274634450e+01
9.373021315815206478e+00
8.136857890256438353e+00
8.291859587312051971e+00
1.058513485680245481e+01
1.117038385124011413e+01
