1.220528683538465842e+01
9.373021315815206478e+00
9.373021315815206478e+00
1.178062436274634450e+01
1.178062436274634450e+01
8.136857890256438353e+00
1.058513485680245481e+01
1.117038385124011413e+01
1.251433034574463399e+01
1.281592373849173683e+01
5.753627391751591880e+00
1.058513485680245481e+01
1.220528683538465842e+01
1.188821220645068522e+01
9.373021315815206478e+00
8.444016491289504600e+00
9.373021315815206478e+00
3.385137501286537898e+00
4.068428945128219176e+00
9.166995688475081394e+00
1.194164264288369282e+01
1.236077446474206631e+01
1.178062436274634450e+01
1.178062436274634450e+01
1.296408962885714899e+01
6.282549314314217703e+00
1.099807968464679142e+01
1.404820733880128181e+01
6.383076486422923246e+00
1.422831991532699902e+01
1.251433034574463399e+01
9.640875829802336483e+00
8.291859587312051971e+00
1.058513485680245481e+01
9.027033336764100468e+00
8.593479713983121826e+00
6.383076486422923246e+00
1.291488987023529766e+01
9.965574970333758387e+00
1.236077446474206631e+01
1.009253008808064145e+01
1.009253008808064145e+01
7.569397566060480642e+00
1.413855043925722121e+01
1.194164264288369282e+01
7.046725639945927711e+00
1.058513485680245481e+01
9.965574970333758387e+00
1.627371578051287671e+01
9.373021315815206478e+00
1.458187244392064308e+01
1.386575534383213970e+01
1.395727947504383337e+01
1.058513485680245481e+01
1.058513485680245481e+01
1.117038385124011413e+01
9.373021315815206478e+00
1.404820733880128181e+01
1.194164264288369282e+01
8.136857890256438353e+00
8.136857890256438353e+00
1.377362305878664728e+01
1.363425735166143049e+01
1.306193320280393344e+01
8.136857890256438353e+00
9.574614729634383536e+00
1.368087033328175828e+01
1.236077446474206631e+01
1.368087033328175828e+01
9.373021315815206478e+00
7.136496464611084889e+00
1.236077446474206631e+01
4.513516668382050234e+00
6.863662517577697741e+00
9.965574970333758387e+00
8.740387444736633427e+00
1.111324596323282954e+01
1.418350619798065715e+01
1.654528640181426269e+01
1.117038385124011413e+01
1.058513485680245481e+01
1.296408962885714899e+01
1.386575534383213970e+01
8.740387444736633427e+00
9.373021315815206478e+00
1.431752655671925822e+01
1.236077446474206631e+01
1.199483507827737583e+01
9.236181543108379799e+00
1.230916348999737586e+01
1.530607971465162365e+01
1.058513485680245481e+01
1.117038385124011413e+01
1.315904928495908166e+01
9.373021315815206478e+00
8.593479713983121826e+00
1.335116235624909109e+01
1.261566261010080048e+01
1.344618962205996482e+01
9.027033336764100468e+00
8.136857890256438353e+00
1.161737456321036532e+01
9.373021315815206478e+00
9.027033336764100468e+00
9.373021315815206478e+00
7.817640190446718762e+00
1.178062436274634450e+01
6.955796338302048021e+00
1.178062436274634450e+01
9.373021315815206478e+00
1.117038385124011413e+01
1.099807968464679142e+01
1.445030398768713376e+01
9.965574970333758387e+00
1.021790793990058255e+01
1.167204486311898926e+01
9.166995688475081394e+00
8.136857890256438353e+00
8.291859587312051971e+00
5.753627391751591880e+00
1.064510777218481152e+01
1.117038385124011413e+01
