1.368087033328175828e+01
4.787307364817191768e+00
7.484820637019110379e+00
1.276615297284584649e+01
1.266602473693425601e+01
1.311058116710494836e+01
1.058513485680245481e+01
1.296408962885714899e+01
1.335116235624909109e+01
1.058513485680245481e+01
1.363425735166143049e+01
1.296408962885714899e+01
9.965574970333758387e+00
9.373021315815206478e+00
1.028002345391383443e+01
1.236077446474206631e+01
1.271618740744904485e+01
1.306193320280393344e+01
1.215301555949299761e+01
1.358748446131948917e+01
1.150725478350318376e+01
1.492705330360461602e+01
1.587770228520368221e+01
1.427299292922216978e+01
9.965574970333758387e+00
1.070474469691662733e+01
9.027033336764100468e+00
1.488434347843123184e+01
9.373021315815206478e+00
1.286550196516137312e+01
1.117038385124011413e+01
7.735777827895049086e+00
1.599753570059363028e+01
1.315904928495908166e+01
9.836981518731869656e+00
1.881384047546846006e+01
8.291859587312051971e+00
1.791246396432553922e+01
8.444016491289504600e+00
1.436192209445157708e+01
1.440618081907316395e+01
1.028002345391383443e+01
9.836981518731869656e+00
1.156244577056221523e+01
1.488434347843123184e+01
1.479855404066383784e+01
1.377362305878664728e+01
1.551264883747923129e+01
1.315904928495908166e+01
4.918490759365934828e+00
9.373021315815206478e+00
1.595769121605730767e+01
1.372732503515539548e+01
1.496964127403822076e+01
7.484820637019110379e+00
1.296408962885714899e+01
9.373021315815206478e+00
1.021790793990058255e+01
1.967396303746373931e+01
1.488434347843123184e+01
1.215301555949299761e+01
9.965574970333758387e+00
1.306193320280393344e+01
1.662206308517478703e+01
9.965574970333758387e+00
1.543035303761632804e+01
1.256509862862843541e+01
1.172646028567007725e+01
1.368087033328175828e+01
4.513516668382050234e+00
1.650676414605009157e+01
9.640875829802336483e+00
1.105581278308273596e+01
1.386575534383213970e+01
7.978845608028653835e+00
1.436192209445157708e+01
7.046725639945927711e+00
1.623454913941802857e+01
1.413855043925722121e+01
1.156244577056221523e+01
8.136857890256438353e+00
9.901487006738307173e+00
1.315904928495908166e+01
5.292567428401227403e+00
1.575695754970980111e+01
9.097283682934460103e+00
1.194164264288369282e+01
1.117038385124011413e+01
1.583755632390385770e+01
1.058513485680245481e+01
1.040314189572019821e+01
1.281592373849173683e+01
9.166995688475081394e+00
1.058513485680245481e+01
1.134007028277388685e+01
