1.368087033328175828e+01
5.292567428401227403e+00
7.653039857325811823e+00
1.276615297284584649e+01
1.266602473693425601e+01
1.306193320280393344e+01
1.058513485680245481e+01
1.296408962885714899e+01
1.335116235624909109e+01
1.058513485680245481e+01
1.358748446131948917e+01
1.296408962885714899e+01
9.965574970333758387e+00
9.373021315815206478e+00
1.034176589165282145e+01
1.236077446474206631e+01
1.271618740744904485e+01
1.306193320280393344e+01
1.215301555949299761e+01
1.358748446131948917e+01
1.150725478350318376e+01
1.492705330360461602e+01
1.587770228520368221e+01
1.418350619798065715e+01
9.965574970333758387e+00
1.070474469691662733e+01
9.097283682934460103e+00
1.484151074652385738e+01
9.373021315815206478e+00
1.286550196516137312e+01
1.117038385124011413e+01
7.898654169668588132e+00
1.595769121605730767e+01
1.315904928495908166e+01
9.836981518731869656e+00
1.881384047546846006e+01
8.368283871884004910e+00
1.780552292517845459e+01
8.812923024107547576e+00
1.436192209445157708e+01
1.440618081907316395e+01
1.028002345391383443e+01
9.965574970333758387e+00
1.150725478350318376e+01
1.488434347843123184e+01
1.475547227809780537e+01
1.377362305878664728e+01
1.534761596392107741e+01
1.315904928495908166e+01
5.170882945826410726e+00
9.373021315815206478e+00
1.595769121605730767e+01
1.372732503515539548e+01
1.496964127403822076e+01
7.735777827895049086e+00
1.296408962885714899e+01
9.373021315815206478e+00
1.028002345391383443e+01
3.385137501286537898e+00
1.954410047611679602e+01
1.484151074652385738e+01
1.215301555949299761e+01
9.965574970333758387e+00
1.306193320280393344e+01
1.662206308517478703e+01
9.965574970333758387e+00
1.543035303761632804e+01
1.251433034574463399e+01
1.178062436274634450e+01
1.368087033328175828e+01
5.170882945826410726e+00
1.642944866646030988e+01
9.706684619910241452e+00
1.105581278308273596e+01
1.381976597885341995e+01
8.136857890256438353e+00
1.436192209445157708e+01
7.136496464611084889e+00
1.611647812414279102e+01
1.413855043925722121e+01
1.156244577056221523e+01
8.291859587312051971e+00
9.901487006738307173e+00
1.315904928495908166e+01
5.641895835477562571e+00
1.571650316319191809e+01
9.097283682934460103e+00
1.194164264288369282e+01
1.117038385124011413e+01
1.583755632390385770e+01
1.058513485680245481e+01
1.040314189572019821e+01
1.281592373849173683e+01
9.166995688475081394e+00
1.058513485680245481e+01
1.117038385124011413e+01
