1.344618962205996482e+01
7.653039857325811823e+00
8.368283871884004910e+00
1.236077446474206631e+01
1.251433034574463399e+01
1.058513485680245481e+01
1.230916348999737586e+01
1.291488987023529766e+01
1.335116235624909109e+01
1.058513485680245481e+01
1.344618962205996482e+01
1.286550196516137312e+01
9.901487006738307173e+00
9.373021315815206478e+00
1.034176589165282145e+01
1.236077446474206631e+01
1.256509862862843541e+01
1.301310337505149661e+01
1.204779266504070279e+01
1.363425735166143049e+01
1.156244577056221523e+01
1.484151074652385738e+01
1.551264883747923129e+01
1.404820733880128181e+01
9.965574970333758387e+00
1.117038385124011413e+01
9.373021315815206478e+00
1.479855404066383784e+01
9.772050238058398008e+00
1.271618740744904485e+01
1.111324596323282954e+01
9.166995688475081394e+00
1.522266721510391640e+01
1.286550196516137312e+01
1.009253008808064145e+01
1.840330728156092377e+01
9.166995688475081394e+00
1.696325844612841038e+01
9.166995688475081394e+00
1.436192209445157708e+01
1.413855043925722121e+01
1.034176589165282145e+01
1.028002345391383443e+01
1.117038385124011413e+01
1.484151074652385738e+01
7.225151993843566878e+00
1.418350619798065715e+01
1.377362305878664728e+01
1.453814859003845150e+01
6.579524642479540830e+00
1.315904928495908166e+01
9.772050238058398008e+00
1.547155565579009817e+01
1.301310337505149661e+01
1.471226436021925466e+01
9.027033336764100468e+00
1.286550196516137312e+01
9.772050238058398008e+00
7.225151993843566878e+00
1.040314189572019821e+01
1.874604263163041296e+01
1.471226436021925466e+01
1.215301555949299761e+01
1.002925341359354938e+01
1.306193320280393344e+01
1.551264883747923129e+01
9.640875829802336483e+00
4.068428945128219176e+00
1.522266721510391640e+01
1.236077446474206631e+01
1.188821220645068522e+01
1.286550196516137312e+01
7.735777827895049086e+00
1.611647812414279102e+01
1.002925341359354938e+01
1.105581278308273596e+01
1.339876023397903637e+01
8.593479713983121826e+00
1.427299292922216978e+01
8.136857890256438353e+00
1.395727947504383337e+01
1.522266721510391640e+01
6.180387232371033157e+00
1.156244577056221523e+01
8.884866446580955923e+00
7.569397566060480642e+00
9.836981518731869656e+00
1.276615297284584649e+01
1.449429283826230197e+01
9.373021315815206478e+00
1.194164264288369282e+01
1.117038385124011413e+01
1.543035303761632804e+01
1.058513485680245481e+01
1.046415791390898242e+01
1.256509862862843541e+01
9.373021315815206478e+00
1.058513485680245481e+01
4.222008245644752300e+00
1.117038385124011413e+01
