1.261566261010080048e+01
8.884866446580955923e+00
9.373021315815206478e+00
1.178062436274634450e+01
1.178062436274634450e+01
7.817640190446718762e+00
1.058513485680245481e+01
1.199483507827737583e+01
1.296408962885714899e+01
1.311058116710494836e+01
1.058513485680245481e+01
1.286550196516137312e+01
1.236077446474206631e+01
9.373021315815206478e+00
7.484820637019110379e+00
9.574614729634383536e+00
1.028002345391383443e+01
1.215301555949299761e+01
1.236077446474206631e+01
1.215301555949299761e+01
1.178062436274634450e+01
1.296408962885714899e+01
1.105581278308273596e+01
3.908820095223359381e+00
1.458187244392064308e+01
1.518078909665319287e+01
1.311058116710494836e+01
9.965574970333758387e+00
8.136857890256438353e+00
1.058513485680245481e+01
9.772050238058398008e+00
7.484820637019110379e+00
1.325545386523797831e+01
9.965574970333758387e+00
1.266602473693425601e+01
1.009253008808064145e+01
1.046415791390898242e+01
5.970821321441846408e+00
1.440618081907316395e+01
1.236077446474206631e+01
1.052482020710848865e+01
5.170882945826410726e+00
9.901487006738307173e+00
1.692568750643268771e+01
9.373021315815206478e+00
1.518078909665319287e+01
1.413855043925722121e+01
1.413855043925722121e+01
1.058513485680245481e+01
1.058513485680245481e+01
1.117038385124011413e+01
9.097283682934460103e+00
1.427299292922216978e+01
1.246335526484300615e+01
1.377362305878664728e+01
7.569397566060480642e+00
7.484820637019110379e+00
1.377362305878664728e+01
1.315904928495908166e+01
7.225151993843566878e+00
9.965574970333758387e+00
1.484151074652385738e+01
1.241217083805063837e+01
1.391159267660409604e+01
9.373021315815206478e+00
5.753627391751591880e+00
1.251433034574463399e+01
1.015541250385961369e+01
8.291859587312051971e+00
1.076405121554611632e+01
1.427299292922216978e+01
1.711271735549580697e+01
1.215301555949299761e+01
1.052482020710848865e+01
1.296408962885714899e+01
1.427299292922216978e+01
8.214724333230154940e+00
9.373021315815206478e+00
1.453814859003845150e+01
1.236077446474206631e+01
1.194164264288369282e+01
9.236181543108379799e+00
1.251433034574463399e+01
1.538904010394216471e+01
1.021790793990058255e+01
1.117038385124011413e+01
1.330339418036568588e+01
9.236181543108379799e+00
1.368087033328175828e+01
8.136857890256438353e+00
1.315904928495908166e+01
1.400281721259029588e+01
8.740387444736633427e+00
7.817640190446718762e+00
1.167204486311898926e+01
9.373021315815206478e+00
8.740387444736633427e+00
9.373021315815206478e+00
6.863662517577697741e+00
1.178062436274634450e+01
4.222008245644752300e+00
1.225733520300188317e+01
9.373021315815206478e+00
1.128379167095512514e+01
1.117038385124011413e+01
1.453814859003845150e+01
1.009253008808064145e+01
1.058513485680245481e+01
1.178062436274634450e+01
9.373021315815206478e+00
7.817640190446718762e+00
8.136857890256438353e+00
1.058513485680245481e+01
1.117038385124011413e+01
