1.296408962885714899e+01
8.444016491289504600e+00
9.166995688475081394e+00
1.178062436274634450e+01
1.178062436274634450e+01
1.058513485680245481e+01
1.215301555949299761e+01
1.296408962885714899e+01
5.753627391751591880e+00
1.325545386523797831e+01
1.058513485680245481e+01
1.306193320280393344e+01
1.236077446474206631e+01
9.507891862878782518e+00
6.579524642479540830e+00
9.373021315815206478e+00
1.034176589165282145e+01
1.236077446474206631e+01
1.251433034574463399e+01
1.236077446474206631e+01
1.178062436274634450e+01
1.306193320280393344e+01
1.117038385124011413e+01
1.475547227809780537e+01
1.538904010394216471e+01
1.377362305878664728e+01
9.965574970333758387e+00
6.579524642479540830e+00
1.058513485680245481e+01
9.772050238058398008e+00
1.381976597885341995e+01
5.753627391751591880e+00
9.901487006738307173e+00
1.261566261010080048e+01
9.772050238058398008e+00
1.099807968464679142e+01
1.479855404066383784e+01
1.261566261010080048e+01
1.046415791390898242e+01
1.773387063078969206e+01
9.574614729634383536e+00
1.627371578051287671e+01
9.373021315815206478e+00
1.427299292922216978e+01
1.413855043925722121e+01
1.028002345391383443e+01
1.058513485680245481e+01
1.117038385124011413e+01
8.519075891779829490e+00
1.440618081907316395e+01
1.335116235624909109e+01
1.377362305878664728e+01
7.225151993843566878e+00
1.400281721259029588e+01
5.970821321441846408e+00
1.315904928495908166e+01
9.901487006738307173e+00
4.513516668382050234e+00
1.530607971465162365e+01
1.271618740744904485e+01
1.422831991532699902e+01
9.166995688475081394e+00
1.276615297284584649e+01
9.965574970333758387e+00
8.444016491289504600e+00
1.070474469691662733e+01
1.808929415419343556e+01
1.440618081907316395e+01
1.225733520300188317e+01
1.021790793990058255e+01
1.296408962885714899e+01
1.488434347843123184e+01
9.373021315815206478e+00
7.225151993843566878e+00
1.471226436021925466e+01
1.236077446474206631e+01
1.194164264288369282e+01
1.276615297284584649e+01
8.444016491289504600e+00
1.559451034962034477e+01
1.009253008808064145e+01
1.105581278308273596e+01
1.335116235624909109e+01
9.027033336764100468e+00
1.400281721259029588e+01
8.058239062071395509e+00
1.349345229721172146e+01
1.479855404066383784e+01
8.136857890256438353e+00
6.863662517577697741e+00
1.156244577056221523e+01
9.097283682934460103e+00
8.593479713983121826e+00
9.373021315815206478e+00
1.194164264288369282e+01
3.385137501286537898e+00
1.311058116710494836e+01
9.373021315815206478e+00
1.183454054540639433e+01
1.117038385124011413e+01
1.513879513212096128e+01
1.058513485680245481e+01
1.058513485680245481e+01
1.204779266504070279e+01
9.373021315815206478e+00
5.641895835477562571e+00
7.225151993843566878e+00
1.058513485680245481e+01
1.117038385124011413e+01
