1.363425735166143049e+01
6.076507779746498805e+00
7.978845608028653835e+00
1.266602473693425601e+01
1.266602473693425601e+01
1.276615297284584649e+01
1.058513485680245481e+01
1.296408962885714899e+01
1.335116235624909109e+01
1.058513485680245481e+01
1.339876023397903637e+01
1.296408962885714899e+01
9.965574970333758387e+00
9.373021315815206478e+00
1.034176589165282145e+01
1.236077446474206631e+01
1.271618740744904485e+01
1.311058116710494836e+01
1.215301555949299761e+01
1.368087033328175828e+01
1.156244577056221523e+01
1.492705330360461602e+01
1.567594437773643001e+01
1.413855043925722121e+01
9.965574970333758387e+00
1.076405121554611632e+01
9.373021315815206478e+00
1.484151074652385738e+01
9.373021315815206478e+00
1.286550196516137312e+01
1.117038385124011413e+01
8.291859587312051971e+00
1.579730833933717626e+01
1.306193320280393344e+01
9.901487006738307173e+00
1.867799869518773193e+01
8.667244841319218907e+00
1.766192765414112031e+01
8.812923024107547576e+00
1.436192209445157708e+01
1.436192209445157708e+01
1.028002345391383443e+01
9.965574970333758387e+00
1.122723095552866468e+01
1.488434347843123184e+01
5.170882945826410726e+00
1.462546558286290477e+01
1.377362305878664728e+01
1.509668435477122017e+01
5.753627391751591880e+00
1.315904928495908166e+01
9.373021315815206478e+00
1.587770228520368221e+01
1.349345229721172146e+01
1.475547227809780537e+01
7.978845608028653835e+00
1.296408962885714899e+01
9.507891862878782518e+00
1.028002345391383443e+01
5.292567428401227403e+00
1.934767237039478616e+01
1.479855404066383784e+01
1.215301555949299761e+01
1.002925341359354938e+01
1.306193320280393344e+01
1.650676414605009157e+01
9.965574970333758387e+00
1.543035303761632804e+01
1.261566261010080048e+01
1.178062436274634450e+01
1.344618962205996482e+01
5.753627391751591880e+00
1.642944866646030988e+01
9.640875829802336483e+00
1.105581278308273596e+01
1.372732503515539548e+01
8.136857890256438353e+00
1.436192209445157708e+01
7.653039857325811823e+00
1.413855043925722121e+01
1.555363345008750464e+01
1.156244577056221523e+01
8.519075891779829490e+00
6.482044814428574497e+00
9.901487006738307173e+00
1.315904928495908166e+01
1.534761596392107741e+01
9.166995688475081394e+00
1.194164264288369282e+01
1.117038385124011413e+01
1.559451034962034477e+01
1.058513485680245481e+01
1.046415791390898242e+01
1.281592373849173683e+01
9.373021315815206478e+00
1.058513485680245481e+01
1.117038385124011413e+01
