1.363425735166143049e+01
6.675581178124545545e+00
8.136857890256438353e+00
1.266602473693425601e+01
1.266602473693425601e+01
1.058513485680245481e+01
1.271618740744904485e+01
1.296408962885714899e+01
1.335116235624909109e+01
1.058513485680245481e+01
1.339876023397903637e+01
1.296408962885714899e+01
9.965574970333758387e+00
9.373021315815206478e+00
1.034176589165282145e+01
1.236077446474206631e+01
1.271618740744904485e+01
1.306193320280393344e+01
1.215301555949299761e+01
1.368087033328175828e+01
1.156244577056221523e+01
1.492705330360461602e+01
1.567594437773643001e+01
1.413855043925722121e+01
9.965574970333758387e+00
1.082303275961201905e+01
9.373021315815206478e+00
1.484151074652385738e+01
9.440697438826296306e+00
1.281592373849173683e+01
1.111324596323282954e+01
8.812923024107547576e+00
1.563528038089343752e+01
1.315904928495908166e+01
1.002925341359354938e+01
1.860970596672511235e+01
8.884866446580955923e+00
1.729772508200899850e+01
8.812923024107547576e+00
1.436192209445157708e+01
1.431752655671925822e+01
1.028002345391383443e+01
1.002925341359354938e+01
1.117038385124011413e+01
1.488434347843123184e+01
5.641895835477562571e+00
3.908820095223359381e+00
1.458187244392064308e+01
1.377362305878664728e+01
1.488434347843123184e+01
5.970821321441846408e+00
1.315904928495908166e+01
9.373021315815206478e+00
1.579730833933717626e+01
1.330339418036568588e+01
1.475547227809780537e+01
8.214724333230154940e+00
1.296408962885714899e+01
9.772050238058398008e+00
6.076507779746498805e+00
1.028002345391383443e+01
1.921560480373171131e+01
1.479855404066383784e+01
1.215301555949299761e+01
1.002925341359354938e+01
1.306193320280393344e+01
1.635176762293251684e+01
9.965574970333758387e+00
1.530607971465162365e+01
1.256509862862843541e+01
1.178062436274634450e+01
1.320733953636073110e+01
6.675581178124545545e+00
1.635176762293251684e+01
9.836981518731869656e+00
1.105581278308273596e+01
1.368087033328175828e+01
8.136857890256438353e+00
1.436192209445157708e+01
7.898654169668588132e+00
1.413855043925722121e+01
1.551264883747923129e+01
3.568248232305542444e+00
1.156244577056221523e+01
8.667244841319218907e+00
6.863662517577697741e+00
9.836981518731869656e+00
1.311058116710494836e+01
1.513879513212096128e+01
9.304852983362556174e+00
1.194164264288369282e+01
1.117038385124011413e+01
1.563528038089343752e+01
1.058513485680245481e+01
1.046415791390898242e+01
1.281592373849173683e+01
9.373021315815206478e+00
1.058513485680245481e+01
1.117038385124011413e+01
