1.156244577056221523e+01
9.373021315815206478e+00
9.507891862878782518e+00
1.156244577056221523e+01
8.444016491289504600e+00
1.117038385124011413e+01
1.034176589165282145e+01
1.070474469691662733e+01
1.220528683538465842e+01
7.569397566060480642e+00
1.194164264288369282e+01
1.058513485680245481e+01
1.204779266504070279e+01
1.145179781116143225e+01
8.667244841319218907e+00
8.740387444736633427e+00
6.482044814428574497e+00
9.373021315815206478e+00
6.383076486422923246e+00
3.908820095223359381e+00
9.027033336764100468e+00
1.145179781116143225e+01
2.523132522020160362e+00
1.178062436274634450e+01
1.161737456321036532e+01
1.178062436274634450e+01
1.286550196516137312e+01
7.225151993843566878e+00
1.076405121554611632e+01
1.330339418036568588e+01
7.569397566060480642e+00
1.339876023397903637e+01
1.178062436274634450e+01
9.574614729634383536e+00
3.568248232305542444e+00
8.740387444736633427e+00
1.040314189572019821e+01
8.884866446580955923e+00
8.740387444736633427e+00
7.046725639945927711e+00
1.220528683538465842e+01
9.965574970333758387e+00
1.236077446474206631e+01
1.046415791390898242e+01
5.527906391541367981e+00
1.021790793990058255e+01
8.593479713983121826e+00
1.377362305878664728e+01
1.094004191971426110e+01
7.735777827895049086e+00
1.040314189572019821e+01
9.965574970333758387e+00
1.538904010394216471e+01
3.908820095223359381e+00
9.373021315815206478e+00
1.377362305878664728e+01
1.381976597885341995e+01
1.335116235624909109e+01
1.058513485680245481e+01
1.058513485680245481e+01
1.117038385124011413e+01
9.373021315815206478e+00
1.381976597885341995e+01
1.099807968464679142e+01
8.214724333230154940e+00
8.058239062071395509e+00
1.354055000514615159e+01
1.266602473693425601e+01
1.266602473693425601e+01
2.763953195770683990e+00
8.593479713983121826e+00
9.373021315815206478e+00
1.286550196516137312e+01
1.236077446474206631e+01
6.383076486422923246e+00
6.076507779746498805e+00
1.335116235624909109e+01
8.884866446580955923e+00
7.399277020331918919e+00
6.863662517577697741e+00
7.978845608028653835e+00
9.706684619910241452e+00
1.117038385124011413e+01
8.444016491289504600e+00
1.117038385124011413e+01
5.753627391751591880e+00
1.128379167095512559e+00
1.358748446131948917e+01
1.526443044094783019e+01
1.070474469691662733e+01
1.058513485680245481e+01
1.172646028567007725e+01
6.482044814428574497e+00
8.740387444736633427e+00
9.440697438826296306e+00
1.335116235624909109e+01
1.422831991532699902e+01
1.215301555949299761e+01
1.145179781116143225e+01
9.166995688475081394e+00
1.194164264288369282e+01
5.753627391751591880e+00
1.466892917224166482e+01
1.058513485680245481e+01
1.099807968464679142e+01
1.210051848659980855e+01
9.373021315815206478e+00
8.956231982162769611e+00
1.320733953636073110e+01
1.225733520300188317e+01
1.256509862862843541e+01
6.076507779746498805e+00
8.884866446580955923e+00
8.519075891779829490e+00
1.134007028277388685e+01
9.373021315815206478e+00
8.740387444736633427e+00
9.373021315815206478e+00
8.136857890256438353e+00
7.817640190446718762e+00
1.134007028277388685e+01
1.178062436274634450e+01
9.373021315815206478e+00
6.076507779746498805e+00
1.117038385124011413e+01
1.034176589165282145e+01
1.422831991532699902e+01
9.965574970333758387e+00
9.965574970333758387e+00
1.117038385124011413e+01
8.884866446580955923e+00
8.667244841319218907e+00
8.291859587312051971e+00
7.312732791431452384e+00
1.058513485680245481e+01
1.099807968464679142e+01
6.180387232371033157e+00
