1.105581278308273596e+01
9.373021315815206478e+00
5.753627391751591880e+00
9.640875829802336483e+00
1.128379167095512514e+01
8.291859587312051971e+00
1.117038385124011413e+01
1.021790793990058255e+01
1.058513485680245481e+01
1.199483507827737583e+01
8.136857890256438353e+00
1.178062436274634450e+01
1.058513485680245481e+01
3.908820095223359381e+00
1.128379167095512514e+01
8.444016491289504600e+00
1.105581278308273596e+01
8.593479713983121826e+00
6.770275002573075795e+00
9.373021315815206478e+00
5.970821321441846408e+00
7.046725639945927711e+00
8.740387444736633427e+00
1.117038385124011413e+01
5.753627391751591880e+00
1.134007028277388685e+01
1.150725478350318376e+01
1.161737456321036532e+01
1.271618740744904485e+01
7.399277020331918919e+00
1.064510777218481152e+01
8.136857890256438353e+00
1.271618740744904485e+01
1.271618740744904485e+01
1.139607097042601680e+01
9.507891862878782518e+00
6.076507779746498805e+00
8.812923024107547576e+00
9.901487006738307173e+00
8.593479713983121826e+00
9.097283682934460103e+00
6.863662517577697741e+00
1.194164264288369282e+01
9.965574970333758387e+00
1.236077446474206631e+01
5.753627391751591880e+00
1.058513485680245481e+01
6.675581178124545545e+00
9.965574970333758387e+00
8.740387444736633427e+00
1.363425735166143049e+01
1.058513485680245481e+01
7.569397566060480642e+00
1.034176589165282145e+01
9.965574970333758387e+00
1.462546558286290477e+01
6.383076486422923246e+00
9.574614729634383536e+00
1.335116235624909109e+01
1.339876023397903637e+01
1.320733953636073110e+01
1.058513485680245481e+01
1.058513485680245481e+01
1.117038385124011413e+01
9.507891862878782518e+00
1.377362305878664728e+01
8.136857890256438353e+00
1.070474469691662733e+01
8.368283871884004910e+00
1.330339418036568588e+01
1.188821220645068522e+01
5.753627391751591880e+00
1.241217083805063837e+01
8.740387444736633427e+00
9.373021315815206478e+00
1.236077446474206631e+01
1.225733520300188317e+01
7.046725639945927711e+00
6.770275002573075795e+00
1.325545386523797831e+01
8.593479713983121826e+00
7.312732791431452384e+00
7.225151993843566878e+00
4.222008245644752300e+00
8.136857890256438353e+00
1.058513485680245481e+01
9.440697438826296306e+00
8.444016491289504600e+00
1.099807968464679142e+01
6.955796338302048021e+00
5.753627391751591880e+00
1.335116235624909109e+01
1.377362305878664728e+01
1.064510777218481152e+01
1.052482020710848865e+01
1.150725478350318376e+01
6.863662517577697741e+00
8.740387444736633427e+00
9.640875829802336483e+00
1.320733953636073110e+01
1.400281721259029588e+01
1.188821220645068522e+01
5.046265044040320724e+00
1.117038385124011413e+01
9.304852983362556174e+00
1.150725478350318376e+01
7.225151993843566878e+00
1.058513485680245481e+01
1.088169461344923583e+01
1.344618962205996482e+01
5.170882945826410726e+00
9.440697438826296306e+00
1.161737456321036532e+01
1.311058116710494836e+01
8.368283871884004910e+00
1.183454054540639433e+01
6.863662517577697741e+00
1.220528683538465842e+01
9.027033336764100468e+00
8.740387444736633427e+00
1.139607097042601680e+01
9.373021315815206478e+00
8.740387444736633427e+00
9.373021315815206478e+00
8.136857890256438353e+00
8.136857890256438353e+00
1.117038385124011413e+01
1.150725478350318376e+01
9.507891862878782518e+00
6.955796338302048021e+00
1.070474469691662733e+01
9.965574970333758387e+00
1.381976597885341995e+01
9.965574970333758387e+00
9.965574970333758387e+00
1.111324596323282954e+01
8.812923024107547576e+00
9.097283682934460103e+00
3.191538243211461623e+00
8.291859587312051971e+00
8.136857890256438353e+00
1.058513485680245481e+01
1.064510777218481152e+01
6.955796338302048021e+00
