1.296408962885714899e+01
8.136857890256438353e+00
8.812923024107547576e+00
1.194164264288369282e+01
1.204779266504070279e+01
1.058513485680245481e+01
1.225733520300188317e+01
1.291488987023529766e+01
4.513516668382050234e+00
1.330339418036568588e+01
1.058513485680245481e+01
1.315904928495908166e+01
1.256509862862843541e+01
9.507891862878782518e+00
5.170882945826410726e+00
9.373021315815206478e+00
1.040314189572019821e+01
1.236077446474206631e+01
1.251433034574463399e+01
1.251433034574463399e+01
1.188821220645068522e+01
1.325545386523797831e+01
1.145179781116143225e+01
1.484151074652385738e+01
1.538904010394216471e+01
1.395727947504383337e+01
9.965574970333758387e+00
1.111324596323282954e+01
9.507891862878782518e+00
5.046265044040320724e+00
1.422831991532699902e+01
9.836981518731869656e+00
1.266602473693425601e+01
1.111324596323282954e+01
9.507891862878782518e+00
1.496964127403822076e+01
1.281592373849173683e+01
1.052482020710848865e+01
1.815954410458608237e+01
9.236181543108379799e+00
1.646815177937675045e+01
9.373021315815206478e+00
1.436192209445157708e+01
1.413855043925722121e+01
1.034176589165282145e+01
1.040314189572019821e+01
1.117038385124011413e+01
1.479855404066383784e+01
7.978845608028653835e+00
1.395727947504383337e+01
1.377362305878664728e+01
7.136496464611084889e+00
1.422831991532699902e+01
1.315904928495908166e+01
9.772050238058398008e+00
1.543035303761632804e+01
1.276615297284584649e+01
1.453814859003845150e+01
9.166995688475081394e+00
1.276615297284584649e+01
9.965574970333758387e+00
7.978845608028653835e+00
1.058513485680245481e+01
1.840330728156092377e+01
1.458187244392064308e+01
1.220528683538465842e+01
1.009253008808064145e+01
1.301310337505149661e+01
1.522266721510391640e+01
9.373021315815206478e+00
6.383076486422923246e+00
1.479855404066383784e+01
1.236077446474206631e+01
1.194164264288369282e+01
1.281592373849173683e+01
8.136857890256438353e+00
1.579730833933717626e+01
1.009253008808064145e+01
1.105581278308273596e+01
1.335116235624909109e+01
8.812923024107547576e+00
1.422831991532699902e+01
7.978845608028653835e+00
1.386575534383213970e+01
1.488434347843123184e+01
7.399277020331918919e+00
5.170882945826410726e+00
1.156244577056221523e+01
9.027033336764100468e+00
8.058239062071395509e+00
9.507891862878782518e+00
1.225733520300188317e+01
1.377362305878664728e+01
9.373021315815206478e+00
1.183454054540639433e+01
1.117038385124011413e+01
1.534761596392107741e+01
1.058513485680245481e+01
1.058513485680245481e+01
1.225733520300188317e+01
9.373021315815206478e+00
6.383076486422923246e+00
1.058513485680245481e+01
1.117038385124011413e+01
