1.161737456321036532e+01
9.373021315815206478e+00
9.373021315815206478e+00
1.161737456321036532e+01
1.122723095552866468e+01
8.444016491289504600e+00
1.040314189572019821e+01
1.088169461344923583e+01
1.225733520300188317e+01
7.312732791431452384e+00
1.204779266504070279e+01
1.058513485680245481e+01
1.210051848659980855e+01
1.156244577056221523e+01
8.956231982162769611e+00
8.740387444736633427e+00
6.383076486422923246e+00
9.373021315815206478e+00
6.383076486422923246e+00
9.027033336764100468e+00
1.150725478350318376e+01
1.183454054540639433e+01
1.172646028567007725e+01
1.178062436274634450e+01
1.296408962885714899e+01
7.225151993843566878e+00
1.076405121554611632e+01
1.358748446131948917e+01
7.312732791431452384e+00
1.349345229721172146e+01
1.199483507827737583e+01
9.574614729634383536e+00
8.667244841319218907e+00
1.046415791390898242e+01
9.097283682934460103e+00
8.740387444736633427e+00
7.046725639945927711e+00
1.236077446474206631e+01
9.965574970333758387e+00
1.236077446474206631e+01
1.040314189572019821e+01
4.918490759365934828e+00
1.021790793990058255e+01
8.444016491289504600e+00
1.377362305878664728e+01
1.105581278308273596e+01
7.817640190446718762e+00
1.040314189572019821e+01
9.965574970333758387e+00
1.543035303761632804e+01
9.373021315815206478e+00
1.395727947504383337e+01
2.763953195770683990e+00
1.391159267660409604e+01
1.339876023397903637e+01
1.058513485680245481e+01
1.058513485680245481e+01
1.117038385124011413e+01
9.373021315815206478e+00
1.386575534383213970e+01
1.117038385124011413e+01
8.136857890256438353e+00
8.136857890256438353e+00
1.354055000514615159e+01
1.291488987023529766e+01
1.286550196516137312e+01
8.593479713983121826e+00
9.373021315815206478e+00
1.291488987023529766e+01
1.236077446474206631e+01
6.383076486422923246e+00
5.753627391751591880e+00
1.335116235624909109e+01
9.236181543108379799e+00
7.225151993843566878e+00
6.863662517577697741e+00
7.978845608028653835e+00
9.901487006738307173e+00
1.117038385124011413e+01
8.519075891779829490e+00
1.117038385124011413e+01
5.292567428401227403e+00
1.368087033328175828e+01
1.538904010394216471e+01
1.070474469691662733e+01
1.058513485680245481e+01
1.172646028567007725e+01
5.970821321441846408e+00
8.740387444736633427e+00
9.373021315815206478e+00
1.339876023397903637e+01
1.422831991532699902e+01
1.215301555949299761e+01
1.150725478350318376e+01
9.166995688475081394e+00
1.199483507827737583e+01
5.527906391541367981e+00
1.471226436021925466e+01
1.058513485680245481e+01
1.099807968464679142e+01
1.225733520300188317e+01
9.373021315815206478e+00
8.956231982162769611e+00
1.320733953636073110e+01
1.236077446474206631e+01
1.256509862862843541e+01
5.863230142835038627e+00
8.884866446580955923e+00
8.519075891779829490e+00
1.139607097042601680e+01
9.373021315815206478e+00
8.740387444736633427e+00
9.373021315815206478e+00
8.058239062071395509e+00
7.817640190446718762e+00
1.139607097042601680e+01
1.178062436274634450e+01
9.373021315815206478e+00
5.970821321441846408e+00
1.117038385124011413e+01
1.034176589165282145e+01
1.422831991532699902e+01
9.965574970333758387e+00
9.965574970333758387e+00
1.128379167095512514e+01
8.884866446580955923e+00
8.667244841319218907e+00
8.291859587312051971e+00
7.046725639945927711e+00
1.058513485680245481e+01
1.099807968464679142e+01
6.180387232371033157e+00
