1.028002345391383443e+01
9.373021315815206478e+00
6.955796338302048021e+00
9.706684619910241452e+00
1.117038385124011413e+01
4.513516668382050234e+00
8.136857890256438353e+00
1.064510777218481152e+01
9.706684619910241452e+00
1.058513485680245481e+01
8.136857890256438353e+00
1.117038385124011413e+01
1.150725478350318376e+01
1.046415791390898242e+01
6.282549314314217703e+00
1.088169461344923583e+01
8.593479713983121826e+00
1.088169461344923583e+01
7.399277020331918919e+00
8.740387444736633427e+00
5.753627391751591880e+00
9.373021315815206478e+00
6.863662517577697741e+00
7.225151993843566878e+00
8.740387444736633427e+00
1.076405121554611632e+01
6.675581178124545545e+00
5.753627391751591880e+00
1.040314189572019821e+01
1.070474469691662733e+01
1.058513485680245481e+01
1.178062436274634450e+01
7.484820637019110379e+00
9.640875829802336483e+00
8.291859587312051971e+00
1.251433034574463399e+01
1.225733520300188317e+01
6.076507779746498805e+00
1.094004191971426110e+01
9.373021315815206478e+00
7.225151993843566878e+00
9.027033336764100468e+00
9.706684619910241452e+00
8.291859587312051971e+00
1.134007028277388685e+01
9.027033336764100468e+00
7.569397566060480642e+00
1.178062436274634450e+01
9.574614729634383536e+00
1.225733520300188317e+01
6.863662517577697741e+00
1.058513485680245481e+01
7.225151993843566878e+00
9.901487006738307173e+00
8.740387444736633427e+00
4.918490759365934828e+00
1.251433034574463399e+01
4.222008245644752300e+00
9.901487006738307173e+00
8.058239062071395509e+00
9.965574970333758387e+00
9.965574970333758387e+00
1.404820733880128181e+01
7.225151993843566878e+00
8.956231982162769611e+00
1.281592373849173683e+01
4.513516668382050234e+00
1.286550196516137312e+01
1.220528683538465842e+01
4.918490759365934828e+00
5.292567428401227403e+00
1.040314189572019821e+01
1.058513485680245481e+01
5.641895835477562571e+00
1.070474469691662733e+01
9.236181543108379799e+00
1.330339418036568588e+01
7.898654169668588132e+00
8.136857890256438353e+00
1.315904928495908166e+01
6.863662517577697741e+00
9.772050238058398008e+00
1.117038385124011413e+01
1.161737456321036532e+01
8.740387444736633427e+00
9.373021315815206478e+00
1.236077446474206631e+01
5.641895835477562571e+00
1.194164264288369282e+01
7.046725639945927711e+00
7.136496464611084889e+00
5.753627391751591880e+00
1.194164264288369282e+01
8.136857890256438353e+00
7.569397566060480642e+00
5.641895835477562571e+00
7.569397566060480642e+00
8.214724333230154940e+00
8.884866446580955923e+00
9.965574970333758387e+00
8.444016491289504600e+00
6.955796338302048021e+00
7.484820637019110379e+00
1.058513485680245481e+01
5.863230142835038627e+00
4.652426491681278087e+00
1.315904928495908166e+01
1.291488987023529766e+01
1.046415791390898242e+01
9.706684619910241452e+00
7.399277020331918919e+00
1.070474469691662733e+01
9.640875829802336483e+00
2.763953195770683990e+00
1.246335526484300615e+01
8.444016491289504600e+00
2.985410660720923204e+00
1.330339418036568588e+01
1.076405121554611632e+01
6.675581178124545545e+00
1.099807968464679142e+01
8.214724333230154940e+00
1.058513485680245481e+01
4.787307364817191768e+00
7.569397566060480642e+00
1.058513485680245481e+01
5.753627391751591880e+00
1.070474469691662733e+01
1.241217083805063837e+01
5.863230142835038627e+00
4.513516668382050234e+00
9.373021315815206478e+00
1.040314189572019821e+01
1.241217083805063837e+01
7.653039857325811823e+00
1.178062436274634450e+01
1.178062436274634450e+01
6.955796338302048021e+00
5.046265044040320724e+00
9.027033336764100468e+00
4.787307364817191768e+00
4.222008245644752300e+00
8.593479713983121826e+00
1.076405121554611632e+01
4.370193722368316713e+00
8.812923024107547576e+00
8.740387444736633427e+00
9.373021315815206478e+00
8.214724333230154940e+00
7.978845608028653835e+00
1.058513485680245481e+01
1.117038385124011413e+01
7.484820637019110379e+00
9.507891862878782518e+00
9.901487006738307173e+00
9.965574970333758387e+00
1.320733953636073110e+01
9.373021315815206478e+00
9.965574970333758387e+00
1.070474469691662733e+01
4.787307364817191768e+00
8.740387444736633427e+00
9.097283682934460103e+00
6.180387232371033157e+00
8.291859587312051971e+00
8.136857890256438353e+00
1.058513485680245481e+01
1.028002345391383443e+01
9.965574970333758387e+00
7.136496464611084889e+00
