1.368087033328175828e+01
1.281592373849173683e+01
6.955796338302048021e+00
1.358748446131948917e+01
1.281592373849173683e+01
1.058513485680245481e+01
1.296408962885714899e+01
1.335116235624909109e+01
1.058513485680245481e+01
1.368087033328175828e+01
1.296408962885714899e+01
9.836981518731869656e+00
9.373021315815206478e+00
1.028002345391383443e+01
1.236077446474206631e+01
1.276615297284584649e+01
1.306193320280393344e+01
1.215301555949299761e+01
1.358748446131948917e+01
1.145179781116143225e+01
1.492705330360461602e+01
1.607692842495848140e+01
1.436192209445157708e+01
9.965574970333758387e+00
1.070474469691662733e+01
8.812923024107547576e+00
1.492705330360461602e+01
9.373021315815206478e+00
1.291488987023529766e+01
1.117038385124011413e+01
7.312732791431452384e+00
1.611647812414279102e+01
1.330339418036568588e+01
9.440697438826296306e+00
1.888139487765259261e+01
8.136857890256438353e+00
1.805406667352820094e+01
8.444016491289504600e+00
1.458187244392064308e+01
1.440618081907316395e+01
1.034176589165282145e+01
9.836981518731869656e+00
1.178062436274634450e+01
1.488434347843123184e+01
1.479855404066383784e+01
1.377362305878664728e+01
1.555363345008750464e+01
1.315904928495908166e+01
9.373021315815206478e+00
1.603728119216292924e+01
1.409345127989185542e+01
1.501210842680413826e+01
6.955796338302048021e+00
1.296408962885714899e+01
9.304852983362556174e+00
1.015541250385961369e+01
2.005850682718709876e+01
1.509668435477122017e+01
1.215301555949299761e+01
9.965574970333758387e+00
1.306193320280393344e+01
1.700074635581867355e+01
9.965574970333758387e+00
1.547155565579009817e+01
1.256509862862843541e+01
1.172646028567007725e+01
1.377362305878664728e+01
1.654528640181426269e+01
9.507891862878782518e+00
1.094004191971426110e+01
1.404820733880128181e+01
7.569397566060480642e+00
1.440618081907316395e+01
6.282549314314217703e+00
1.654528640181426269e+01
1.436192209445157708e+01
1.156244577056221523e+01
7.735777827895049086e+00
9.901487006738307173e+00
1.320733953636073110e+01
1.611647812414279102e+01
2.985410660720923204e+00
9.097283682934460103e+00
1.194164264288369282e+01
1.117038385124011413e+01
1.583755632390385770e+01
1.070474469691662733e+01
1.034176589165282145e+01
1.286550196516137312e+01
9.097283682934460103e+00
1.058513485680245481e+01
1.156244577056221523e+01
