1.094004191971426110e+01
9.373021315815206478e+00
6.076507779746498805e+00
9.640875829802336483e+00
1.117038385124011413e+01
8.136857890256438353e+00
1.099807968464679142e+01
9.965574970333758387e+00
1.058513485680245481e+01
1.183454054540639433e+01
8.136857890256438353e+00
1.150725478350318376e+01
1.058513485680245481e+01
4.787307364817191768e+00
1.117038385124011413e+01
8.444016491289504600e+00
1.105581278308273596e+01
7.136496464611084889e+00
8.740387444736633427e+00
3.568248232305542444e+00
9.373021315815206478e+00
6.180387232371033157e+00
7.225151993843566878e+00
8.740387444736633427e+00
1.111324596323282954e+01
5.753627391751591880e+00
1.105581278308273596e+01
3.191538243211461623e+00
1.134007028277388685e+01
1.134007028277388685e+01
1.241217083805063837e+01
7.312732791431452384e+00
1.028002345391383443e+01
8.136857890256438353e+00
1.261566261010080048e+01
1.266602473693425601e+01
3.908820095223359381e+00
1.122723095552866468e+01
9.373021315815206478e+00
6.675581178124545545e+00
8.884866446580955923e+00
9.836981518731869656e+00
8.519075891779829490e+00
1.246335526484300615e+01
9.166995688475081394e+00
7.225151993843566878e+00
1.178062436274634450e+01
9.965574970333758387e+00
1.236077446474206631e+01
6.383076486422923246e+00
1.058513485680245481e+01
6.863662517577697741e+00
9.965574970333758387e+00
8.812923024107547576e+00
1.354055000514615159e+01
1.046415791390898242e+01
7.735777827895049086e+00
1.002925341359354938e+01
9.965574970333758387e+00
1.440618081907316395e+01
6.863662517577697741e+00
9.507891862878782518e+00
1.320733953636073110e+01
1.325545386523797831e+01
1.281592373849173683e+01
1.052482020710848865e+01
1.058513485680245481e+01
1.105581278308273596e+01
9.507891862878782518e+00
1.368087033328175828e+01
7.898654169668588132e+00
1.028002345391383443e+01
8.136857890256438353e+00
1.325545386523797831e+01
1.150725478350318376e+01
6.282549314314217703e+00
1.210051848659980855e+01
8.740387444736633427e+00
9.373021315815206478e+00
1.236077446474206631e+01
4.222008245644752300e+00
1.225733520300188317e+01
7.046725639945927711e+00
6.955796338302048021e+00
3.908820095223359381e+00
1.276615297284584649e+01
8.291859587312051971e+00
7.399277020331918919e+00
5.046265044040320724e+00
7.225151993843566878e+00
8.136857890256438353e+00
1.046415791390898242e+01
9.304852983362556174e+00
8.444016491289504600e+00
1.082303275961201905e+01
6.383076486422923246e+00
7.136496464611084889e+00
4.652426491681278087e+00
1.335116235624909109e+01
1.358748446131948917e+01
1.064510777218481152e+01
1.015541250385961369e+01
6.863662517577697741e+00
1.111324596323282954e+01
8.740387444736633427e+00
9.640875829802336483e+00
1.306193320280393344e+01
1.404820733880128181e+01
1.161737456321036532e+01
5.970821321441846408e+00
1.111324596323282954e+01
9.236181543108379799e+00
1.122723095552866468e+01
7.399277020331918919e+00
1.058513485680245481e+01
1.082303275961201905e+01
1.301310337505149661e+01
4.068428945128219176e+00
5.641895835477562571e+00
9.507891862878782518e+00
1.117038385124011413e+01
1.306193320280393344e+01
8.136857890256438353e+00
1.178062436274634450e+01
7.136496464611084889e+00
1.210051848659980855e+01
9.027033336764100468e+00
8.593479713983121826e+00
1.134007028277388685e+01
9.304852983362556174e+00
8.740387444736633427e+00
9.373021315815206478e+00
8.444016491289504600e+00
8.136857890256438353e+00
1.117038385124011413e+01
1.134007028277388685e+01
9.507891862878782518e+00
1.052482020710848865e+01
6.955796338302048021e+00
9.965574970333758387e+00
1.372732503515539548e+01
9.965574970333758387e+00
9.965574970333758387e+00
1.099807968464679142e+01
8.812923024107547576e+00
9.097283682934460103e+00
4.652426491681278087e+00
8.291859587312051971e+00
8.136857890256438353e+00
1.058513485680245481e+01
1.058513485680245481e+01
6.955796338302048021e+00
