1.358748446131948917e+01
7.046725639945927711e+00
8.291859587312051971e+00
1.246335526484300615e+01
1.261566261010080048e+01
1.058513485680245481e+01
1.256509862862843541e+01
1.291488987023529766e+01
1.335116235624909109e+01
1.058513485680245481e+01
1.339876023397903637e+01
1.286550196516137312e+01
9.965574970333758387e+00
9.373021315815206478e+00
1.034176589165282145e+01
1.236077446474206631e+01
1.261566261010080048e+01
1.301310337505149661e+01
1.215301555949299761e+01
1.363425735166143049e+01
1.156244577056221523e+01
1.488434347843123184e+01
1.551264883747923129e+01
1.413855043925722121e+01
9.965574970333758387e+00
1.105581278308273596e+01
9.373021315815206478e+00
1.484151074652385738e+01
9.772050238058398008e+00
1.276615297284584649e+01
1.111324596323282954e+01
8.956231982162769611e+00
1.563528038089343752e+01
1.301310337505149661e+01
1.009253008808064145e+01
1.854116169711310036e+01
9.027033336764100468e+00
1.703815178355965898e+01
8.812923024107547576e+00
1.436192209445157708e+01
1.436192209445157708e+01
1.034176589165282145e+01
1.021790793990058255e+01
1.117038385124011413e+01
1.488434347843123184e+01
6.579524642479540830e+00
1.445030398768713376e+01
1.377362305878664728e+01
1.475547227809780537e+01
6.282549314314217703e+00
1.315904928495908166e+01
9.507891862878782518e+00
1.563528038089343752e+01
1.315904928495908166e+01
1.471226436021925466e+01
8.593479713983121826e+00
1.286550196516137312e+01
9.772050238058398008e+00
6.482044814428574497e+00
1.021790793990058255e+01
1.891508160359295942e+01
1.479855404066383784e+01
1.215301555949299761e+01
1.002925341359354938e+01
1.306193320280393344e+01
1.615593100600235843e+01
9.965574970333758387e+00
1.522266721510391640e+01
1.246335526484300615e+01
1.178062436274634450e+01
1.296408962885714899e+01
7.136496464611084889e+00
1.623454913941802857e+01
9.965574970333758387e+00
1.105581278308273596e+01
1.358748446131948917e+01
8.444016491289504600e+00
1.431752655671925822e+01
8.136857890256438353e+00
1.395727947504383337e+01
1.538904010394216471e+01
5.292567428401227403e+00
1.156244577056221523e+01
8.740387444736633427e+00
7.225151993843566878e+00
9.836981518731869656e+00
1.301310337505149661e+01
1.475547227809780537e+01
9.373021315815206478e+00
1.194164264288369282e+01
1.117038385124011413e+01
1.547155565579009817e+01
1.058513485680245481e+01
1.046415791390898242e+01
1.271618740744904485e+01
9.373021315815206478e+00
1.058513485680245481e+01
1.117038385124011413e+01
