1.311058116710494836e+01
7.978845608028653835e+00
8.593479713983121826e+00
1.225733520300188317e+01
1.225733520300188317e+01
1.058513485680245481e+01
1.230916348999737586e+01
1.291488987023529766e+01
1.335116235624909109e+01
1.058513485680245481e+01
1.330339418036568588e+01
1.281592373849173683e+01
9.836981518731869656e+00
9.373021315815206478e+00
1.034176589165282145e+01
1.236077446474206631e+01
1.251433034574463399e+01
1.286550196516137312e+01
1.204779266504070279e+01
1.349345229721172146e+01
1.150725478350318376e+01
1.484151074652385738e+01
1.547155565579009817e+01
1.404820733880128181e+01
9.965574970333758387e+00
1.117038385124011413e+01
9.373021315815206478e+00
1.466892917224166482e+01
9.772050238058398008e+00
1.271618740744904485e+01
1.111324596323282954e+01
9.166995688475081394e+00
1.501210842680413826e+01
1.281592373849173683e+01
1.009253008808064145e+01
1.836868202552426155e+01
9.236181543108379799e+00
1.688803298257900920e+01
9.373021315815206478e+00
1.436192209445157708e+01
1.413855043925722121e+01
1.034176589165282145e+01
1.034176589165282145e+01
1.117038385124011413e+01
1.479855404066383784e+01
7.312732791431452384e+00
1.418350619798065715e+01
1.377362305878664728e+01
7.046725639945927711e+00
1.436192209445157708e+01
1.315904928495908166e+01
9.772050238058398008e+00
1.547155565579009817e+01
1.286550196516137312e+01
1.466892917224166482e+01
9.097283682934460103e+00
1.281592373849173683e+01
9.772050238058398008e+00
7.312732791431452384e+00
1.058513485680245481e+01
1.864388360059940553e+01
1.466892917224166482e+01
1.220528683538465842e+01
1.009253008808064145e+01
1.301310337505149661e+01
1.547155565579009817e+01
9.440697438826296306e+00
5.170882945826410726e+00
1.505445578434700415e+01
1.236077446474206631e+01
1.194164264288369282e+01
1.286550196516137312e+01
8.058239062071395509e+00
1.599753570059363028e+01
1.009253008808064145e+01
1.105581278308273596e+01
1.339876023397903637e+01
8.667244841319218907e+00
1.427299292922216978e+01
8.136857890256438353e+00
1.391159267660409604e+01
1.522266721510391640e+01
6.955796338302048021e+00
1.156244577056221523e+01
9.027033336764100468e+00
7.898654169668588132e+00
9.640875829802336483e+00
1.271618740744904485e+01
1.422831991532699902e+01
9.373021315815206478e+00
1.194164264288369282e+01
1.117038385124011413e+01
1.543035303761632804e+01
1.058513485680245481e+01
1.058513485680245481e+01
1.236077446474206631e+01
9.373021315815206478e+00
1.058513485680245481e+01
5.170882945826410726e+00
1.117038385124011413e+01
