1.296408962885714899e+01
8.136857890256438353e+00
8.884866446580955923e+00
1.194164264288369282e+01
1.194164264288369282e+01
1.058513485680245481e+01
1.220528683538465842e+01
1.291488987023529766e+01
5.046265044040320724e+00
1.330339418036568588e+01
1.058513485680245481e+01
1.315904928495908166e+01
1.256509862862843541e+01
9.507891862878782518e+00
5.753627391751591880e+00
9.373021315815206478e+00
1.034176589165282145e+01
1.236077446474206631e+01
1.246335526484300615e+01
1.236077446474206631e+01
1.178062436274634450e+01
1.320733953636073110e+01
1.134007028277388685e+01
1.475547227809780537e+01
1.538904010394216471e+01
1.395727947504383337e+01
9.965574970333758387e+00
5.753627391751591880e+00
1.099807968464679142e+01
9.507891862878782518e+00
1.400281721259029588e+01
3.385137501286537898e+00
9.901487006738307173e+00
1.266602473693425601e+01
1.111324596323282954e+01
9.574614729634383536e+00
1.492705330360461602e+01
1.271618740744904485e+01
1.052482020710848865e+01
1.805406667352820094e+01
9.373021315815206478e+00
1.646815177937675045e+01
9.373021315815206478e+00
1.436192209445157708e+01
1.413855043925722121e+01
1.034176589165282145e+01
1.046415791390898242e+01
1.117038385124011413e+01
1.466892917224166482e+01
8.136857890256438353e+00
1.381976597885341995e+01
1.377362305878664728e+01
7.046725639945927711e+00
1.418350619798065715e+01
1.315904928495908166e+01
3.742410318509555189e+00
9.772050238058398008e+00
1.543035303761632804e+01
1.276615297284584649e+01
1.449429283826230197e+01
9.166995688475081394e+00
1.276615297284584649e+01
9.965574970333758387e+00
7.978845608028653835e+00
1.064510777218481152e+01
1.840330728156092377e+01
1.458187244392064308e+01
1.225733520300188317e+01
1.009253008808064145e+01
1.296408962885714899e+01
1.513879513212096128e+01
9.373021315815206478e+00
6.579524642479540830e+00
1.479855404066383784e+01
1.236077446474206631e+01
1.194164264288369282e+01
1.276615297284584649e+01
8.136857890256438353e+00
1.583755632390385770e+01
1.009253008808064145e+01
1.105581278308273596e+01
1.335116235624909109e+01
9.027033336764100468e+00
1.427299292922216978e+01
7.898654169668588132e+00
1.381976597885341995e+01
1.488434347843123184e+01
7.569397566060480642e+00
5.411516379806009525e+00
1.156244577056221523e+01
9.097283682934460103e+00
8.214724333230154940e+00
9.507891862878782518e+00
1.225733520300188317e+01
1.354055000514615159e+01
9.373021315815206478e+00
1.183454054540639433e+01
1.117038385124011413e+01
1.534761596392107741e+01
1.058513485680245481e+01
1.058513485680245481e+01
1.220528683538465842e+01
9.507891862878782518e+00
3.385137501286537898e+00
6.770275002573075795e+00
1.058513485680245481e+01
1.117038385124011413e+01
