1.296408962885714899e+01
8.136857890256438353e+00
8.956231982162769611e+00
1.178062436274634450e+01
1.183454054540639433e+01
1.058513485680245481e+01
1.220528683538465842e+01
1.296408962885714899e+01
5.753627391751591880e+00
1.325545386523797831e+01
1.058513485680245481e+01
1.315904928495908166e+01
1.246335526484300615e+01
9.507891862878782518e+00
5.753627391751591880e+00
9.373021315815206478e+00
1.034176589165282145e+01
1.236077446474206631e+01
1.251433034574463399e+01
1.236077446474206631e+01
1.178062436274634450e+01
1.315904928495908166e+01
1.128379167095512514e+01
1.475547227809780537e+01
1.538904010394216471e+01
1.386575534383213970e+01
9.965574970333758387e+00
5.753627391751591880e+00
1.082303275961201905e+01
9.706684619910241452e+00
1.395727947504383337e+01
4.222008245644752300e+00
9.901487006738307173e+00
1.261566261010080048e+01
1.111324596323282954e+01
9.574614729634383536e+00
1.479855404066383784e+01
1.266602473693425601e+01
1.052482020710848865e+01
1.798340469329240676e+01
9.373021315815206478e+00
1.642944866646030988e+01
9.373021315815206478e+00
1.436192209445157708e+01
1.413855043925722121e+01
1.028002345391383443e+01
1.046415791390898242e+01
1.117038385124011413e+01
1.445030398768713376e+01
8.136857890256438353e+00
1.368087033328175828e+01
1.377362305878664728e+01
7.046725639945927711e+00
1.413855043925722121e+01
1.315904928495908166e+01
4.513516668382050234e+00
9.772050238058398008e+00
1.543035303761632804e+01
1.276615297284584649e+01
1.440618081907316395e+01
9.304852983362556174e+00
1.276615297284584649e+01
9.965574970333758387e+00
8.136857890256438353e+00
1.064510777218481152e+01
1.826441241104166124e+01
1.449429283826230197e+01
1.230916348999737586e+01
1.009253008808064145e+01
1.296408962885714899e+01
1.509668435477122017e+01
9.373021315815206478e+00
6.675581178124545545e+00
1.475547227809780537e+01
1.236077446474206631e+01
1.194164264288369282e+01
1.276615297284584649e+01
8.136857890256438353e+00
1.579730833933717626e+01
1.009253008808064145e+01
1.105581278308273596e+01
1.335116235624909109e+01
9.027033336764100468e+00
1.422831991532699902e+01
7.978845608028653835e+00
1.372732503515539548e+01
1.488434347843123184e+01
7.735777827895049086e+00
5.753627391751591880e+00
1.156244577056221523e+01
9.097283682934460103e+00
8.214724333230154940e+00
9.507891862878782518e+00
1.220528683538465842e+01
1.339876023397903637e+01
9.373021315815206478e+00
1.183454054540639433e+01
1.117038385124011413e+01
1.530607971465162365e+01
1.058513485680245481e+01
1.058513485680245481e+01
1.220528683538465842e+01
9.574614729634383536e+00
4.370193722368316713e+00
6.955796338302048021e+00
1.058513485680245481e+01
1.117038385124011413e+01
