1.261566261010080048e+01
8.812923024107547576e+00
9.373021315815206478e+00
1.178062436274634450e+01
1.178062436274634450e+01
1.058513485680245481e+01
7.569397566060480642e+00
1.199483507827737583e+01
1.296408962885714899e+01
1.311058116710494836e+01
1.058513485680245481e+01
1.286550196516137312e+01
1.236077446474206631e+01
9.373021315815206478e+00
7.484820637019110379e+00
9.574614729634383536e+00
1.028002345391383443e+01
1.220528683538465842e+01
1.236077446474206631e+01
1.225733520300188317e+01
1.178062436274634450e+01
1.296408962885714899e+01
1.105581278308273596e+01
1.458187244392064308e+01
1.518078909665319287e+01
1.330339418036568588e+01
1.009253008808064145e+01
7.978845608028653835e+00
1.058513485680245481e+01
9.836981518731869656e+00
7.484820637019110379e+00
1.330339418036568588e+01
9.965574970333758387e+00
1.261566261010080048e+01
1.009253008808064145e+01
1.058513485680245481e+01
1.449429283826230197e+01
5.292567428401227403e+00
1.246335526484300615e+01
1.052482020710848865e+01
4.652426491681278087e+00
9.836981518731869656e+00
1.696325844612841038e+01
9.373021315815206478e+00
1.526443044094783019e+01
1.409345127989185542e+01
1.413855043925722121e+01
1.046415791390898242e+01
1.058513485680245481e+01
1.117038385124011413e+01
9.097283682934460103e+00
1.422831991532699902e+01
1.256509862862843541e+01
1.377362305878664728e+01
7.569397566060480642e+00
7.484820637019110379e+00
1.377362305878664728e+01
1.315904928495908166e+01
9.965574970333758387e+00
6.955796338302048021e+00
1.501210842680413826e+01
1.246335526484300615e+01
1.391159267660409604e+01
9.373021315815206478e+00
5.527906391541367981e+00
1.251433034574463399e+01
1.009253008808064145e+01
8.291859587312051971e+00
1.076405121554611632e+01
1.427299292922216978e+01
1.711271735549580697e+01
1.230916348999737586e+01
1.046415791390898242e+01
1.296408962885714899e+01
1.436192209445157708e+01
9.373021315815206478e+00
8.136857890256438353e+00
1.453814859003845150e+01
1.236077446474206631e+01
1.194164264288369282e+01
9.166995688475081394e+00
1.256509862862843541e+01
1.538904010394216471e+01
1.015541250385961369e+01
1.117038385124011413e+01
1.330339418036568588e+01
9.236181543108379799e+00
1.372732503515539548e+01
8.136857890256438353e+00
1.315904928495908166e+01
1.404820733880128181e+01
8.740387444736633427e+00
7.653039857325811823e+00
1.167204486311898926e+01
9.373021315815206478e+00
8.740387444736633427e+00
9.373021315815206478e+00
6.770275002573075795e+00
1.178062436274634450e+01
3.568248232305542444e+00
1.236077446474206631e+01
9.373021315815206478e+00
1.145179781116143225e+01
1.117038385124011413e+01
1.462546558286290477e+01
1.009253008808064145e+01
1.058513485680245481e+01
1.178062436274634450e+01
9.373021315815206478e+00
7.653039857325811823e+00
8.136857890256438353e+00
1.058513485680245481e+01
1.117038385124011413e+01
