1.156244577056221523e+01
9.373021315815206478e+00
3.568248232305542444e+00
9.574614729634383536e+00
1.150725478350318376e+01
8.444016491289504600e+00
1.117038385124011413e+01
1.040314189572019821e+01
1.058513485680245481e+01
1.215301555949299761e+01
7.978845608028653835e+00
1.178062436274634450e+01
1.058513485680245481e+01
1.188821220645068522e+01
1.134007028277388685e+01
8.593479713983121826e+00
8.812923024107547576e+00
6.383076486422923246e+00
9.373021315815206478e+00
6.579524642479540830e+00
4.652426491681278087e+00
8.884866446580955923e+00
1.117038385124011413e+01
4.513516668382050234e+00
1.178062436274634450e+01
1.156244577056221523e+01
1.167204486311898926e+01
1.286550196516137312e+01
7.312732791431452384e+00
1.076405121554611632e+01
7.898654169668588132e+00
1.296408962885714899e+01
1.311058116710494836e+01
1.156244577056221523e+01
9.574614729634383536e+00
5.170882945826410726e+00
8.740387444736633427e+00
1.009253008808064145e+01
8.740387444736633427e+00
8.740387444736633427e+00
6.955796338302048021e+00
1.215301555949299761e+01
9.965574970333758387e+00
1.236077446474206631e+01
4.513516668382050234e+00
1.058513485680245481e+01
5.753627391751591880e+00
9.965574970333758387e+00
8.740387444736633427e+00
1.372732503515539548e+01
1.070474469691662733e+01
7.653039857325811823e+00
1.034176589165282145e+01
9.965574970333758387e+00
1.509668435477122017e+01
5.292567428401227403e+00
9.373021315815206478e+00
1.368087033328175828e+01
1.368087033328175828e+01
1.330339418036568588e+01
1.058513485680245481e+01
1.058513485680245481e+01
1.117038385124011413e+01
9.373021315815206478e+00
1.386575534383213970e+01
1.070474469691662733e+01
8.368283871884004910e+00
8.214724333230154940e+00
1.349345229721172146e+01
1.251433034574463399e+01
4.513516668382050234e+00
1.261566261010080048e+01
8.740387444736633427e+00
9.373021315815206478e+00
1.256509862862843541e+01
1.236077446474206631e+01
6.383076486422923246e+00
6.282549314314217703e+00
1.335116235624909109e+01
8.740387444736633427e+00
7.484820637019110379e+00
6.863662517577697741e+00
8.136857890256438353e+00
9.772050238058398008e+00
1.117038385124011413e+01
8.444016491289504600e+00
1.111324596323282954e+01
6.180387232371033157e+00
4.652426491681278087e+00
1.354055000514615159e+01
1.466892917224166482e+01
1.070474469691662733e+01
1.058513485680245481e+01
1.172646028567007725e+01
6.863662517577697741e+00
8.740387444736633427e+00
9.574614729634383536e+00
1.335116235624909109e+01
1.418350619798065715e+01
1.210051848659980855e+01
1.122723095552866468e+01
9.166995688475081394e+00
1.183454054540639433e+01
6.383076486422923246e+00
1.431752655671925822e+01
1.058513485680245481e+01
1.094004191971426110e+01
1.954410047611679691e+00
9.373021315815206478e+00
1.178062436274634450e+01
1.320733953636073110e+01
8.444016491289504600e+00
1.215301555949299761e+01
1.225733520300188317e+01
6.482044814428574497e+00
8.884866446580955923e+00
8.740387444736633427e+00
1.145179781116143225e+01
9.373021315815206478e+00
8.740387444736633427e+00
9.373021315815206478e+00
8.136857890256438353e+00
7.898654169668588132e+00
1.117038385124011413e+01
1.167204486311898926e+01
9.373021315815206478e+00
6.180387232371033157e+00
1.111324596323282954e+01
1.002925341359354938e+01
1.413855043925722121e+01
9.965574970333758387e+00
9.965574970333758387e+00
1.117038385124011413e+01
8.812923024107547576e+00
8.740387444736633427e+00
8.291859587312051971e+00
7.653039857325811823e+00
1.058513485680245481e+01
1.099807968464679142e+01
6.482044814428574497e+00
