1.220528683538465842e+01
9.373021315815206478e+00
9.373021315815206478e+00
1.178062436274634450e+01
1.178062436274634450e+01
8.136857890256438353e+00
1.058513485680245481e+01
1.139607097042601680e+01
1.256509862862843541e+01
1.311058116710494836e+01
5.527906391541367981e+00
1.058513485680245481e+01
1.210051848659980855e+01
1.225733520300188317e+01
9.373021315815206478e+00
8.291859587312051971e+00
9.373021315815206478e+00
3.191538243211461623e+00
9.166995688475081394e+00
1.188821220645068522e+01
1.236077446474206631e+01
1.178062436274634450e+01
1.178062436274634450e+01
1.296408962885714899e+01
6.282549314314217703e+00
1.099807968464679142e+01
1.404820733880128181e+01
5.970821321441846408e+00
1.427299292922216978e+01
1.261566261010080048e+01
9.640875829802336483e+00
8.291859587312051971e+00
1.058513485680245481e+01
9.027033336764100468e+00
8.368283871884004910e+00
6.076507779746498805e+00
1.291488987023529766e+01
9.965574970333758387e+00
1.246335526484300615e+01
1.009253008808064145e+01
1.009253008808064145e+01
7.312732791431452384e+00
1.413855043925722121e+01
1.199483507827737583e+01
6.955796338302048021e+00
1.052482020710848865e+01
9.965574970333758387e+00
1.635176762293251684e+01
9.373021315815206478e+00
1.466892917224166482e+01
1.386575534383213970e+01
1.395727947504383337e+01
1.058513485680245481e+01
1.058513485680245481e+01
1.117038385124011413e+01
9.373021315815206478e+00
1.404820733880128181e+01
1.204779266504070279e+01
8.136857890256438353e+00
8.136857890256438353e+00
1.377362305878664728e+01
1.363425735166143049e+01
1.306193320280393344e+01
8.136857890256438353e+00
9.574614729634383536e+00
1.377362305878664728e+01
1.236077446474206631e+01
1.368087033328175828e+01
9.373021315815206478e+00
7.136496464611084889e+00
1.236077446474206631e+01
6.863662517577697741e+00
3.908820095223359381e+00
1.009253008808064145e+01
8.740387444736633427e+00
1.099807968464679142e+01
1.418350619798065715e+01
1.673656774376800982e+01
1.117038385124011413e+01
1.058513485680245481e+01
1.296408962885714899e+01
1.386575534383213970e+01
8.740387444736633427e+00
9.373021315815206478e+00
1.436192209445157708e+01
1.236077446474206631e+01
1.199483507827737583e+01
9.236181543108379799e+00
1.230916348999737586e+01
1.530607971465162365e+01
1.058513485680245481e+01
1.117038385124011413e+01
1.320733953636073110e+01
9.373021315815206478e+00
8.593479713983121826e+00
1.349345229721172146e+01
1.266602473693425601e+01
1.344618962205996482e+01
9.027033336764100468e+00
8.136857890256438353e+00
1.161737456321036532e+01
9.373021315815206478e+00
9.027033336764100468e+00
9.373021315815206478e+00
7.484820637019110379e+00
1.178062436274634450e+01
6.863662517577697741e+00
1.178062436274634450e+01
9.373021315815206478e+00
1.117038385124011413e+01
1.099807968464679142e+01
1.449429283826230197e+01
9.965574970333758387e+00
1.040314189572019821e+01
1.178062436274634450e+01
9.236181543108379799e+00
8.136857890256438353e+00
8.291859587312051971e+00
5.292567428401227403e+00
1.064510777218481152e+01
1.117038385124011413e+01
