1.296408962885714899e+01
8.368283871884004910e+00
9.097283682934460103e+00
1.178062436274634450e+01
1.178062436274634450e+01
1.058513485680245481e+01
1.215301555949299761e+01
1.296408962885714899e+01
5.753627391751591880e+00
1.325545386523797831e+01
1.058513485680245481e+01
1.315904928495908166e+01
1.236077446474206631e+01
9.507891862878782518e+00
5.970821321441846408e+00
9.373021315815206478e+00
1.034176589165282145e+01
1.236077446474206631e+01
1.256509862862843541e+01
1.236077446474206631e+01
1.178062436274634450e+01
1.311058116710494836e+01
1.117038385124011413e+01
1.475547227809780537e+01
1.538904010394216471e+01
1.377362305878664728e+01
9.965574970333758387e+00
6.482044814428574497e+00
1.064510777218481152e+01
9.772050238058398008e+00
1.381976597885341995e+01
5.411516379806009525e+00
9.901487006738307173e+00
1.261566261010080048e+01
1.105581278308273596e+01
9.640875829802336483e+00
1.479855404066383784e+01
1.261566261010080048e+01
1.052482020710848865e+01
1.784124116152771222e+01
9.574614729634383536e+00
1.631278838364701755e+01
9.373021315815206478e+00
1.431752655671925822e+01
1.413855043925722121e+01
1.028002345391383443e+01
1.058513485680245481e+01
1.117038385124011413e+01
8.444016491289504600e+00
1.445030398768713376e+01
1.349345229721172146e+01
1.377362305878664728e+01
7.225151993843566878e+00
1.400281721259029588e+01
5.527906391541367981e+00
1.315904928495908166e+01
9.901487006738307173e+00
3.568248232305542444e+00
1.530607971465162365e+01
1.271618740744904485e+01
1.422831991532699902e+01
9.166995688475081394e+00
1.276615297284584649e+01
9.965574970333758387e+00
8.368283871884004910e+00
1.070474469691662733e+01
1.815954410458608237e+01
1.440618081907316395e+01
1.230916348999737586e+01
1.009253008808064145e+01
1.296408962885714899e+01
1.496964127403822076e+01
9.373021315815206478e+00
7.225151993843566878e+00
1.479855404066383784e+01
1.236077446474206631e+01
1.194164264288369282e+01
1.276615297284584649e+01
8.444016491289504600e+00
1.567594437773643001e+01
1.009253008808064145e+01
1.105581278308273596e+01
1.335116235624909109e+01
9.027033336764100468e+00
1.400281721259029588e+01
7.978845608028653835e+00
1.363425735166143049e+01
1.479855404066383784e+01
7.898654169668588132e+00
6.675581178124545545e+00
1.156244577056221523e+01
9.097283682934460103e+00
8.368283871884004910e+00
9.373021315815206478e+00
1.210051848659980855e+01
1.320733953636073110e+01
9.373021315815206478e+00
1.183454054540639433e+01
1.117038385124011413e+01
1.526443044094783019e+01
1.058513485680245481e+01
1.058513485680245481e+01
1.210051848659980855e+01
9.373021315815206478e+00
5.292567428401227403e+00
6.955796338302048021e+00
1.058513485680245481e+01
1.117038385124011413e+01
