1.368087033328175828e+01
4.068428945128219176e+00
7.136496464611084889e+00
1.276615297284584649e+01
1.271618740744904485e+01
1.320733953636073110e+01
1.058513485680245481e+01
1.296408962885714899e+01
1.335116235624909109e+01
1.058513485680245481e+01
1.368087033328175828e+01
1.296408962885714899e+01
9.901487006738307173e+00
9.373021315815206478e+00
1.028002345391383443e+01
1.236077446474206631e+01
1.271618740744904485e+01
1.306193320280393344e+01
1.215301555949299761e+01
1.358748446131948917e+01
1.150725478350318376e+01
1.492705330360461602e+01
1.587770228520368221e+01
1.436192209445157708e+01
9.965574970333758387e+00
1.070474469691662733e+01
8.956231982162769611e+00
1.488434347843123184e+01
9.373021315815206478e+00
1.286550196516137312e+01
1.117038385124011413e+01
7.399277020331918919e+00
1.603728119216292924e+01
1.315904928495908166e+01
9.574614729634383536e+00
1.881384047546846006e+01
8.136857890256438353e+00
1.794796937867891984e+01
8.444016491289504600e+00
1.436192209445157708e+01
1.440618081907316395e+01
1.028002345391383443e+01
9.901487006738307173e+00
1.178062436274634450e+01
1.488434347843123184e+01
1.479855404066383784e+01
1.377362305878664728e+01
1.555363345008750464e+01
1.315904928495908166e+01
4.068428945128219176e+00
9.373021315815206478e+00
1.595769121605730767e+01
1.395727947504383337e+01
1.501210842680413826e+01
7.225151993843566878e+00
1.296408962885714899e+01
9.373021315815206478e+00
1.021790793990058255e+01
1.977080019204318972e+01
1.496964127403822076e+01
1.215301555949299761e+01
9.965574970333758387e+00
1.306193320280393344e+01
1.669848676668040710e+01
9.965574970333758387e+00
1.543035303761632804e+01
1.256509862862843541e+01
1.172646028567007725e+01
1.368087033328175828e+01
3.908820095223359381e+00
1.650676414605009157e+01
9.574614729634383536e+00
1.094004191971426110e+01
1.386575534383213970e+01
7.817640190446718762e+00
1.436192209445157708e+01
6.955796338302048021e+00
1.635176762293251684e+01
1.418350619798065715e+01
1.156244577056221523e+01
7.898654169668588132e+00
9.901487006738307173e+00
1.315904928495908166e+01
4.918490759365934828e+00
1.587770228520368221e+01
9.097283682934460103e+00
1.194164264288369282e+01
1.117038385124011413e+01
1.583755632390385770e+01
1.058513485680245481e+01
1.040314189572019821e+01
1.281592373849173683e+01
9.166995688475081394e+00
1.058513485680245481e+01
1.134007028277388685e+01
