1.276615297284584649e+01
8.812923024107547576e+00
9.373021315815206478e+00
1.178062436274634450e+01
1.178062436274634450e+01
1.058513485680245481e+01
7.046725639945927711e+00
1.204779266504070279e+01
1.296408962885714899e+01
1.315904928495908166e+01
1.058513485680245481e+01
1.301310337505149661e+01
1.236077446474206631e+01
9.640875829802336483e+00
7.312732791431452384e+00
9.574614729634383536e+00
1.034176589165282145e+01
1.236077446474206631e+01
1.246335526484300615e+01
1.236077446474206631e+01
1.178062436274634450e+01
1.296408962885714899e+01
1.117038385124011413e+01
1.462546558286290477e+01
1.534761596392107741e+01
1.363425735166143049e+01
9.965574970333758387e+00
7.484820637019110379e+00
1.058513485680245481e+01
9.772050238058398008e+00
7.225151993843566878e+00
1.354055000514615159e+01
9.965574970333758387e+00
1.261566261010080048e+01
9.965574970333758387e+00
1.088169461344923583e+01
1.458187244392064308e+01
4.068428945128219176e+00
1.251433034574463399e+01
1.052482020710848865e+01
9.836981518731869656e+00
1.722396045987370883e+01
9.373021315815206478e+00
1.555363345008750464e+01
1.418350619798065715e+01
1.413855043925722121e+01
1.046415791390898242e+01
1.058513485680245481e+01
1.117038385124011413e+01
8.884866446580955923e+00
1.436192209445157708e+01
1.271618740744904485e+01
1.377362305878664728e+01
7.046725639945927711e+00
7.399277020331918919e+00
1.381976597885341995e+01
1.315904928495908166e+01
9.965574970333758387e+00
6.383076486422923246e+00
1.518078909665319287e+01
1.251433034574463399e+01
1.391159267660409604e+01
9.373021315815206478e+00
4.222008245644752300e+00
1.261566261010080048e+01
9.965574970333758387e+00
8.368283871884004910e+00
1.070474469691662733e+01
1.751715531361111644e+01
1.431752655671925822e+01
1.220528683538465842e+01
1.034176589165282145e+01
1.296408962885714899e+01
1.440618081907316395e+01
9.373021315815206478e+00
7.898654169668588132e+00
1.453814859003845150e+01
1.236077446474206631e+01
1.194164264288369282e+01
9.027033336764100468e+00
1.261566261010080048e+01
1.547155565579009817e+01
1.009253008808064145e+01
1.117038385124011413e+01
1.335116235624909109e+01
9.236181543108379799e+00
1.386575534383213970e+01
8.136857890256438353e+00
1.320733953636073110e+01
1.449429283826230197e+01
8.444016491289504600e+00
7.312732791431452384e+00
1.167204486311898926e+01
9.236181543108379799e+00
8.740387444736633427e+00
9.373021315815206478e+00
1.178062436274634450e+01
6.076507779746498805e+00
1.246335526484300615e+01
9.373021315815206478e+00
1.194164264288369282e+01
1.117038385124011413e+01
1.484151074652385738e+01
1.040314189572019821e+01
1.058513485680245481e+01
1.183454054540639433e+01
9.373021315815206478e+00
7.046725639945927711e+00
8.136857890256438353e+00
1.058513485680245481e+01
1.117038385124011413e+01
