1.296408962885714899e+01
8.291859587312051971e+00
9.027033336764100468e+00
1.178062436274634450e+01
1.178062436274634450e+01
1.058513485680245481e+01
1.215301555949299761e+01
1.296408962885714899e+01
5.753627391751591880e+00
1.325545386523797831e+01
1.058513485680245481e+01
1.315904928495908166e+01
1.236077446474206631e+01
9.507891862878782518e+00
5.753627391751591880e+00
9.373021315815206478e+00
1.034176589165282145e+01
1.236077446474206631e+01
1.256509862862843541e+01
1.236077446474206631e+01
1.178062436274634450e+01
1.315904928495908166e+01
1.117038385124011413e+01
1.475547227809780537e+01
1.538904010394216471e+01
1.377362305878664728e+01
9.965574970333758387e+00
6.076507779746498805e+00
1.076405121554611632e+01
9.706684619910241452e+00
1.391159267660409604e+01
4.918490759365934828e+00
9.901487006738307173e+00
1.256509862862843541e+01
1.105581278308273596e+01
9.640875829802336483e+00
1.479855404066383784e+01
1.261566261010080048e+01
1.052482020710848865e+01
1.787688803255549530e+01
9.574614729634383536e+00
1.635176762293251684e+01
9.373021315815206478e+00
1.436192209445157708e+01
1.413855043925722121e+01
1.028002345391383443e+01
1.046415791390898242e+01
1.117038385124011413e+01
8.291859587312051971e+00
1.445030398768713376e+01
1.354055000514615159e+01
1.377362305878664728e+01
7.136496464611084889e+00
1.413855043925722121e+01
1.315904928495908166e+01
4.918490759365934828e+00
9.901487006738307173e+00
1.534761596392107741e+01
1.276615297284584649e+01
1.431752655671925822e+01
9.166995688475081394e+00
1.276615297284584649e+01
9.965574970333758387e+00
8.136857890256438353e+00
1.070474469691662733e+01
1.819456736586892021e+01
1.440618081907316395e+01
1.236077446474206631e+01
1.009253008808064145e+01
1.296408962885714899e+01
1.509668435477122017e+01
9.373021315815206478e+00
6.863662517577697741e+00
1.475547227809780537e+01
1.236077446474206631e+01
1.194164264288369282e+01
1.276615297284584649e+01
8.291859587312051971e+00
1.571650316319191809e+01
1.009253008808064145e+01
1.105581278308273596e+01
1.335116235624909109e+01
9.027033336764100468e+00
1.418350619798065715e+01
7.978845608028653835e+00
1.368087033328175828e+01
1.484151074652385738e+01
7.898654169668588132e+00
5.970821321441846408e+00
1.156244577056221523e+01
9.097283682934460103e+00
8.368283871884004910e+00
9.373021315815206478e+00
1.210051848659980855e+01
1.335116235624909109e+01
9.373021315815206478e+00
1.183454054540639433e+01
1.117038385124011413e+01
1.530607971465162365e+01
1.058513485680245481e+01
1.058513485680245481e+01
1.215301555949299761e+01
9.574614729634383536e+00
4.918490759365934828e+00
6.955796338302048021e+00
1.058513485680245481e+01
1.117038385124011413e+01
