1.344618962205996482e+01
7.653039857325811823e+00
8.368283871884004910e+00
1.236077446474206631e+01
1.256509862862843541e+01
1.058513485680245481e+01
1.236077446474206631e+01
1.291488987023529766e+01
1.335116235624909109e+01
1.058513485680245481e+01
1.339876023397903637e+01
1.286550196516137312e+01
9.965574970333758387e+00
9.373021315815206478e+00
1.034176589165282145e+01
1.236077446474206631e+01
1.256509862862843541e+01
1.301310337505149661e+01
1.210051848659980855e+01
1.363425735166143049e+01
1.156244577056221523e+01
1.484151074652385738e+01
1.551264883747923129e+01
1.413855043925722121e+01
9.965574970333758387e+00
1.117038385124011413e+01
9.373021315815206478e+00
1.484151074652385738e+01
9.772050238058398008e+00
1.271618740744904485e+01
1.111324596323282954e+01
9.166995688475081394e+00
1.538904010394216471e+01
1.301310337505149661e+01
1.009253008808064145e+01
1.843786751347043307e+01
9.166995688475081394e+00
1.700074635581867355e+01
8.956231982162769611e+00
1.436192209445157708e+01
1.427299292922216978e+01
1.034176589165282145e+01
1.028002345391383443e+01
1.117038385124011413e+01
1.488434347843123184e+01
7.136496464611084889e+00
1.422831991532699902e+01
1.377362305878664728e+01
1.462546558286290477e+01
6.482044814428574497e+00
1.315904928495908166e+01
9.706684619910241452e+00
1.551264883747923129e+01
1.306193320280393344e+01
1.475547227809780537e+01
8.740387444736633427e+00
1.286550196516137312e+01
9.772050238058398008e+00
6.955796338302048021e+00
1.040314189572019821e+01
1.874604263163041296e+01
1.471226436021925466e+01
1.215301555949299761e+01
1.002925341359354938e+01
1.306193320280393344e+01
1.583755632390385770e+01
9.706684619910241452e+00
1.522266721510391640e+01
2.985410660720923204e+00
1.236077446474206631e+01
1.178062436274634450e+01
1.286550196516137312e+01
7.484820637019110379e+00
1.615593100600235843e+01
9.965574970333758387e+00
1.105581278308273596e+01
1.339876023397903637e+01
8.444016491289504600e+00
1.427299292922216978e+01
8.136857890256438353e+00
1.395727947504383337e+01
1.530607971465162365e+01
5.970821321441846408e+00
1.156244577056221523e+01
8.884866446580955923e+00
7.312732791431452384e+00
9.836981518731869656e+00
1.281592373849173683e+01
1.458187244392064308e+01
9.373021315815206478e+00
1.194164264288369282e+01
1.117038385124011413e+01
1.543035303761632804e+01
1.058513485680245481e+01
1.046415791390898242e+01
1.266602473693425601e+01
9.373021315815206478e+00
1.058513485680245481e+01
3.191538243211461623e+00
1.117038385124011413e+01
